40
0 6 49 94 33 45 66 6 47 68 88 89 61 89 47 69 37 33 73 79 23 92 44 22 8 86 17 62 92 82 51 8 87 99 53 71 95 70 77 42 
6 0 37 64 82 98 4 28 18 40 12 91 71 35 34 66 8 42 3 24 55 94 5 5 53 92 3 5 62 50 74 90 43 10 5 24 59 9 51 77 
49 37 0 100 15 19 22 49 52 87 56 45 41 32 99 34 36 3 86 79 58 42 93 7 15 82 49 77 39 72 35 47 74 63 98 88 81 20 88 33 
94 64 100 0 6 96 77 99 27 28 84 14 30 22 45 87 63 37 45 30 70 93 6 8 16 92 6 42 55 4 29 87 75 69 19 32 64 48 30 90 
33 82 15 6 0 75 14 55 56 35 99 95 97 87 39 78 57 84 83 16 51 27 74 92 81 29 21 67 3 89 38 34 4 37 64 93 63 29 99 18 
45 98 19 96 75 0 63 98 12 11 84 3 89 92 38 23 60 88 49 85 80 29 13 52 48 67 40 37 100 95 73 15 87 35 43 85 4 57 34 68 
66 4 22 77 14 63 0 68 70 70 56 61 7 78 72 94 27 56 25 7 20 76 6 86 67 42 86 61 14 52 99 48 95 36 52 51 69 71 70 38 
6 28 49 99 55 98 68 0 40 77 51 98 7 22 43 33 78 68 91 97 95 97 35 62 38 72 22 4 23 73 3 69 8 6 72 76 76 41 14 67 
47 18 52 27 56 12 70 40 0 18 64 64 24 37 7 8 14 26 50 63 20 98 97 81 88 20 55 91 42 27 93 11 34 51 82 61 26 74 26 93 
68 40 87 28 35 11 70 77 18 0 91 41 56 66 78 14 25 91 91 75 5 11 72 53 43 59 72 49 49 66 27 94 76 12 44 9 73 21 34 50 
88 12 56 84 99 84 56 51 64 91 0 13 77 91 21 42 68 86 67 10 77 41 15 39 64 19 33 23 43 82 23 8 60 16 35 24 11 43 48 32 
89 91 45 14 95 3 61 98 64 41 13 0 28 97 96 4 87 16 46 54 2 64 16 30 56 82 68 19 100 100 41 42 33 16 49 45 31 83 68 94 
61 71 41 30 97 89 7 7 24 56 77 28 0 77 15 25 5 11 20 60 50 88 57 55 89 20 70 70 75 51 37 46 51 88 38 44 73 53 45 17 
89 35 32 22 87 92 78 22 37 66 91 97 77 0 36 27 84 29 56 98 5 12 60 76 71 9 63 28 16 3 99 85 72 74 36 60 71 38 48 8 
47 34 99 45 39 38 72 43 7 78 21 96 15 36 0 33 20 61 77 36 96 56 71 76 63 20 80 74 79 7 96 40 70 75 55 24 74 91 96 99 
69 66 34 87 78 23 94 33 8 14 42 4 25 27 33 0 78 7 69 67 54 76 100 25 88 28 60 83 35 82 10 97 1 89 22 32 96 70 23 17 
37 8 36 63 57 60 27 78 14 25 68 87 5 84 20 78 0 44 29 40 69 19 87 67 97 94 87 15 99 15 66 24 2 94 35 37 28 17 46 77 
33 42 3 37 84 88 56 68 26 91 86 16 11 29 61 7 44 0 69 87 98 100 34 19 22 50 63 2 41 83 21 80 50 69 25 88 83 23 2 49 
73 3 86 45 83 49 25 91 50 91 67 46 20 56 77 69 29 69 0 98 4 94 33 92 73 1 37 49 69 75 99 21 8 17 94 9 31 96 50 14 
79 24 79 30 16 85 7 97 63 75 10 54 60 98 36 67 40 87 98 0 68 81 15 88 5 2 70 79 4 70 29 59 15 13 2 88 13 90 36 33 
23 55 58 70 51 80 20 95 20 5 77 2 50 5 96 54 69 98 4 68 0 65 86 53 72 3 99 81 33 46 82 98 13 14 12 100 70 14 21 48 
92 94 42 93 27 29 76 97 98 11 41 64 88 12 56 76 19 100 94 81 65 0 69 43 28 79 57 40 80 96 52 69 84 37 33 69 41 57 23 39 
44 5 93 6 74 13 6 35 97 72 15 16 57 60 71 100 87 34 33 15 86 69 0 89 56 84 70 53 48 35 17 47 4 30 68 3 98 62 31 28 
22 5 7 8 92 52 86 62 81 53 39 30 55 76 76 25 67 19 92 88 53 43 89 0 18 70 7 66 74 27 49 10 12 17 50 68 40 41 56 47 
8 53 15 16 81 48 67 38 88 43 64 56 89 71 63 88 97 22 73 5 72 28 56 18 0 24 77 51 72 63 67 70 66 96 89 68 45 50 98 24 
86 92 82 92 29 67 42 72 20 59 19 82 20 9 20 28 94 50 1 2 3 79 84 70 24 0 20 68 30 85 41 9 33 2 20 1 51 39 40 91 
17 3 49 6 21 40 86 22 55 72 33 68 70 63 80 60 87 63 37 70 99 57 70 7 77 20 0 46 38 67 74 89 90 36 55 59 1 3 48 20 
62 5 77 42 67 37 61 4 91 49 23 19 70 28 74 83 15 2 49 79 81 40 53 66 51 68 46 0 99 49 70 23 68 37 4 4 29 12 88 30 
92 62 39 55 3 100 14 23 42 49 43 100 75 16 79 35 99 41 69 4 33 80 48 74 72 30 38 99 0 83 89 32 73 80 75 18 18 41 43 58 
82 50 72 4 89 95 52 73 27 66 82 100 51 3 7 82 15 83 75 70 46 96 35 27 63 85 67 49 83 0 30 78 64 40 30 66 39 2 17 88 
51 74 35 29 38 73 99 3 93 27 23 41 37 99 96 10 66 21 99 29 82 52 17 49 67 41 74 70 89 30 0 71 39 7 59 42 11 39 6 98 
8 90 47 87 34 15 48 69 11 94 8 42 46 85 40 97 24 80 21 59 98 69 47 10 70 9 89 23 32 78 71 0 20 40 38 51 13 18 25 82 
87 43 74 75 4 87 95 8 34 76 60 33 51 72 70 1 2 50 8 15 13 84 4 12 66 33 90 68 73 64 39 20 0 87 17 25 44 46 54 7 
99 10 63 69 37 35 36 6 51 12 16 16 88 74 75 89 94 69 17 13 14 37 30 17 96 2 36 37 80 40 7 40 87 0 38 36 73 76 89 89 
53 5 98 19 64 43 52 72 82 44 35 49 38 36 55 22 35 25 94 2 12 33 68 50 89 20 55 4 75 30 59 38 17 38 0 63 59 79 70 17 
71 24 88 32 93 85 51 76 61 9 24 45 44 60 24 32 37 88 9 88 100 69 3 68 68 1 59 4 18 66 42 51 25 36 63 0 72 32 7 77 
95 59 81 64 63 4 69 76 26 73 11 31 73 71 74 96 28 83 31 13 70 41 98 40 45 51 1 29 18 39 11 13 44 73 59 72 0 29 26 69 
70 9 20 48 29 57 71 41 74 21 43 83 53 38 91 70 17 23 96 90 14 57 62 41 50 39 3 12 41 2 39 18 46 76 79 32 29 0 67 76 
77 51 88 30 99 34 70 14 26 34 48 68 45 48 96 23 46 2 50 36 21 23 31 56 98 40 48 88 43 17 6 25 54 89 70 7 26 67 0 81 
42 77 33 90 18 68 38 67 93 50 32 94 17 8 99 17 77 49 14 33 48 39 28 47 24 91 20 30 58 88 98 82 7 89 17 77 69 76 81 0 
