20
0 3 6 2 1 1 1 9 3 9 9 8 1 2 6 1 9 1 8 2 
3 0 6 2 4 4 10 5 9 3 4 7 1 10 1 8 1 3 1 1 
6 6 0 1 5 1 9 2 2 10 10 4 10 10 2 3 7 5 8 10 
2 2 1 0 4 3 9 8 6 7 1 5 7 10 7 9 10 7 9 6 
1 4 5 4 0 10 9 8 1 8 9 6 9 8 9 1 6 3 9 6 
1 4 1 3 10 0 8 3 6 8 10 2 8 4 10 7 10 10 9 8 
1 10 9 9 9 8 0 8 4 7 6 3 9 5 1 7 5 10 7 7 
9 5 2 8 8 3 8 0 6 10 7 3 9 9 8 6 8 1 3 3 
3 9 2 6 1 6 4 6 0 10 2 4 9 2 4 8 7 2 5 10 
9 3 10 7 8 8 7 10 10 0 3 1 2 9 7 4 5 3 1 6 
9 4 10 1 9 10 6 7 2 3 0 10 5 5 10 2 10 10 4 5 
8 7 4 5 6 2 3 3 4 1 10 0 2 3 6 8 3 7 1 2 
1 1 10 7 9 8 9 9 9 2 5 2 0 5 2 6 4 6 8 8 
2 10 10 10 8 4 5 9 2 9 5 3 5 0 4 4 3 1 8 5 
6 1 2 7 9 10 1 8 4 7 10 6 2 4 0 8 7 9 2 9 
1 8 3 9 1 7 7 6 8 4 2 8 6 4 8 0 10 4 8 3 
9 1 7 10 6 10 5 8 7 5 10 3 4 3 7 10 0 8 1 7 
1 3 5 7 3 10 10 1 2 3 10 7 6 1 9 4 8 0 5 8 
8 1 8 9 9 9 7 3 5 1 4 1 8 8 2 8 1 5 0 1 
2 1 10 6 6 8 7 3 10 6 5 2 8 5 9 3 7 8 1 0 
