50
0 61 34 100 53 13 6 45 25 39 34 63 37 51 32 93 15 61 89 61 58 92 83 35 39 36 81 18 29 11 67 55 24 100 55 28 65 12 72 41 2 57 55 38 60 86 31 74 46 71 
61 0 34 55 63 68 90 53 56 70 22 36 32 89 90 7 40 96 34 4 59 6 44 61 14 98 50 73 36 32 98 81 3 84 36 17 51 77 69 58 98 91 93 29 31 83 36 70 30 21 
34 34 0 26 89 26 69 1 92 19 50 16 54 34 14 34 36 97 21 4 99 49 24 57 46 14 1 27 96 83 14 66 65 34 91 5 12 11 5 3 29 6 70 82 39 83 68 26 31 40 
100 55 26 0 29 30 89 53 38 34 18 38 12 66 73 25 31 89 59 73 93 22 35 97 76 64 54 45 97 45 28 16 70 10 56 51 91 96 55 28 81 72 18 93 37 42 17 19 30 27 
53 63 89 29 0 43 22 100 78 70 75 93 23 20 89 19 99 57 89 60 12 91 51 7 45 30 87 68 47 31 57 88 48 27 69 26 70 90 78 99 59 52 91 34 23 31 52 73 87 92 
13 68 26 30 43 0 33 50 34 83 8 78 64 95 46 11 25 2 50 24 80 19 2 49 60 79 99 71 82 89 4 5 72 7 29 10 51 61 12 84 95 19 14 59 65 59 21 42 12 22 
6 90 69 89 22 33 0 17 91 92 18 92 52 48 90 22 82 31 77 38 54 35 66 63 37 27 26 21 73 45 34 83 61 44 55 2 7 29 19 49 20 88 40 71 88 30 44 69 12 20 
45 53 1 53 100 50 17 0 6 65 7 23 79 43 1 5 63 74 1 48 8 13 43 63 15 49 91 85 98 62 24 89 85 63 18 28 83 81 100 40 97 6 63 76 48 63 32 63 88 84 
25 56 92 38 78 34 91 6 0 10 96 96 5 10 62 53 52 98 2 13 22 91 97 36 60 77 19 41 76 58 89 81 20 64 28 35 47 90 22 82 52 17 78 8 26 91 12 29 89 14 
39 70 19 34 70 83 92 65 10 0 42 62 56 90 97 15 66 67 7 41 77 96 73 48 11 1 82 10 42 4 91 45 72 20 52 50 11 64 78 51 29 71 12 84 13 60 50 78 79 57 
34 22 50 18 75 8 18 7 96 42 0 71 55 4 43 54 66 95 36 75 89 91 66 33 62 37 37 63 47 52 41 49 32 63 60 15 75 72 64 53 2 72 75 8 27 17 61 93 64 48 
63 36 16 38 93 78 92 23 96 62 71 0 67 52 38 84 36 52 21 72 14 19 75 6 68 6 69 79 72 43 50 88 47 3 11 21 10 38 90 71 82 53 70 48 4 60 84 39 11 4 
37 32 54 12 23 64 52 79 5 56 55 67 0 63 76 74 89 82 41 47 2 20 18 44 21 5 91 24 16 11 85 5 100 7 86 4 77 85 7 36 20 98 98 75 12 25 49 100 58 89 
51 89 34 66 20 95 48 43 10 90 4 52 63 0 46 59 60 16 3 33 72 45 8 39 7 92 43 59 99 80 62 27 17 21 14 36 18 11 11 81 87 11 32 45 99 30 55 11 45 57 
32 90 14 73 89 46 90 1 62 97 43 38 76 46 0 43 16 53 50 7 60 93 49 18 91 81 31 17 97 51 82 84 20 92 94 100 31 4 32 27 55 61 81 17 57 90 11 24 42 12 
93 7 34 25 19 11 22 5 53 15 54 84 74 59 43 0 30 53 4 31 22 47 11 53 15 59 3 97 42 23 40 88 74 70 43 5 96 97 17 29 65 25 18 75 49 59 86 78 64 42 
15 40 36 31 99 25 82 63 52 66 66 36 89 60 16 30 0 60 85 88 22 37 2 80 40 98 74 14 90 61 87 59 3 44 7 52 60 35 16 85 52 43 85 62 28 14 25 69 74 62 
61 96 97 89 57 2 31 74 98 67 95 52 82 16 53 53 60 0 8 95 98 10 27 89 59 100 2 48 12 41 59 66 84 65 17 95 51 85 31 54 27 15 67 6 29 44 27 54 5 34 
89 34 21 59 89 50 77 1 2 7 36 21 41 3 50 4 85 8 0 100 2 95 26 43 6 77 96 53 88 36 63 54 19 79 22 66 29 6 96 34 32 11 1 90 91 44 16 44 48 1 
61 4 4 73 60 24 38 48 13 41 75 72 47 33 7 31 88 95 100 0 95 1 96 21 43 1 97 39 5 37 74 20 90 45 98 11 62 79 69 57 12 52 19 12 41 9 55 56 4 54 
58 59 99 93 12 80 54 8 22 77 89 14 2 72 60 22 22 98 2 95 0 9 99 55 4 71 97 56 19 87 12 55 13 31 44 9 81 7 70 59 75 26 22 26 97 34 19 5 40 26 
92 6 49 22 91 19 35 13 91 96 91 19 20 45 93 47 37 10 95 1 9 0 61 94 34 11 100 37 81 48 44 99 35 56 54 99 38 49 7 70 7 28 80 33 53 2 11 49 87 29 
83 44 24 35 51 2 66 43 97 73 66 75 18 8 49 11 2 27 26 96 99 61 0 6 26 54 18 71 88 28 22 76 60 70 20 58 56 27 63 54 16 64 12 86 70 39 65 55 43 18 
35 61 57 97 7 49 63 63 36 48 33 6 44 39 18 53 80 89 43 21 55 94 6 0 65 92 4 45 49 82 98 66 4 37 45 26 13 4 47 84 13 2 62 76 55 77 91 18 14 12 
39 14 46 76 45 60 37 15 60 11 62 68 21 7 91 15 40 59 6 43 4 34 26 65 0 56 31 66 98 48 82 41 4 26 89 85 24 6 40 12 2 65 24 5 11 7 70 64 68 97 
36 98 14 64 30 79 27 49 77 1 37 6 5 92 81 59 98 100 77 1 71 11 54 92 56 0 70 97 87 87 10 98 42 92 16 40 40 97 80 43 75 21 79 98 78 18 9 80 35 85 
81 50 1 54 87 99 26 91 19 82 37 69 91 43 31 3 74 2 96 97 97 100 18 4 31 70 0 36 97 43 57 61 63 53 30 59 39 17 20 89 10 64 56 49 3 52 81 97 78 53 
18 73 27 45 68 71 21 85 41 10 63 79 24 59 17 97 14 48 53 39 56 37 71 45 66 97 36 0 27 27 30 44 36 61 30 72 49 27 14 5 39 28 58 68 38 48 36 58 88 46 
29 36 96 97 47 82 73 98 76 42 47 72 16 99 97 42 90 12 88 5 19 81 88 49 98 87 97 27 0 21 43 46 75 47 26 23 24 78 49 51 60 44 38 20 74 9 20 52 74 25 
11 32 83 45 31 89 45 62 58 4 52 43 11 80 51 23 61 41 36 37 87 48 28 82 48 87 43 27 21 0 90 54 34 9 91 81 97 100 69 42 20 63 39 46 9 17 68 85 94 68 
67 98 14 28 57 4 34 24 89 91 41 50 85 62 82 40 87 59 63 74 12 44 22 98 82 10 57 30 43 90 0 35 5 12 24 25 37 84 44 88 57 20 29 10 53 89 1 34 85 100 
55 81 66 16 88 5 83 89 81 45 49 88 5 27 84 88 59 66 54 20 55 99 76 66 41 98 61 44 46 54 35 0 54 78 72 16 17 69 77 33 89 61 78 56 47 83 19 70 59 55 
24 3 65 70 48 72 61 85 20 72 32 47 100 17 20 74 3 84 19 90 13 35 60 4 4 42 63 36 75 34 5 54 0 53 54 94 61 74 74 71 78 63 23 63 99 74 16 77 97 84 
100 84 34 10 27 7 44 63 64 20 63 3 7 21 92 70 44 65 79 45 31 56 70 37 26 92 53 61 47 9 12 78 53 0 45 18 12 77 6 72 6 13 70 88 84 39 98 38 91 52 
55 36 91 56 69 29 55 18 28 52 60 11 86 14 94 43 7 17 22 98 44 54 20 45 89 16 30 30 26 91 24 72 54 45 0 84 51 77 9 73 6 71 47 69 70 73 36 98 21 71 
28 17 5 51 26 10 2 28 35 50 15 21 4 36 100 5 52 95 66 11 9 99 58 26 85 40 59 72 23 81 25 16 94 18 84 0 42 38 82 70 95 5 75 60 74 15 43 64 12 32 
65 51 12 91 70 51 7 83 47 11 75 10 77 18 31 96 60 51 29 62 81 38 56 13 24 40 39 49 24 97 37 17 61 12 51 42 0 54 15 15 57 43 24 81 49 46 28 17 67 52 
12 77 11 96 90 61 29 81 90 64 72 38 85 11 4 97 35 85 6 79 7 49 27 4 6 97 17 27 78 100 84 69 74 77 77 38 54 0 52 64 72 75 5 62 56 74 8 13 1 67 
72 69 5 55 78 12 19 100 22 78 64 90 7 11 32 17 16 31 96 69 70 7 63 47 40 80 20 14 49 69 44 77 74 6 9 82 15 52 0 86 15 9 2 78 93 55 93 7 63 87 
41 58 3 28 99 84 49 40 82 51 53 71 36 81 27 29 85 54 34 57 59 70 54 84 12 43 89 5 51 42 88 33 71 72 73 70 15 64 86 0 82 44 35 80 71 3 46 74 55 10 
2 98 29 81 59 95 20 97 52 29 2 82 20 87 55 65 52 27 32 12 75 7 16 13 2 75 10 39 60 20 57 89 78 6 6 95 57 72 15 82 0 45 81 66 58 36 92 66 48 44 
57 91 6 72 52 19 88 6 17 71 72 53 98 11 61 25 43 15 11 52 26 28 64 2 65 21 64 28 44 63 20 61 63 13 71 5 43 75 9 44 45 0 84 86 58 45 39 87 37 93 
55 93 70 18 91 14 40 63 78 12 75 70 98 32 81 18 85 67 1 19 22 80 12 62 24 79 56 58 38 39 29 78 23 70 47 75 24 5 2 35 81 84 0 79 95 56 66 29 99 52 
38 29 82 93 34 59 71 76 8 84 8 48 75 45 17 75 62 6 90 12 26 33 86 76 5 98 49 68 20 46 10 56 63 88 69 60 81 62 78 80 66 86 79 0 8 21 55 53 94 61 
60 31 39 37 23 65 88 48 26 13 27 4 12 99 57 49 28 29 91 41 97 53 70 55 11 78 3 38 74 9 53 47 99 84 70 74 49 56 93 71 58 58 95 8 0 14 90 41 32 48 
86 83 83 42 31 59 30 63 91 60 17 60 25 30 90 59 14 44 44 9 34 2 39 77 7 18 52 48 9 17 89 83 74 39 73 15 46 74 55 3 36 45 56 21 14 0 76 75 65 76 
31 36 68 17 52 21 44 32 12 50 61 84 49 55 11 86 25 27 16 55 19 11 65 91 70 9 81 36 20 68 1 19 16 98 36 43 28 8 93 46 92 39 66 55 90 76 0 18 48 13 
74 70 26 19 73 42 69 63 29 78 93 39 100 11 24 78 69 54 44 56 5 49 55 18 64 80 97 58 52 85 34 70 77 38 98 64 17 13 7 74 66 87 29 53 41 75 18 0 27 44 
46 30 31 30 87 12 12 88 89 79 64 11 58 45 42 64 74 5 48 4 40 87 43 14 68 35 78 88 74 94 85 59 97 91 21 12 67 1 63 55 48 37 99 94 32 65 48 27 0 51 
71 21 40 27 92 22 20 84 14 57 48 4 89 57 12 42 62 34 1 54 26 29 18 12 97 85 53 46 25 68 100 55 84 52 71 32 52 67 87 10 44 93 52 61 48 76 13 44 51 0 
