60
0 99 60 58 42 79 26 76 18 2 43 73 17 52 86 53 6 16 68 45 42 63 71 49 24 8 56 50 94 92 77 20 43 88 30 84 66 55 60 36 8 2 8 25 6 45 77 63 60 96 7 53 10 29 2 33 89 9 35 82 
99 0 52 11 54 94 99 83 30 16 89 89 51 97 42 10 21 99 54 49 62 66 45 20 18 6 49 71 39 37 31 25 70 83 35 23 28 33 57 57 1 46 97 51 42 39 13 62 89 18 62 50 83 6 22 53 12 70 75 2 
60 52 0 58 6 26 79 40 12 2 67 97 10 24 97 55 20 99 96 10 11 9 99 29 71 100 11 28 21 15 91 42 90 44 99 47 21 30 86 33 31 52 81 40 75 77 47 47 75 94 56 38 55 6 66 25 6 28 4 26 
58 11 58 0 95 47 20 84 42 18 30 63 99 67 47 81 18 27 21 45 3 19 91 29 12 98 66 66 4 83 42 61 63 98 38 57 44 57 40 85 27 21 99 25 87 45 6 56 23 78 100 77 96 42 6 59 92 23 25 47 
42 54 6 95 0 58 18 7 20 15 44 76 10 1 67 47 27 39 45 3 77 42 8 32 64 85 84 41 32 77 98 91 68 72 15 14 29 84 72 100 99 16 75 8 68 93 6 94 31 51 96 7 44 56 91 7 40 26 99 72 
79 94 26 47 58 0 2 48 62 22 20 28 87 100 11 59 52 61 74 78 21 41 71 26 86 53 28 33 12 71 88 2 30 80 79 80 3 32 28 16 53 99 95 40 50 5 50 1 18 75 79 38 15 49 63 52 53 91 36 64 
26 99 79 20 18 2 0 13 76 17 42 55 95 22 57 27 1 24 31 99 18 22 100 74 71 1 91 45 79 28 11 79 43 14 83 85 50 47 97 25 15 39 31 10 12 39 88 12 62 70 62 79 92 61 52 62 61 95 59 91 
76 83 40 84 7 48 13 0 74 69 21 16 35 4 52 84 2 49 60 16 39 90 77 50 28 16 61 89 86 74 19 77 34 22 90 47 16 48 89 90 69 62 57 3 65 9 38 18 57 97 33 47 86 62 96 13 77 8 53 14 
18 30 12 42 20 62 76 74 0 81 71 90 66 92 32 64 8 79 53 49 99 14 57 1 30 65 38 47 73 86 31 19 71 92 66 35 21 73 39 86 5 9 28 71 53 59 34 12 89 38 60 88 51 68 40 32 85 30 78 9 
2 16 2 18 15 22 17 69 81 0 15 61 80 38 4 45 24 76 18 63 62 74 71 89 44 75 99 30 86 87 67 97 26 70 65 66 53 49 47 31 57 13 43 36 50 46 33 74 22 2 88 35 75 10 23 71 85 21 100 70 
43 89 67 30 44 20 42 21 71 15 0 59 18 67 85 39 83 2 92 31 48 74 39 12 16 27 62 61 59 87 34 60 26 68 34 35 42 56 19 62 55 41 73 25 59 57 63 41 58 54 23 57 79 13 68 94 39 81 7 49 
73 89 97 63 76 28 55 16 90 61 59 0 19 40 8 44 8 94 79 49 49 49 63 56 89 35 80 47 43 94 39 52 100 61 60 78 74 27 72 64 60 78 13 30 17 72 74 76 65 4 77 66 52 91 73 93 77 52 91 19 
17 51 10 99 10 87 95 35 66 80 18 19 0 45 30 70 44 42 81 22 67 7 45 31 18 22 95 48 90 66 73 18 83 76 94 48 79 36 20 23 12 23 14 30 19 95 51 15 36 31 88 55 89 32 85 59 5 79 6 94 
52 97 24 67 1 100 22 4 92 38 67 40 45 0 96 78 63 78 5 56 77 35 91 48 58 54 70 23 83 41 17 85 55 4 67 94 58 8 25 94 66 81 24 23 26 20 52 89 49 56 44 26 42 87 73 99 40 95 73 75 
86 42 97 47 67 11 57 52 32 4 85 8 30 96 0 35 89 11 41 45 78 34 54 85 10 100 2 90 23 24 15 94 75 3 43 82 99 68 23 37 92 74 28 38 46 2 24 87 65 64 31 42 49 36 78 58 35 79 99 10 
53 10 55 81 47 59 27 84 64 45 39 44 70 78 35 0 54 14 55 28 68 97 61 18 16 83 54 60 8 82 97 54 35 21 40 99 84 22 92 85 9 69 42 44 99 41 5 4 6 59 83 25 8 43 43 23 78 96 82 85 
6 21 20 18 27 52 1 2 8 24 83 8 44 63 89 54 0 29 79 38 64 51 29 62 86 50 54 70 59 74 12 54 25 4 10 28 61 68 11 85 27 53 27 50 30 75 83 15 3 13 4 66 63 33 80 49 34 85 18 44 
16 99 99 27 39 61 24 49 79 76 2 94 42 78 11 14 29 0 58 81 97 82 36 58 10 96 78 20 33 4 24 59 53 6 85 88 20 88 100 75 5 63 7 36 63 93 20 32 36 30 13 85 11 48 42 72 96 19 43 28 
68 54 96 21 45 74 31 60 53 18 92 79 81 5 41 55 79 58 0 23 67 38 27 72 23 14 43 62 14 17 18 28 76 54 42 68 25 73 55 54 85 39 17 85 33 88 32 51 83 11 25 49 48 52 72 22 17 66 35 30 
45 49 10 45 3 78 99 16 49 63 31 49 22 56 45 28 38 81 23 0 34 5 9 9 10 50 28 34 75 35 40 59 73 56 95 5 43 26 8 25 88 32 25 36 35 48 9 52 13 96 33 99 100 94 59 9 95 39 94 69 
42 62 11 3 77 21 18 39 99 62 48 49 67 77 78 68 64 97 67 34 0 73 33 28 45 88 74 2 83 52 61 59 39 44 84 26 79 83 35 82 48 30 66 46 81 59 4 89 54 42 82 22 66 67 1 11 54 75 64 36 
63 66 9 19 42 41 22 90 14 74 74 49 7 35 34 97 51 82 38 5 73 0 78 24 95 16 19 30 94 49 12 80 30 11 9 48 56 41 6 12 81 11 5 14 85 71 80 85 33 34 11 48 21 88 23 15 56 41 96 1 
71 45 99 91 8 71 100 77 57 71 39 63 45 91 54 61 29 36 27 9 33 78 0 90 60 80 71 70 40 70 78 80 28 41 60 38 97 73 22 67 53 59 51 38 69 50 58 9 72 25 16 65 20 16 54 79 95 76 1 34 
49 20 29 29 32 26 74 50 1 89 12 56 31 48 85 18 62 58 72 9 28 24 90 0 46 78 65 73 18 24 62 14 48 36 33 52 94 35 89 14 85 47 22 56 23 89 20 42 56 25 73 2 53 73 35 50 2 51 74 19 
24 18 71 12 64 86 71 28 30 44 16 89 18 58 10 16 86 10 23 10 45 95 60 46 0 74 35 84 74 22 68 25 15 3 14 29 39 12 2 46 34 43 18 27 98 94 99 100 46 23 86 47 24 37 20 94 62 7 30 35 
8 6 100 98 85 53 1 16 65 75 27 35 22 54 100 83 50 96 14 50 88 16 80 78 74 0 80 97 60 95 51 25 23 89 36 76 87 21 18 4 47 16 97 98 67 95 20 52 93 96 88 65 89 2 23 18 36 2 67 47 
56 49 11 66 84 28 91 61 38 99 62 80 95 70 2 54 54 78 43 28 74 19 71 65 35 80 0 96 17 71 70 58 58 46 44 78 15 47 77 82 95 74 48 41 45 100 34 40 39 98 81 40 20 98 28 21 64 74 69 33 
50 71 28 66 41 33 45 89 47 30 61 47 48 23 90 60 70 20 62 34 2 30 70 73 84 97 96 0 45 38 90 2 35 33 80 2 31 8 83 77 81 31 18 77 82 51 69 20 48 49 12 19 98 39 91 14 12 59 46 8 
94 39 21 4 32 12 79 86 73 86 59 43 90 83 23 8 59 33 14 75 83 94 40 18 74 60 17 45 0 49 87 10 35 71 41 36 1 48 19 77 80 1 46 56 34 96 24 5 95 24 16 65 22 6 56 35 18 14 32 77 
92 37 15 83 77 71 28 74 86 87 87 94 66 41 24 82 74 4 17 35 52 49 70 24 22 95 71 38 49 0 14 18 86 49 88 26 84 40 25 54 68 4 6 14 12 39 9 87 44 56 11 11 20 32 17 75 18 86 41 49 
77 31 91 42 98 88 11 19 31 67 34 39 73 17 15 97 12 24 18 40 61 12 78 62 68 51 70 90 87 14 0 62 54 18 48 54 57 25 90 96 2 95 63 5 1 76 68 91 37 55 34 44 65 97 63 48 13 90 65 50 
20 25 42 61 91 2 79 77 19 97 60 52 18 85 94 54 54 59 28 59 59 80 80 14 25 25 58 2 10 18 62 0 82 65 11 87 34 10 41 90 87 30 85 88 24 99 44 76 27 12 67 15 66 52 58 82 48 72 29 12 
43 70 90 63 68 30 43 34 71 26 26 100 83 55 75 35 25 53 76 73 39 30 28 48 15 23 58 35 35 86 54 82 0 13 45 61 94 61 24 81 94 33 21 83 71 2 19 58 77 17 2 53 95 65 19 9 30 22 66 63 
88 83 44 98 72 80 14 22 92 70 68 61 76 4 3 21 4 6 54 56 44 11 41 36 3 89 46 33 71 49 18 65 13 0 22 38 43 33 50 87 46 96 99 69 76 44 53 48 78 24 1 96 33 77 64 86 29 59 50 99 
30 35 99 38 15 79 83 90 66 65 34 60 94 67 43 40 10 85 42 95 84 9 60 33 14 36 44 80 41 88 48 11 45 22 0 67 79 21 85 93 94 22 35 26 23 73 23 18 71 43 45 14 96 44 43 71 44 38 3 21 
84 23 47 57 14 80 85 47 35 66 35 78 48 94 82 99 28 88 68 5 26 48 38 52 29 76 78 2 36 26 54 87 61 38 67 0 54 89 49 12 90 100 30 21 72 14 13 65 87 48 42 62 20 65 79 43 7 76 8 54 
66 28 21 44 29 3 50 16 21 53 42 74 79 58 99 84 61 20 25 43 79 56 97 94 39 87 15 31 1 84 57 34 94 43 79 54 0 19 51 76 63 40 79 35 93 19 35 56 8 34 38 28 5 3 93 21 90 40 63 51 
55 33 30 57 84 32 47 48 73 49 56 27 36 8 68 22 68 88 73 26 83 41 73 35 12 21 47 8 48 40 25 10 61 33 21 89 19 0 11 79 81 53 37 56 13 91 27 63 18 41 54 48 75 47 66 61 54 26 95 91 
60 57 86 40 72 28 97 89 39 47 19 72 20 25 23 92 11 100 55 8 35 6 22 89 2 18 77 83 19 25 90 41 24 50 85 49 51 11 0 5 51 94 49 72 35 88 86 85 51 64 17 55 100 73 67 42 99 81 60 91 
36 57 33 85 100 16 25 90 86 31 62 64 23 94 37 85 85 75 54 25 82 12 67 14 46 4 82 77 77 54 96 90 81 87 93 12 76 79 5 0 35 59 65 33 25 25 86 2 71 29 58 22 74 7 45 60 46 30 96 96 
8 1 31 27 99 53 15 69 5 57 55 60 12 66 92 9 27 5 85 88 48 81 53 85 34 47 95 81 80 68 2 87 94 46 94 90 63 81 51 35 0 45 12 3 96 84 69 90 34 2 1 76 36 59 40 20 35 17 57 88 
2 46 52 21 16 99 39 62 9 13 41 78 23 81 74 69 53 63 39 32 30 11 59 47 43 16 74 31 1 4 95 30 33 96 22 100 40 53 94 59 45 0 39 37 46 12 10 4 8 21 1 37 16 49 33 28 51 29 63 71 
8 97 81 99 75 95 31 57 28 43 73 13 14 24 28 42 27 7 17 25 66 5 51 22 18 97 48 18 46 6 63 85 21 99 35 30 79 37 49 65 12 39 0 18 49 72 70 24 7 28 16 78 63 32 35 50 22 71 47 34 
25 51 40 25 8 40 10 3 71 36 25 30 30 23 38 44 50 36 85 36 46 14 38 56 27 98 41 77 56 14 5 88 83 69 26 21 35 56 72 33 3 37 18 0 33 50 41 53 51 30 69 99 62 96 1 42 58 71 11 6 
6 42 75 87 68 50 12 65 53 50 59 17 19 26 46 99 30 63 33 35 81 85 69 23 98 67 45 82 34 12 1 24 71 76 23 72 93 13 35 25 96 46 49 33 0 43 80 82 1 8 97 79 22 80 13 71 1 35 18 86 
45 39 77 45 93 5 39 9 59 46 57 72 95 20 2 41 75 93 88 48 59 71 50 89 94 95 100 51 96 39 76 99 2 44 73 14 19 91 88 25 84 12 72 50 43 0 67 19 27 20 21 8 88 71 21 35 71 63 92 94 
77 13 47 6 6 50 88 38 34 33 63 74 51 52 24 5 83 20 32 9 4 80 58 20 99 20 34 69 24 9 68 44 19 53 23 13 35 27 86 86 69 10 70 41 80 67 0 73 50 36 5 31 88 64 27 66 85 6 30 55 
63 62 47 56 94 1 12 18 12 74 41 76 15 89 87 4 15 32 51 52 89 85 9 42 100 52 40 20 5 87 91 76 58 48 18 65 56 63 85 2 90 4 24 53 82 19 73 0 58 17 24 44 83 95 22 54 67 29 41 38 
60 89 75 23 31 18 62 57 89 22 58 65 36 49 65 6 3 36 83 13 54 33 72 56 46 93 39 48 95 44 37 27 77 78 71 87 8 18 51 71 34 8 7 51 1 27 50 58 0 49 27 60 63 71 53 88 20 40 92 2 
96 18 94 78 51 75 70 97 38 2 54 4 31 56 64 59 13 30 11 96 42 34 25 25 23 96 98 49 24 56 55 12 17 24 43 48 34 41 64 29 2 21 28 30 8 20 36 17 49 0 28 55 80 45 39 37 27 45 94 43 
7 62 56 100 96 79 62 33 60 88 23 77 88 44 31 83 4 13 25 33 82 11 16 73 86 88 81 12 16 11 34 67 2 1 45 42 38 54 17 58 1 1 16 69 97 21 5 24 27 28 0 21 89 25 67 10 79 33 38 71 
53 50 38 77 7 38 79 47 88 35 57 66 55 26 42 25 66 85 49 99 22 48 65 2 47 65 40 19 65 11 44 15 53 96 14 62 28 48 55 22 76 37 78 99 79 8 31 44 60 55 21 0 22 39 50 82 1 20 34 88 
10 83 55 96 44 15 92 86 51 75 79 52 89 42 49 8 63 11 48 100 66 21 20 53 24 89 20 98 22 20 65 66 95 33 96 20 5 75 100 74 36 16 63 62 22 88 88 83 63 80 89 22 0 91 26 31 92 53 85 71 
29 6 6 42 56 49 61 62 68 10 13 91 32 87 36 43 33 48 52 94 67 88 16 73 37 2 98 39 6 32 97 52 65 77 44 65 3 47 73 7 59 49 32 96 80 71 64 95 71 45 25 39 91 0 97 75 59 23 72 4 
2 22 66 6 91 63 52 96 40 23 68 73 85 73 78 43 80 42 72 59 1 23 54 35 20 23 28 91 56 17 63 58 19 64 43 79 93 66 67 45 40 33 35 1 13 21 27 22 53 39 67 50 26 97 0 65 92 93 42 58 
33 53 25 59 7 52 62 13 32 71 94 93 59 99 58 23 49 72 22 9 11 15 79 50 94 18 21 14 35 75 48 82 9 86 71 43 21 61 42 60 20 28 50 42 71 35 66 54 88 37 10 82 31 75 65 0 2 72 42 92 
89 12 6 92 40 53 61 77 85 85 39 77 5 40 35 78 34 96 17 95 54 56 95 2 62 36 64 12 18 18 13 48 30 29 44 7 90 54 99 46 35 51 22 58 1 71 85 67 20 27 79 1 92 59 92 2 0 94 64 82 
9 70 28 23 26 91 95 8 30 21 81 52 79 95 79 96 85 19 66 39 75 41 76 51 7 2 74 59 14 86 90 72 22 59 38 76 40 26 81 30 17 29 71 71 35 63 6 29 40 45 33 20 53 23 93 72 94 0 43 45 
35 75 4 25 99 36 59 53 78 100 7 91 6 73 99 82 18 43 35 94 64 96 1 74 30 67 69 46 32 41 65 29 66 50 3 8 63 95 60 96 57 63 47 11 18 92 30 41 92 94 38 34 85 72 42 42 64 43 0 82 
82 2 26 47 72 64 91 14 9 70 49 19 94 75 10 85 44 28 30 69 36 1 34 19 35 47 33 8 77 49 50 12 63 99 21 54 51 91 91 96 88 71 34 6 86 94 55 38 2 43 71 88 71 4 58 92 82 45 82 0 
