100
0 39 39 12 29 29 41 65 99 44 87 87 52 4 87 38 58 98 58 60 63 91 58 29 25 55 23 38 55 59 54 41 49 44 52 77 24 44 41 23 40 27 61 91 83 47 80 92 96 90 3 10 32 61 39 56 15 13 45 21 23 98 61 71 93 64 47 17 8 39 91 99 18 51 41 52 49 20 43 44 9 45 53 92 5 43 48 71 55 92 44 77 42 4 99 34 68 45 2 27 
39 0 36 92 25 5 94 65 56 42 36 98 85 97 94 38 88 99 80 35 21 87 79 64 15 72 20 14 5 39 10 7 17 45 50 93 49 44 9 56 85 44 53 70 92 47 59 80 97 38 66 69 76 96 85 43 67 4 56 72 94 65 30 10 62 79 2 62 22 10 18 59 5 22 28 97 20 86 76 68 75 93 37 3 89 73 45 55 28 100 78 21 16 7 82 29 38 83 43 11 
39 36 0 44 12 69 48 33 96 44 5 33 71 72 8 64 60 10 52 84 6 58 11 5 36 83 72 94 64 1 31 98 43 42 41 54 10 89 38 58 32 94 90 55 66 49 18 77 10 21 61 15 78 23 71 13 6 43 7 21 95 89 19 89 30 59 42 92 99 31 1 83 25 42 37 42 91 54 70 52 26 82 19 3 57 89 68 14 83 74 34 77 14 52 65 44 63 58 87 13 
12 92 44 0 41 87 95 17 28 31 58 70 36 79 74 61 61 92 16 17 32 83 82 67 8 15 95 21 19 12 16 33 69 54 45 61 40 40 77 20 22 86 41 10 65 14 22 77 57 37 45 41 19 26 59 78 40 53 51 10 64 66 42 85 20 87 45 11 78 22 82 51 7 23 60 23 88 82 99 97 70 95 89 41 20 47 18 12 99 68 73 15 86 15 99 57 53 43 67 82 
29 25 12 41 0 16 49 32 75 23 44 97 10 77 48 6 46 42 94 86 14 92 56 25 43 75 97 57 60 63 55 16 67 49 35 48 17 35 32 91 57 75 87 18 51 86 24 48 28 69 34 41 13 41 17 55 15 65 11 27 80 17 94 46 17 28 94 33 62 77 23 70 51 62 88 53 47 63 100 26 83 85 18 95 25 34 49 92 51 11 70 30 27 63 75 44 43 20 76 56 
29 5 69 87 16 0 96 51 26 98 12 65 2 10 27 2 88 9 38 5 56 15 91 4 6 41 15 75 70 93 89 96 36 31 68 64 87 15 14 64 13 77 28 14 38 6 67 25 14 57 82 21 71 72 25 28 12 91 54 33 83 42 80 71 25 47 34 63 62 99 26 26 27 5 91 64 10 10 41 75 66 22 96 36 93 72 63 56 62 68 40 96 9 19 18 33 18 51 47 79 
41 94 48 95 49 96 0 1 72 4 27 28 46 91 89 55 31 64 20 52 11 7 96 82 21 51 95 88 90 90 49 60 60 81 77 10 80 55 63 51 10 89 31 8 31 19 62 61 82 34 64 44 40 11 25 61 61 19 100 2 61 48 62 20 81 90 81 60 97 95 62 58 84 92 65 14 63 27 27 96 60 42 40 51 53 64 63 65 35 63 67 47 62 80 18 42 21 50 53 17 
65 65 33 17 32 51 1 0 45 15 75 28 58 39 93 20 65 71 16 76 13 55 27 17 70 41 33 56 3 99 2 17 30 71 58 51 21 11 19 65 77 93 44 34 32 88 6 48 59 21 76 23 27 2 91 96 42 23 52 97 74 5 13 55 76 22 57 96 84 76 12 12 68 7 98 51 46 3 99 56 23 74 30 1 27 20 96 20 95 99 68 68 4 32 74 79 54 31 26 89 
99 56 96 28 75 26 72 45 0 6 89 1 25 47 98 76 92 100 74 48 74 99 77 74 25 49 21 96 43 20 64 62 23 95 35 53 100 65 78 89 70 66 41 95 12 38 22 55 89 95 2 14 45 31 87 21 79 7 16 73 78 31 34 100 78 68 52 77 33 81 17 54 98 57 100 61 46 21 16 34 67 69 47 63 99 85 83 29 44 51 1 21 81 34 73 58 54 76 87 38 
44 42 44 31 23 98 4 15 6 0 57 3 91 54 12 43 15 57 15 30 43 82 50 41 96 1 26 79 29 21 29 82 41 9 67 65 19 20 41 5 57 97 7 100 2 70 42 16 27 56 97 21 89 47 61 85 47 38 15 27 58 43 8 99 3 27 15 21 46 55 25 55 3 84 6 5 53 47 72 31 54 69 51 95 67 64 31 65 1 45 91 59 39 51 9 93 29 23 14 26 
87 36 5 58 44 12 27 75 89 57 0 30 90 80 32 25 85 36 30 83 60 12 89 28 63 35 46 78 17 10 78 61 52 88 51 54 96 43 82 71 8 8 100 98 39 31 74 76 19 3 58 78 15 98 57 29 84 54 58 100 63 35 12 66 23 62 72 70 57 53 40 64 12 39 13 51 22 87 78 40 41 35 69 7 85 77 87 68 30 44 68 44 31 31 61 53 93 32 22 1 
87 98 33 70 97 65 28 28 1 3 30 0 85 14 64 48 52 29 50 73 67 27 64 7 14 84 66 98 60 4 17 41 48 36 84 78 67 45 82 59 76 55 11 12 68 74 12 72 2 61 96 20 88 60 79 53 95 44 2 7 47 18 47 46 54 83 75 72 27 8 82 54 63 92 18 82 65 81 5 19 41 1 38 80 12 16 32 6 11 33 12 10 3 11 55 8 93 82 79 71 
52 85 71 36 10 2 46 58 25 91 90 85 0 89 60 76 3 51 93 37 67 73 41 85 66 93 75 97 4 42 81 62 53 65 25 14 67 35 68 74 79 49 4 49 90 63 77 92 13 21 28 80 94 21 16 11 13 90 59 17 84 39 30 36 4 6 49 22 93 68 48 71 69 51 72 58 14 48 49 78 68 29 9 13 49 25 75 61 66 34 29 49 72 10 36 27 16 36 49 8 
4 97 72 79 77 10 91 39 47 54 80 14 89 0 4 96 30 24 98 1 81 63 48 81 93 68 61 1 80 9 77 7 70 43 40 50 43 11 60 79 90 27 66 38 34 21 85 63 44 34 64 76 97 63 9 89 82 69 41 14 78 18 20 99 12 59 100 54 21 59 84 10 85 50 99 70 22 35 33 66 69 48 93 65 62 1 5 96 70 45 9 99 14 28 49 25 38 48 79 58 
87 94 8 74 48 27 89 93 98 12 32 64 60 4 0 59 14 20 43 63 70 65 85 5 49 2 73 48 46 89 9 47 45 4 68 41 12 18 55 91 66 79 28 13 9 38 71 23 9 66 37 78 82 73 34 30 26 58 77 72 46 37 18 42 41 37 83 4 54 37 47 19 67 26 83 76 15 6 50 75 23 86 53 4 11 38 85 36 96 61 7 93 97 76 35 89 12 69 45 17 
38 38 64 61 6 2 55 20 76 43 25 48 76 96 59 0 5 43 87 23 68 22 50 35 27 99 9 1 37 13 4 47 51 40 34 46 100 93 90 48 68 24 89 32 92 33 100 48 75 87 23 94 8 72 28 86 23 37 86 59 49 41 57 51 80 42 48 31 34 38 78 54 13 66 85 57 50 36 56 76 22 78 70 81 50 49 18 72 37 3 82 86 95 38 88 26 31 36 8 65 
58 88 60 61 46 88 31 65 92 15 85 52 3 30 14 5 0 73 38 18 37 55 54 93 57 89 49 32 63 78 53 43 27 2 61 50 90 15 83 27 62 20 15 39 3 50 47 67 74 36 36 10 90 89 55 46 77 55 78 91 32 82 34 11 35 46 60 25 60 95 51 73 14 65 12 68 66 10 34 39 45 69 1 34 57 55 32 86 9 61 76 92 42 61 2 77 6 14 53 18 
98 99 10 92 42 9 64 71 100 57 36 29 51 24 20 43 73 0 8 3 42 73 20 53 41 37 14 74 28 58 95 28 44 3 34 75 40 94 35 68 85 28 28 87 56 86 52 8 55 59 63 96 31 34 1 23 70 14 49 97 24 43 76 67 45 9 93 85 2 79 4 87 6 31 25 14 68 76 21 74 86 35 70 16 68 22 91 90 87 39 38 10 81 14 28 77 22 20 13 76 
58 80 52 16 94 38 20 16 74 15 30 50 93 98 43 87 38 8 0 98 16 62 56 99 38 69 66 65 41 40 50 76 61 17 95 34 7 36 20 45 74 82 77 87 9 54 8 29 18 83 78 34 96 85 32 85 53 49 49 94 40 98 21 52 67 67 85 73 3 57 70 76 38 46 14 46 51 21 26 69 56 56 54 3 40 37 40 93 85 88 38 77 38 10 28 4 76 65 28 30 
60 35 84 17 86 5 52 76 48 30 83 73 37 1 63 23 18 3 98 0 21 49 57 58 47 70 55 49 43 33 69 50 88 22 52 27 58 91 19 95 31 8 23 20 17 50 75 45 66 2 26 86 3 83 95 49 52 2 97 94 34 66 95 21 87 47 47 97 89 18 43 71 77 65 90 46 66 64 90 32 18 15 69 20 49 16 20 1 17 16 46 50 81 41 22 20 39 20 68 79 
63 21 6 32 14 56 11 13 74 43 60 67 67 81 70 68 37 42 16 21 0 89 62 50 66 26 91 11 91 55 52 74 24 18 43 95 67 58 14 19 26 29 16 27 62 8 48 33 98 19 52 77 8 13 78 73 38 68 35 80 74 86 54 49 3 48 43 21 57 56 39 82 37 7 60 98 14 59 82 12 77 33 40 84 45 17 8 82 36 42 13 10 79 66 58 34 65 53 6 73 
91 87 58 83 92 15 7 55 99 82 12 27 73 63 65 22 55 73 62 49 89 0 8 45 54 44 3 65 93 68 23 74 79 100 6 70 35 50 86 43 31 74 36 44 83 67 61 92 52 78 44 57 50 4 53 56 47 55 20 40 23 43 13 53 94 19 23 28 20 60 22 3 33 10 98 15 76 58 59 27 87 54 83 37 57 36 44 56 42 15 95 64 57 59 17 2 29 91 30 49 
58 79 11 82 56 91 96 27 77 50 89 64 41 48 85 50 54 20 56 57 62 8 0 50 3 51 83 12 48 49 39 57 7 17 96 61 52 84 69 39 27 24 80 41 70 96 50 81 64 51 9 54 32 9 3 87 11 85 98 10 34 89 19 92 5 66 4 56 49 73 46 27 48 26 19 18 73 68 50 36 71 58 89 54 19 43 40 81 28 90 43 13 78 61 4 82 26 60 90 26 
29 64 5 67 25 4 82 17 74 41 28 7 85 81 5 35 93 53 99 58 50 45 50 0 84 87 52 31 12 70 100 36 90 49 71 60 59 59 65 29 54 5 9 81 94 51 45 23 63 100 56 40 59 45 65 42 84 16 25 95 38 24 31 27 25 53 38 83 64 2 11 17 58 19 49 3 22 93 25 36 92 81 76 51 77 40 44 60 8 68 7 97 92 89 75 16 41 12 50 4 
25 15 36 8 43 6 21 70 25 96 63 14 66 93 49 27 57 41 38 47 66 54 3 84 0 65 60 72 75 30 20 77 3 12 54 39 4 34 14 6 10 5 49 22 64 69 28 60 12 68 86 27 8 97 28 64 14 87 87 88 68 7 16 71 18 69 61 73 54 26 30 16 30 31 37 46 99 16 57 10 83 43 88 42 91 15 57 4 53 44 43 72 50 11 94 19 79 54 44 33 
55 72 83 15 75 41 51 41 49 1 35 84 93 68 2 99 89 37 69 70 26 44 51 87 65 0 79 25 48 61 55 36 6 5 51 62 66 33 56 5 26 47 71 83 2 23 26 97 95 27 7 88 97 37 94 40 69 72 65 68 32 71 55 89 28 5 3 93 89 58 50 15 4 20 97 58 43 74 54 89 100 60 28 96 96 21 88 17 45 4 36 28 26 91 17 53 47 19 98 36 
23 20 72 95 97 15 95 33 21 26 46 66 75 61 73 9 49 14 66 55 91 3 83 52 60 79 0 76 99 2 32 18 50 41 12 23 94 100 74 5 80 21 100 52 60 68 96 63 4 24 41 94 40 45 92 10 94 27 37 92 28 20 10 29 60 21 51 5 73 76 9 52 97 9 3 8 28 51 23 31 74 63 76 65 7 68 26 53 94 62 44 74 34 53 2 45 26 5 50 98 
38 14 94 21 57 75 88 56 96 79 78 98 97 1 48 1 32 74 65 49 11 65 12 31 72 25 76 0 80 58 49 28 18 3 88 46 53 10 76 78 72 4 42 30 71 67 82 16 81 26 41 66 30 95 10 55 99 59 4 30 17 52 10 86 7 97 83 59 6 59 37 29 14 30 10 84 49 44 51 81 21 92 46 50 86 55 57 36 14 60 65 82 64 26 67 70 22 50 80 79 
55 5 64 19 60 70 90 3 43 29 17 60 4 80 46 37 63 28 41 43 91 93 48 12 75 48 99 80 0 60 68 59 25 98 69 8 98 64 10 78 84 1 23 85 38 77 41 73 42 53 90 23 16 67 42 37 41 43 16 19 54 84 30 78 33 50 37 30 13 46 7 48 99 81 32 88 57 73 13 51 77 54 25 92 20 18 80 60 60 47 31 65 30 60 94 62 61 82 43 25 
59 39 1 12 63 93 90 99 20 21 10 4 42 9 89 13 78 58 40 33 55 68 49 70 30 61 2 58 60 0 80 49 72 78 29 3 17 38 27 29 40 3 82 64 46 2 82 25 13 93 72 43 58 53 54 3 67 14 85 9 38 64 10 9 41 90 64 9 79 90 38 18 93 71 82 38 24 15 15 37 7 86 31 16 90 85 19 56 50 3 17 40 66 26 100 58 15 63 66 94 
54 10 31 16 55 89 49 2 64 29 78 17 81 77 9 4 53 95 50 69 52 23 39 100 20 55 32 49 68 80 0 5 55 63 97 26 44 86 49 10 100 37 17 37 68 32 27 4 2 34 5 4 50 96 69 75 96 78 42 10 44 87 14 98 49 62 75 45 48 76 54 99 64 70 36 31 54 14 86 55 99 43 11 49 38 79 75 33 57 68 95 52 54 8 1 3 70 76 99 69 
41 7 98 33 16 96 60 17 62 82 61 41 62 7 47 47 43 28 76 50 74 74 57 36 77 36 18 28 59 49 5 0 3 52 67 66 74 54 49 27 19 34 33 18 28 43 18 66 74 92 50 82 60 44 33 65 4 33 19 25 60 17 93 62 69 11 28 42 17 28 20 35 61 4 52 89 47 69 6 20 13 55 1 24 99 85 88 54 69 7 78 81 23 22 42 43 32 21 36 48 
49 17 43 69 67 36 60 30 23 41 52 48 53 70 45 51 27 44 61 88 24 79 7 90 3 6 50 18 25 72 55 3 0 48 55 35 61 11 86 1 57 7 6 28 71 12 80 94 62 16 33 15 84 39 92 64 14 65 58 8 49 30 44 96 30 50 82 42 60 68 42 68 26 99 95 96 10 26 41 72 41 25 38 77 64 30 40 29 94 49 88 42 79 31 90 60 33 71 1 44 
44 45 42 54 49 31 81 71 95 9 88 36 65 43 4 40 2 3 17 22 18 100 17 49 12 5 41 3 98 78 63 52 48 0 90 42 12 67 92 58 14 53 84 6 76 24 31 14 100 46 95 92 26 40 92 13 34 70 44 23 81 28 45 81 71 87 74 82 5 65 40 19 18 75 24 45 50 6 58 2 51 52 45 76 92 36 89 25 58 84 99 38 11 95 19 33 33 92 15 38 
52 50 41 45 35 68 77 58 35 67 51 84 25 40 68 34 61 34 95 52 43 6 96 71 54 51 12 88 69 29 97 67 55 90 0 9 6 56 78 32 31 22 81 37 80 34 39 83 78 15 74 14 3 50 71 38 100 60 100 95 78 32 27 22 98 16 30 55 23 7 86 54 28 19 42 59 52 80 42 30 94 67 43 48 17 65 85 68 24 84 62 54 68 41 75 65 56 56 20 79 
77 93 54 61 48 64 10 51 53 65 54 78 14 50 41 46 50 75 34 27 95 70 61 60 39 62 23 46 8 3 26 66 35 42 9 0 62 57 84 41 75 25 100 27 56 41 8 2 7 2 1 75 66 38 43 41 73 56 46 40 96 72 5 4 27 76 34 40 32 17 81 7 93 80 85 48 72 92 1 30 93 2 5 10 39 99 2 11 6 48 3 54 19 7 57 98 34 90 37 65 
24 49 10 40 17 87 80 21 100 19 96 67 67 43 12 100 90 40 7 58 67 35 52 59 4 66 94 53 98 17 44 74 61 12 6 62 0 58 17 23 50 96 59 49 19 50 50 49 94 3 5 3 93 3 5 3 8 4 5 13 22 63 69 71 96 10 8 13 67 24 87 68 72 46 69 90 47 70 38 41 72 42 95 64 96 99 18 56 2 23 68 76 37 89 46 85 50 5 97 69 
44 44 89 40 35 15 55 11 65 20 43 45 35 11 18 93 15 94 36 91 58 50 84 59 34 33 100 10 64 38 86 54 11 67 56 57 58 0 29 35 36 52 80 4 93 79 73 83 19 96 24 13 59 72 64 77 79 17 51 46 44 87 86 42 71 36 46 19 4 26 54 39 77 85 95 22 15 19 4 33 15 79 98 25 50 13 1 28 81 3 26 25 42 11 66 64 46 11 35 1 
41 9 38 77 32 14 63 19 78 41 82 82 68 60 55 90 83 35 20 19 14 86 69 65 14 56 74 76 10 27 49 49 86 92 78 84 17 29 0 89 40 92 17 24 86 38 91 56 41 23 70 20 72 95 21 36 47 1 17 2 26 41 43 88 58 6 86 20 40 86 8 31 29 25 55 14 62 97 22 3 71 91 74 43 37 46 30 36 46 46 37 23 38 31 11 95 88 48 15 80 
23 56 58 20 91 64 51 65 89 5 71 59 74 79 91 48 27 68 45 95 19 43 39 29 6 5 5 78 78 29 10 27 1 58 32 41 23 35 89 0 33 22 10 62 98 16 27 60 12 48 14 83 91 39 25 79 84 6 66 30 52 2 52 41 84 14 36 72 61 2 51 46 75 60 59 73 76 85 84 87 85 97 69 27 35 45 57 18 51 23 99 54 76 51 94 60 16 81 31 77 
40 85 32 22 57 13 10 77 70 57 8 76 79 90 66 68 62 85 74 31 26 31 27 54 10 26 80 72 84 40 100 19 57 14 31 75 50 36 40 33 0 82 81 22 9 40 32 81 67 68 64 54 4 12 74 30 46 71 39 15 21 61 14 26 88 16 19 47 31 52 77 7 85 9 80 93 1 11 25 67 31 88 72 34 51 46 64 96 16 54 11 88 66 76 13 53 91 83 100 21 
27 44 94 86 75 77 89 93 66 97 8 55 49 27 79 24 20 28 82 8 29 74 24 5 5 47 21 4 1 3 37 34 7 53 22 25 96 52 92 22 82 0 34 28 80 19 37 11 63 37 74 88 3 4 27 27 37 78 72 52 25 39 5 87 78 70 62 42 23 52 24 74 73 10 1 4 80 37 14 94 73 39 81 28 42 8 6 79 37 77 82 61 67 39 48 44 8 9 85 82 
61 53 90 41 87 28 31 44 41 7 100 11 4 66 28 89 15 28 77 23 16 36 80 9 49 71 100 42 23 82 17 33 6 84 81 100 59 80 17 10 81 34 0 13 60 55 37 21 56 40 52 44 5 46 69 44 26 96 37 85 53 67 73 29 49 34 47 87 33 90 46 93 26 80 57 85 34 93 58 41 84 9 85 89 54 53 84 32 100 20 68 52 87 41 32 87 26 78 25 10 
91 70 55 10 18 14 8 34 95 100 98 12 49 38 13 32 39 87 87 20 27 44 41 81 22 83 52 30 85 64 37 18 28 6 37 27 49 4 24 62 22 28 13 0 19 70 2 44 49 11 80 35 3 37 75 87 98 59 27 3 63 10 34 62 81 54 65 19 46 96 57 71 25 81 32 43 3 85 38 51 95 18 37 98 6 12 36 3 22 62 6 37 23 91 50 55 96 15 74 41 
83 92 66 65 51 38 31 32 12 2 39 68 90 34 9 92 3 56 9 17 62 83 70 94 64 2 60 71 38 46 68 28 71 76 80 56 19 93 86 98 9 80 60 19 0 62 30 63 87 11 94 81 65 79 19 15 25 36 52 22 93 15 9 48 88 70 53 24 44 95 74 99 43 88 24 83 1 5 46 87 67 91 68 31 21 86 46 46 73 49 19 65 15 28 12 2 49 16 26 93 
47 47 49 14 86 6 19 88 38 70 31 74 63 21 38 33 50 86 54 50 8 67 96 51 69 23 68 67 77 2 32 43 12 24 34 41 50 79 38 16 40 19 55 70 62 0 63 99 43 5 38 66 87 38 22 84 77 89 27 96 19 47 81 16 92 5 64 63 21 30 90 85 32 38 100 9 82 14 7 76 18 96 93 57 85 15 92 61 3 18 56 21 17 88 89 60 44 4 22 65 
80 59 18 22 24 67 62 6 22 42 74 12 77 85 71 100 47 52 8 75 48 61 50 45 28 26 96 82 41 82 27 18 80 31 39 8 50 73 91 27 32 37 37 2 30 63 0 34 63 49 65 53 100 73 34 14 31 62 83 78 54 91 62 68 35 75 22 4 82 95 20 22 83 32 65 86 53 81 19 68 81 35 20 81 7 53 46 89 14 80 18 20 71 32 87 57 6 9 60 39 
92 80 77 77 48 25 61 48 55 16 76 72 92 63 23 48 67 8 29 45 33 92 81 23 60 97 63 16 73 25 4 66 94 14 83 2 49 83 56 60 81 11 21 44 63 99 34 0 55 32 12 37 63 29 22 67 9 41 34 42 27 53 22 34 58 19 74 23 98 92 42 20 23 29 28 80 89 88 70 43 71 82 79 33 62 52 51 22 44 85 63 71 89 36 56 46 54 29 69 4 
96 97 10 57 28 14 82 59 89 27 19 2 13 44 9 75 74 55 18 66 98 52 64 63 12 95 4 81 42 13 2 74 62 100 78 7 94 19 41 12 67 63 56 49 87 43 63 55 0 72 10 75 46 90 3 25 78 42 47 72 12 80 2 96 41 6 46 62 49 82 77 19 71 12 26 16 18 7 36 73 78 46 47 24 87 1 100 65 94 98 88 5 77 42 52 69 47 98 31 95 
90 38 21 37 69 57 34 21 95 56 3 61 21 34 66 87 36 59 83 2 19 78 51 100 68 27 24 26 53 93 34 92 16 46 15 2 3 96 23 48 68 37 40 11 11 5 49 32 72 0 79 7 66 49 70 91 17 87 97 52 59 27 49 58 2 36 10 53 52 4 51 39 60 79 80 12 48 78 61 78 73 39 36 90 40 57 32 56 96 29 7 54 7 8 63 8 43 25 12 94 
3 66 61 45 34 82 64 76 2 97 58 96 28 64 37 23 36 63 78 26 52 44 9 56 86 7 41 41 90 72 5 50 33 95 74 1 5 24 70 14 64 74 52 80 94 38 65 12 10 79 0 28 14 84 39 93 16 50 40 93 10 69 17 1 56 6 40 12 38 95 7 18 53 13 76 60 27 35 2 51 46 47 30 60 31 69 52 98 70 91 90 32 11 7 32 66 64 23 77 53 
10 69 15 41 41 21 44 23 14 21 78 20 80 76 78 94 10 96 34 86 77 57 54 40 27 88 94 66 23 43 4 82 15 92 14 75 3 13 20 83 54 88 44 35 81 66 53 37 75 7 28 0 17 36 70 21 48 45 33 74 79 86 25 77 33 6 36 15 74 39 12 44 81 1 27 91 59 10 8 23 32 84 75 100 71 97 20 18 93 4 44 24 90 20 100 22 25 87 36 51 
32 76 78 19 13 71 40 27 45 89 15 88 94 97 82 8 90 31 96 3 8 50 32 59 8 97 40 30 16 58 50 60 84 26 3 66 93 59 72 91 4 3 5 3 65 87 100 63 46 66 14 17 0 77 99 46 57 99 72 99 10 81 6 84 12 41 58 63 12 6 82 81 99 38 76 74 27 95 73 100 72 11 35 22 87 85 67 95 83 38 45 44 70 2 27 33 42 37 95 5 
61 96 23 26 41 72 11 2 31 47 98 60 21 63 73 72 89 34 85 83 13 4 9 45 97 37 45 95 67 53 96 44 39 40 50 38 3 72 95 39 12 4 46 37 79 38 73 29 90 49 84 36 77 0 42 28 38 92 65 13 65 91 60 89 90 31 51 76 52 89 60 18 83 95 7 79 38 28 80 65 60 22 1 54 78 94 81 15 38 98 80 54 88 39 43 30 69 45 57 20 
39 85 71 59 17 25 25 91 87 61 57 79 16 9 34 28 55 1 32 95 78 53 3 65 28 94 92 10 42 54 69 33 92 92 71 43 5 64 21 25 74 27 69 75 19 22 34 22 3 70 39 70 99 42 0 34 17 89 68 63 47 47 100 74 26 16 85 47 68 38 77 14 70 91 51 67 22 4 7 60 98 88 28 43 44 99 28 60 39 95 22 85 41 74 10 67 89 94 65 9 
56 43 13 78 55 28 61 96 21 85 29 53 11 89 30 86 46 23 85 49 73 56 87 42 64 40 10 55 37 3 75 65 64 13 38 41 3 77 36 79 30 27 44 87 15 84 14 67 25 91 93 21 46 28 34 0 31 41 22 53 84 72 71 57 27 29 17 25 16 44 19 60 95 46 19 33 92 93 18 33 18 27 51 6 73 67 14 55 60 35 7 95 58 30 51 85 58 67 61 74 
15 67 6 40 15 12 61 42 79 47 84 95 13 82 26 23 77 70 53 52 38 47 11 84 14 69 94 99 41 67 96 4 14 34 100 73 8 79 47 84 46 37 26 98 25 77 31 9 78 17 16 48 57 38 17 31 0 11 31 33 5 76 3 89 19 47 6 51 64 85 53 22 57 20 35 11 79 22 70 73 79 99 75 15 56 42 75 29 4 5 13 60 32 68 48 51 14 54 53 30 
13 4 43 53 65 91 19 23 7 38 54 44 90 69 58 37 55 14 49 2 68 55 85 16 87 72 27 59 43 14 78 33 65 70 60 56 4 17 1 6 71 78 96 59 36 89 62 41 42 87 50 45 99 92 89 41 11 0 90 58 51 46 29 85 8 7 58 77 31 89 75 5 3 83 98 30 63 1 86 76 60 70 95 8 72 8 13 76 89 54 33 39 99 13 76 58 71 33 35 53 
45 56 7 51 11 54 100 52 16 15 58 2 59 41 77 86 78 49 49 97 35 20 98 25 87 65 37 4 16 85 42 19 58 44 100 46 5 51 17 66 39 72 37 27 52 27 83 34 47 97 40 33 72 65 68 22 31 90 0 21 61 58 76 43 7 57 6 8 94 33 19 15 79 78 86 38 42 14 27 95 98 65 93 11 40 3 81 73 37 34 45 97 43 72 92 49 80 49 8 26 
21 72 21 10 27 33 2 97 73 27 100 7 17 14 72 59 91 97 94 94 80 40 10 95 88 68 92 30 19 9 10 25 8 23 95 40 13 46 2 30 15 52 85 3 22 96 78 42 72 52 93 74 99 13 63 53 33 58 21 0 33 27 40 11 4 26 48 46 91 74 40 88 39 85 98 30 87 79 54 75 64 51 23 6 22 14 6 54 14 14 79 46 40 70 56 95 47 56 92 37 
23 94 95 64 80 83 61 74 78 58 63 47 84 78 46 49 32 24 40 34 74 23 34 38 68 32 28 17 54 38 44 60 49 81 78 96 22 44 26 52 21 25 53 63 93 19 54 27 12 59 10 79 10 65 47 84 5 51 61 33 0 29 32 25 19 68 22 49 6 52 54 32 15 4 54 72 78 20 78 31 33 91 61 79 82 82 86 76 29 41 68 65 22 51 89 40 70 63 40 75 
98 65 89 66 17 42 48 5 31 43 35 18 39 18 37 41 82 43 98 66 86 43 89 24 7 71 20 52 84 64 87 17 30 28 32 72 63 87 41 2 61 39 67 10 15 47 91 53 80 27 69 86 81 91 47 72 76 46 58 27 29 0 14 94 58 81 49 63 52 26 82 29 8 67 19 68 45 100 50 82 28 30 23 95 94 44 45 35 35 66 97 27 92 62 20 49 42 68 11 94 
61 30 19 42 94 80 62 13 34 8 12 47 30 20 18 57 34 76 21 95 54 13 19 31 16 55 10 10 30 10 14 93 44 45 27 5 69 86 43 52 14 5 73 34 9 81 62 22 2 49 17 25 6 60 100 71 3 29 76 40 32 14 0 46 93 74 53 59 45 73 55 96 74 36 23 3 10 69 96 5 65 30 40 30 78 66 21 40 37 69 33 56 32 78 1 76 52 6 86 48 
71 10 89 85 46 71 20 55 100 99 66 46 36 99 42 51 11 67 52 21 49 53 92 27 71 89 29 86 78 9 98 62 96 81 22 4 71 42 88 41 26 87 29 62 48 16 68 34 96 58 1 77 84 89 74 57 89 85 43 11 25 94 46 0 78 40 43 51 27 18 53 89 86 100 93 3 82 84 32 59 49 53 50 37 73 83 45 56 60 45 31 63 50 16 10 79 7 5 29 86 
93 62 30 20 17 25 81 76 78 3 23 54 4 12 41 80 35 45 67 87 3 94 5 25 18 28 60 7 33 41 49 69 30 71 98 27 96 71 58 84 88 78 49 81 88 92 35 58 41 2 56 33 12 90 26 27 19 8 7 4 19 58 93 78 0 22 33 74 59 33 18 61 14 2 45 24 2 49 26 39 73 8 83 29 19 79 59 34 81 27 43 59 85 99 88 70 72 72 95 83 
64 79 59 87 28 47 90 22 68 27 62 83 6 59 37 42 46 9 67 47 48 19 66 53 69 5 21 97 50 90 62 11 50 87 16 76 10 36 6 14 16 70 34 54 70 5 75 19 6 36 6 6 41 31 16 29 47 7 57 26 68 81 74 40 22 0 4 13 95 69 14 39 45 15 39 70 5 12 29 39 92 99 18 2 32 50 28 27 8 13 25 47 34 49 19 29 31 74 93 25 
47 2 42 45 94 34 81 57 52 15 72 75 49 100 83 48 60 93 85 47 43 23 4 38 61 3 51 83 37 64 75 28 82 74 30 34 8 46 86 36 19 62 47 65 53 64 22 74 46 10 40 36 58 51 85 17 6 58 6 48 22 49 53 43 33 4 0 95 6 16 39 72 54 60 29 17 40 67 8 38 36 10 22 85 89 48 45 53 24 43 39 72 13 67 54 39 11 31 33 16 
17 62 92 11 33 63 60 96 77 21 70 72 22 54 4 31 25 85 73 97 21 28 56 83 73 93 5 59 30 9 45 42 42 82 55 40 13 19 20 72 47 42 87 19 24 63 4 23 62 53 12 15 63 76 47 25 51 77 8 46 49 63 59 51 74 13 95 0 46 23 39 51 34 67 68 73 86 27 10 73 88 31 58 29 30 54 81 54 48 71 77 61 37 31 99 99 13 83 66 58 
8 22 99 78 62 62 97 84 33 46 57 27 93 21 54 34 60 2 3 89 57 20 49 64 54 89 73 6 13 79 48 17 60 5 23 32 67 4 40 61 31 23 33 46 44 21 82 98 49 52 38 74 12 52 68 16 64 31 94 91 6 52 45 27 59 95 6 46 0 5 5 60 38 23 79 10 60 6 71 33 45 54 42 73 83 95 6 88 42 76 17 54 65 99 52 63 11 34 29 68 
39 10 31 22 77 99 95 76 81 55 53 8 68 59 37 38 95 79 57 18 56 60 73 2 26 58 76 59 46 90 76 28 68 65 7 17 24 26 86 2 52 52 90 96 95 30 95 92 82 4 95 39 6 89 38 44 85 89 33 74 52 26 73 18 33 69 16 23 5 0 90 85 79 27 7 58 88 19 15 11 51 59 64 92 32 98 38 37 38 79 12 54 85 76 52 36 39 62 22 19 
91 18 1 82 23 26 62 12 17 25 40 82 48 84 47 78 51 4 70 43 39 22 46 11 30 50 9 37 7 38 54 20 42 40 86 81 87 54 8 51 77 24 46 57 74 90 20 42 77 51 7 12 82 60 77 19 53 75 19 40 54 82 55 53 18 14 39 39 5 90 0 81 11 3 59 90 61 68 29 79 82 39 29 41 54 72 24 4 9 60 41 40 23 94 24 51 97 11 41 10 
99 59 83 51 70 26 58 12 54 55 64 54 71 10 19 54 73 87 76 71 82 3 27 17 16 15 52 29 48 18 99 35 68 19 54 7 68 39 31 46 7 74 93 71 99 85 22 20 19 39 18 44 81 18 14 60 22 5 15 88 32 29 96 89 61 39 72 51 60 85 81 0 84 59 42 95 61 52 36 21 20 64 100 1 55 80 93 8 52 16 63 60 27 3 51 50 48 74 100 96 
18 5 25 7 51 27 84 68 98 3 12 63 69 85 67 13 14 6 38 77 37 33 48 58 30 4 97 14 99 93 64 61 26 18 28 93 72 77 29 75 85 73 26 25 43 32 83 23 71 60 53 81 99 83 70 95 57 3 79 39 15 8 74 86 14 45 54 34 38 79 11 84 0 85 40 5 68 98 46 14 10 50 1 82 69 17 33 21 23 13 14 82 16 81 45 75 8 47 78 57 
51 22 42 23 62 5 92 7 57 84 39 92 51 50 26 66 65 31 46 65 7 10 26 19 31 20 9 30 81 71 70 4 99 75 19 80 46 85 25 60 9 10 80 81 88 38 32 29 12 79 13 1 38 95 91 46 20 83 78 85 4 67 36 100 2 15 60 67 23 27 3 59 85 0 47 51 56 42 87 47 99 7 96 96 72 5 45 25 86 13 41 19 86 63 83 99 44 98 79 88 
41 28 37 60 88 91 65 98 100 6 13 18 72 99 83 85 12 25 14 90 60 98 19 49 37 97 3 10 32 82 36 52 95 24 42 85 69 95 55 59 80 1 57 32 24 100 65 28 26 80 76 27 76 7 51 19 35 98 86 98 54 19 23 93 45 39 29 68 79 7 59 42 40 47 0 24 86 87 1 94 33 52 1 26 90 47 24 96 42 20 20 98 64 44 36 29 84 54 14 98 
52 97 42 23 53 64 14 51 61 5 51 82 58 70 76 57 68 14 46 46 98 15 18 3 46 58 8 84 88 38 31 89 96 45 59 48 90 22 14 73 93 4 85 43 83 9 86 80 16 12 60 91 74 79 67 33 11 30 38 30 72 68 3 3 24 70 17 73 10 58 90 95 5 51 24 0 36 64 93 85 94 81 8 32 19 9 25 3 12 26 28 1 24 52 49 18 23 68 15 38 
49 20 91 88 47 10 63 46 46 53 22 65 14 22 15 50 66 68 51 66 14 76 73 22 99 43 28 49 57 24 54 47 10 50 52 72 47 15 62 76 1 80 34 3 1 82 53 89 18 48 27 59 27 38 22 92 79 63 42 87 78 45 10 82 2 5 40 86 60 88 61 61 68 56 86 36 0 11 50 66 46 55 79 43 42 94 35 26 88 67 34 19 85 42 95 39 53 72 67 5 
20 86 54 82 63 10 27 3 21 47 87 81 48 35 6 36 10 76 21 64 59 58 68 93 16 74 51 44 73 15 14 69 26 6 80 92 70 19 97 85 11 37 93 85 5 14 81 88 7 78 35 10 95 28 4 93 22 1 14 79 20 100 69 84 49 12 67 27 6 19 68 52 98 42 87 64 11 0 96 70 53 13 92 20 79 81 82 81 47 27 87 77 21 29 71 56 54 10 74 39 
43 76 70 99 100 41 27 99 16 72 78 5 49 33 50 56 34 21 26 90 82 59 50 25 57 54 23 51 13 15 86 6 41 58 42 1 38 4 22 84 25 14 58 38 46 7 19 70 36 61 2 8 73 80 7 18 70 86 27 54 78 50 96 32 26 29 8 10 71 15 29 36 46 87 1 93 50 96 0 28 59 32 74 49 36 46 15 41 41 36 93 5 79 65 35 60 46 67 6 25 
44 68 52 97 26 75 96 56 34 31 40 19 78 66 75 76 39 74 69 32 12 27 36 36 10 89 31 81 51 37 55 20 72 2 30 30 41 33 3 87 67 94 41 51 87 76 68 43 73 78 51 23 100 65 60 33 73 76 95 75 31 82 5 59 39 39 38 73 33 11 79 21 14 47 94 85 66 70 28 0 54 34 45 34 4 100 39 65 74 78 44 84 9 18 32 45 63 99 37 55 
9 75 26 70 83 66 60 23 67 54 41 41 68 69 23 22 45 86 56 18 77 87 71 92 83 100 74 21 77 7 99 13 41 51 94 93 72 15 71 85 31 73 84 95 67 18 81 71 78 73 46 32 72 60 98 18 79 60 98 64 33 28 65 49 73 92 36 88 45 51 82 20 10 99 33 94 46 53 59 54 0 34 81 59 65 45 45 24 43 12 81 67 17 14 63 50 70 63 88 34 
45 93 82 95 85 22 42 74 69 69 35 1 29 48 86 78 69 35 56 15 33 54 58 81 43 60 63 92 54 86 43 55 25 52 67 2 42 79 91 97 88 39 9 18 91 96 35 82 46 39 47 84 11 22 88 27 99 70 65 51 91 30 30 53 8 99 10 31 54 59 39 64 50 7 52 81 55 13 32 34 34 0 88 17 78 23 26 95 6 22 57 4 10 11 90 90 21 6 35 17 
53 37 19 89 18 96 40 30 47 51 69 38 9 93 53 70 1 70 54 69 40 83 89 76 88 28 76 46 25 31 11 1 38 45 43 5 95 98 74 69 72 81 85 37 68 93 20 79 47 36 30 75 35 1 28 51 75 95 93 23 61 23 40 50 83 18 22 58 42 64 29 100 1 96 1 8 79 92 74 45 81 88 0 29 29 80 9 47 96 74 9 45 43 23 85 77 62 1 54 84 
92 3 3 41 95 36 51 1 63 95 7 80 13 65 4 81 34 16 3 20 84 37 54 51 42 96 65 50 92 16 49 24 77 76 48 10 64 25 43 27 34 28 89 98 31 57 81 33 24 90 60 100 22 54 43 6 15 8 11 6 79 95 30 37 29 2 85 29 73 92 41 1 82 96 26 32 43 20 49 34 59 17 29 0 78 100 42 51 8 45 60 18 86 50 90 91 36 58 71 16 
5 89 57 20 25 93 53 27 99 67 85 12 49 62 11 50 57 68 40 49 45 57 19 77 91 96 7 86 20 90 38 99 64 92 17 39 96 50 37 35 51 42 54 6 21 85 7 62 87 40 31 71 87 78 44 73 56 72 40 22 82 94 78 73 19 32 89 30 83 32 54 55 69 72 90 19 42 79 36 4 65 78 29 78 0 38 31 62 33 5 70 30 47 93 14 75 54 66 28 90 
43 73 89 47 34 72 64 20 85 64 77 16 25 1 38 49 55 22 37 16 17 36 43 40 15 21 68 55 18 85 79 85 30 36 65 99 99 13 46 45 46 8 53 12 86 15 53 52 1 57 69 97 85 94 99 67 42 8 3 14 82 44 66 83 79 50 48 54 95 98 72 80 17 5 47 9 94 81 46 100 45 23 80 100 38 0 44 79 31 94 86 27 6 55 65 55 44 7 42 2 
48 45 68 18 49 63 63 96 83 31 87 32 75 5 85 18 32 91 40 20 8 44 40 44 57 88 26 57 80 19 75 88 40 89 85 2 18 1 30 57 64 6 84 36 46 92 46 51 100 32 52 20 67 81 28 14 75 13 81 6 86 45 21 45 59 28 45 81 6 38 24 93 33 45 24 25 35 82 15 39 45 26 9 42 31 44 0 78 57 91 8 18 23 64 39 52 11 83 17 85 
71 55 14 12 92 56 65 20 29 65 68 6 61 96 36 72 86 90 93 1 82 56 81 60 4 17 53 36 60 56 33 54 29 25 68 11 56 28 36 18 96 79 32 3 46 61 89 22 65 56 98 18 95 15 60 55 29 76 73 54 76 35 40 56 34 27 53 54 88 37 4 8 21 25 96 3 26 81 41 65 24 95 47 51 62 79 78 0 89 83 65 30 78 43 60 23 29 38 28 83 
55 28 83 99 51 62 35 95 44 1 30 11 66 70 96 37 9 87 85 17 36 42 28 8 53 45 94 14 60 50 57 69 94 58 24 6 2 81 46 51 16 37 100 22 73 3 14 44 94 96 70 93 83 38 39 60 4 89 37 14 29 35 37 60 81 8 24 48 42 38 9 52 23 86 42 12 88 47 41 74 43 6 96 8 33 31 57 89 0 2 34 79 9 75 32 38 31 22 97 100 
92 100 74 68 11 68 63 99 51 45 44 33 34 45 61 3 61 39 88 16 42 15 90 68 44 4 62 60 47 3 68 7 49 84 84 48 23 3 46 23 54 77 20 62 49 18 80 85 98 29 91 4 38 98 95 35 5 54 34 14 41 66 69 45 27 13 43 71 76 79 60 16 13 13 20 26 67 27 36 78 12 22 74 45 5 94 91 83 2 0 96 61 91 100 71 73 68 7 13 2 
44 78 34 73 70 40 67 68 1 91 68 12 29 9 7 82 76 38 38 46 13 95 43 7 43 36 44 65 31 17 95 78 88 99 62 3 68 26 37 99 11 82 68 6 19 56 18 63 88 7 90 44 45 80 22 7 13 33 45 79 68 97 33 31 43 25 39 77 17 12 41 63 14 41 20 28 34 87 93 44 81 57 9 60 70 86 8 65 34 96 0 23 42 79 66 1 2 46 91 81 
77 21 77 15 30 96 47 68 21 59 44 10 49 99 93 86 92 10 77 50 10 64 13 97 72 28 74 82 65 40 52 81 42 38 54 54 76 25 23 54 88 61 52 37 65 21 20 71 5 54 32 24 44 54 85 95 60 39 97 46 65 27 56 63 59 47 72 61 54 54 40 60 82 19 98 1 19 77 5 84 67 4 45 18 30 27 18 30 79 61 23 0 80 92 15 10 52 89 93 89 
42 16 14 86 27 9 62 4 81 39 31 3 72 14 97 95 42 81 38 81 79 57 78 92 50 26 34 64 30 66 54 23 79 11 68 19 37 42 38 76 66 67 87 23 15 17 71 89 77 7 11 90 70 88 41 58 32 99 43 40 22 92 32 50 85 34 13 37 65 85 23 27 16 86 64 24 85 21 79 9 17 10 43 86 47 6 23 78 9 91 42 80 0 72 66 38 71 62 98 13 
4 7 52 15 63 19 80 32 34 51 31 11 10 28 76 38 61 14 10 41 66 59 61 89 11 91 53 26 60 26 8 22 31 95 41 7 89 11 31 51 76 39 41 91 28 88 32 36 42 8 7 20 2 39 74 30 68 13 72 70 51 62 78 16 99 49 67 31 99 76 94 3 81 63 44 52 42 29 65 18 14 11 23 50 93 55 64 43 75 100 79 92 72 0 13 20 86 80 26 98 
99 82 65 99 75 18 18 74 73 9 61 55 36 49 35 88 2 28 28 22 58 17 4 75 94 17 2 67 94 100 1 42 90 19 75 57 46 66 11 94 13 48 32 50 12 89 87 56 52 63 32 100 27 43 10 51 48 76 92 56 89 20 1 10 88 19 54 99 52 52 24 51 45 83 36 49 95 71 35 32 63 90 85 90 14 65 39 60 32 71 66 15 66 13 0 82 49 92 60 66 
34 29 44 57 44 33 42 79 58 93 53 8 27 25 89 26 77 77 4 20 34 2 82 16 19 53 45 70 62 58 3 43 60 33 65 98 85 64 95 60 53 44 87 55 2 60 57 46 69 8 66 22 33 30 67 85 51 58 49 95 40 49 76 79 70 29 39 99 63 36 51 50 75 99 29 18 39 56 60 45 50 90 77 91 75 55 52 23 38 73 1 10 38 20 82 0 92 13 63 34 
68 38 63 53 43 18 21 54 54 29 93 93 16 38 12 31 6 22 76 39 65 29 26 41 79 47 26 22 61 15 70 32 33 33 56 34 50 46 88 16 91 8 26 96 49 44 6 54 47 43 64 25 42 69 89 58 14 71 80 47 70 42 52 7 72 31 11 13 11 39 97 48 8 44 84 23 53 54 46 63 70 21 62 36 54 44 11 29 31 68 2 52 71 86 49 92 0 46 94 26 
45 83 58 43 20 51 50 31 76 23 32 82 36 48 69 36 14 20 65 20 53 91 60 12 54 19 5 50 82 63 76 21 71 92 56 90 5 11 48 81 83 9 78 15 16 4 9 29 98 25 23 87 37 45 94 67 54 33 49 56 63 68 6 5 72 74 31 83 34 62 11 74 47 98 54 68 72 10 67 99 63 6 1 58 66 7 83 38 22 7 46 89 62 80 92 13 46 0 60 4 
2 43 87 67 76 47 53 26 87 14 22 79 49 79 45 8 53 13 28 68 6 30 90 50 44 98 50 80 43 66 99 36 1 15 20 37 97 35 15 31 100 85 25 74 26 22 60 69 31 12 77 36 95 57 65 61 53 35 8 92 40 11 86 29 95 93 33 66 29 22 41 100 78 79 14 15 67 74 6 37 88 35 54 71 28 42 17 28 97 13 91 93 98 26 60 63 94 60 0 29 
27 11 13 82 56 79 17 89 38 26 1 71 8 58 17 65 18 76 30 79 73 49 26 4 33 36 98 79 25 94 69 48 44 38 79 65 69 1 80 77 21 82 10 41 93 65 39 4 95 94 53 51 5 20 9 74 30 53 26 37 75 94 48 86 83 25 16 58 68 19 10 96 57 88 98 38 5 39 25 55 34 17 84 16 90 2 85 83 100 2 81 89 13 98 66 34 26 4 29 0 
