90
0 38 71 89 50 76 11 7 31 27 83 55 64 36 86 25 56 94 91 45 82 80 86 36 77 1 80 55 28 98 89 68 88 11 57 37 86 67 95 16 45 29 22 9 16 7 85 71 53 27 67 86 6 5 21 82 5 52 89 32 50 77 99 89 87 7 25 73 26 71 40 70 99 14 30 66 72 14 36 24 93 54 62 50 58 34 32 62 86 72 
38 0 45 87 48 96 75 86 2 99 10 79 21 2 49 19 15 78 36 86 44 23 62 36 76 23 85 86 8 68 99 93 91 44 79 38 91 53 76 44 3 85 23 23 86 23 93 100 100 28 38 43 50 99 30 78 73 67 63 80 86 61 25 77 56 3 66 98 56 93 94 10 78 16 33 15 38 25 67 89 5 4 84 6 54 65 83 78 83 97 
71 45 0 9 69 58 33 97 65 36 14 63 43 7 8 52 36 23 36 50 12 13 16 52 17 71 35 74 24 52 57 53 34 53 62 2 62 94 50 27 81 16 41 23 74 48 27 9 22 14 10 85 26 78 36 94 48 23 68 24 74 76 76 7 28 37 61 42 83 62 68 63 77 60 38 50 59 64 10 32 77 20 16 55 97 3 100 96 25 67 
89 87 9 0 19 50 42 47 57 22 83 69 63 65 30 82 80 59 93 17 8 3 32 18 34 60 89 49 14 37 3 14 32 28 32 3 77 26 49 85 47 83 53 61 100 35 94 79 93 86 95 52 88 26 21 73 37 9 21 51 45 23 16 29 2 47 31 31 72 79 67 70 13 72 30 12 6 75 90 50 12 36 1 99 13 22 71 50 82 43 
50 48 69 19 0 52 79 18 67 7 71 13 37 1 37 67 68 58 79 91 40 91 96 14 32 97 26 68 97 76 32 18 99 81 52 93 32 30 10 50 36 81 15 24 33 51 90 52 8 20 42 47 62 89 13 94 85 38 13 82 65 44 51 63 77 2 56 8 31 17 58 18 49 72 41 34 74 82 85 33 2 27 32 63 67 44 8 52 33 20 
76 96 58 50 52 0 85 97 16 87 12 92 41 19 51 23 87 60 41 36 83 33 69 8 15 5 41 68 83 72 82 50 67 90 53 51 61 89 47 28 75 10 71 67 80 22 90 67 33 82 54 68 66 22 75 80 78 15 99 61 38 81 10 56 22 14 6 82 2 5 62 28 14 32 95 94 5 36 12 38 17 65 5 34 38 79 14 15 46 64 
11 75 33 42 79 85 0 75 83 44 36 91 65 49 96 99 50 100 60 78 66 91 24 11 48 59 74 85 27 38 41 60 75 71 25 89 16 89 16 51 84 51 41 49 100 88 99 1 40 10 78 57 52 53 19 99 11 92 83 89 29 75 49 55 46 73 95 61 13 10 63 97 61 55 97 12 43 95 12 34 56 42 90 7 94 8 6 57 99 88 
7 86 97 47 18 97 75 0 45 79 15 93 85 60 18 79 72 82 41 87 78 53 41 26 64 35 72 27 68 27 68 57 34 62 16 39 18 66 78 62 96 92 7 80 51 76 11 75 57 51 61 35 3 1 12 66 88 84 44 55 10 12 64 43 25 79 33 94 45 11 7 92 54 13 72 5 88 82 31 45 84 91 31 86 43 42 3 30 77 46 
31 2 65 57 67 16 83 45 0 37 87 9 100 81 33 78 66 26 74 76 33 66 29 97 89 85 85 22 15 81 5 57 63 42 52 56 96 33 33 93 69 71 2 68 3 86 98 68 64 23 43 96 88 24 44 28 60 28 1 27 60 5 83 22 98 86 78 45 19 62 38 87 32 91 55 34 76 4 2 39 26 96 86 66 19 30 93 79 9 94 
27 99 36 22 7 87 44 79 37 0 5 21 50 39 42 100 25 71 44 95 32 33 81 63 75 87 97 51 90 50 41 16 45 79 33 16 8 77 46 68 70 50 88 72 40 82 23 16 52 18 10 84 51 91 98 25 29 46 27 19 95 20 86 92 98 70 7 57 46 52 24 68 53 64 39 44 45 13 60 96 30 69 31 32 11 81 9 92 26 87 
83 10 14 83 71 12 36 15 87 5 0 10 73 6 47 16 55 16 22 11 13 25 87 80 77 50 70 20 46 82 31 93 64 52 24 95 62 56 55 53 33 42 14 5 99 12 72 54 79 93 16 92 69 2 71 97 3 93 69 48 74 99 41 89 50 16 36 64 71 90 68 3 83 34 60 82 45 83 87 76 28 2 19 96 56 41 93 58 33 13 
55 79 63 69 13 92 91 93 9 21 10 0 58 59 11 50 47 13 65 82 28 87 72 95 41 6 28 52 87 25 35 73 100 62 27 18 9 82 10 1 91 43 13 48 1 76 97 47 88 13 81 15 99 4 61 40 9 89 43 96 13 77 20 64 90 46 33 99 79 42 51 70 84 64 69 36 91 66 35 30 78 15 96 29 70 56 20 78 96 62 
64 21 43 63 37 41 65 85 100 50 73 58 0 25 60 91 45 23 80 42 7 78 73 49 81 42 84 44 10 72 86 27 6 15 57 72 10 85 41 17 56 18 13 17 95 72 59 39 47 39 32 53 68 4 53 48 97 37 43 59 8 80 37 65 94 93 88 55 29 28 72 84 97 36 53 91 59 11 81 5 1 65 10 21 20 62 20 17 50 15 
36 2 7 65 1 19 49 60 81 39 6 59 25 0 27 9 94 63 25 40 8 12 94 88 91 17 72 40 52 76 30 63 38 63 19 91 27 28 11 98 42 82 66 43 96 92 52 42 7 28 81 14 40 74 1 30 43 24 69 46 51 51 8 89 65 27 79 43 6 41 40 99 74 6 42 22 49 45 63 55 72 43 20 11 68 73 93 62 96 13 
86 49 8 30 37 51 96 18 33 42 47 11 60 27 0 8 99 15 15 87 79 93 17 21 99 9 61 49 34 18 90 55 66 34 17 73 58 11 92 20 31 64 12 92 12 77 99 10 91 66 48 70 10 16 42 8 24 2 57 9 71 98 64 37 84 32 61 41 95 52 12 25 68 24 68 79 52 19 40 42 36 87 63 45 2 5 5 77 58 13 
25 19 52 82 67 23 99 79 78 100 16 50 91 9 8 0 85 29 10 48 17 45 32 77 85 26 28 97 2 47 72 21 25 75 39 64 16 74 2 79 71 55 83 75 31 40 87 68 20 48 67 36 93 98 64 29 23 44 77 76 90 100 97 15 74 87 30 90 13 84 20 83 38 54 57 69 45 95 88 65 42 54 52 86 52 16 15 26 59 91 
56 15 36 80 68 87 50 72 66 25 55 47 45 94 99 85 0 2 48 91 50 14 64 36 96 5 48 79 76 30 16 81 38 36 26 84 23 42 78 29 93 63 80 60 77 57 70 20 10 18 10 59 83 25 47 30 82 94 60 57 76 76 90 65 63 15 49 38 56 78 66 100 40 97 12 69 53 81 88 63 50 49 73 85 73 19 14 6 65 74 
94 78 23 59 58 60 100 82 26 71 16 13 23 63 15 29 2 0 15 40 1 4 56 15 18 56 52 25 33 69 76 73 65 87 93 70 20 80 84 69 28 56 53 52 27 67 58 91 92 72 82 92 75 89 6 44 45 10 20 77 78 47 1 95 86 93 64 5 24 47 73 51 54 78 55 32 96 64 74 87 35 55 78 61 44 35 56 88 44 27 
91 36 36 93 79 41 60 41 74 44 22 65 80 25 15 10 48 15 0 16 74 73 17 68 58 61 83 62 85 29 87 87 34 64 93 66 11 56 39 97 42 46 26 54 41 60 9 80 56 87 95 81 60 63 48 69 24 30 83 60 10 21 98 95 36 91 12 46 46 51 42 88 48 19 41 88 30 2 19 37 40 13 17 51 28 64 20 3 45 54 
45 86 50 17 91 36 78 87 76 95 11 82 42 40 87 48 91 40 16 0 14 6 74 11 1 61 1 12 6 47 14 99 86 13 69 78 52 98 79 70 35 19 35 51 69 14 67 40 16 63 45 29 69 70 39 21 30 40 84 87 38 50 85 23 62 53 100 14 3 31 35 37 1 69 39 21 82 5 13 49 68 57 77 88 27 68 8 56 59 43 
82 44 12 8 40 83 66 78 33 32 13 28 7 8 79 17 50 1 74 14 0 43 96 92 79 70 54 84 21 19 86 51 5 74 3 74 12 24 7 69 36 56 88 92 84 27 18 3 34 26 61 28 68 8 20 98 29 25 81 50 43 66 52 47 91 55 72 55 78 31 75 65 38 62 56 73 40 26 76 25 51 88 52 70 48 71 67 28 95 48 
80 23 13 3 91 33 91 53 66 33 25 87 78 12 93 45 14 4 73 6 43 0 77 89 65 81 88 8 35 11 62 64 41 36 28 30 49 35 3 88 12 30 12 62 69 63 83 68 86 2 96 80 49 24 21 65 4 60 72 90 70 85 5 63 20 84 92 20 19 46 59 30 75 70 44 96 85 78 63 70 79 58 1 27 82 21 44 37 32 67 
86 62 16 32 96 69 24 41 29 81 87 72 73 94 17 32 64 56 17 74 96 77 0 79 2 52 83 64 23 67 7 95 37 53 53 66 79 75 61 74 59 39 37 80 17 94 80 96 27 53 91 16 84 57 94 37 60 28 52 83 94 59 77 82 11 81 100 41 55 60 15 13 50 51 92 19 96 24 66 75 28 56 90 63 64 35 100 24 14 51 
36 36 52 18 14 8 11 26 97 63 80 95 49 88 21 77 36 15 68 11 92 89 79 0 58 8 9 86 41 71 66 40 12 73 100 78 85 1 28 29 19 75 4 84 49 31 91 90 45 55 76 44 30 90 95 39 49 55 76 89 26 41 29 89 13 80 66 50 80 45 30 51 71 85 86 20 67 77 61 11 83 89 55 64 78 1 2 78 55 29 
77 76 17 34 32 15 48 64 89 75 77 41 81 91 99 85 96 18 58 1 79 65 2 58 0 18 32 69 98 72 34 77 89 35 9 85 16 11 56 100 96 27 18 24 87 28 58 27 82 21 56 34 74 33 89 2 3 72 23 100 44 8 29 84 94 89 69 9 99 24 60 94 50 77 70 88 4 27 15 38 100 70 23 25 55 11 79 57 35 1 
1 23 71 60 97 5 59 35 85 87 50 6 42 17 9 26 5 56 61 61 70 81 52 8 18 0 56 30 60 36 13 53 24 81 13 22 4 24 68 53 52 37 41 7 15 7 44 14 76 19 39 30 81 17 38 15 69 46 44 80 81 57 84 5 37 48 26 93 71 45 45 22 81 37 28 96 95 24 61 71 42 99 52 22 67 42 37 87 87 32 
80 85 35 89 26 41 74 72 85 97 70 28 84 72 61 28 48 52 83 1 54 88 83 9 32 56 0 18 67 88 1 23 77 48 1 69 18 45 65 91 78 54 19 73 48 94 33 70 35 84 22 8 2 63 44 41 1 76 58 19 15 59 42 43 6 42 11 76 38 28 18 15 81 36 87 28 29 72 50 15 7 71 23 8 85 18 100 85 45 58 
55 86 74 49 68 68 85 27 22 51 20 52 44 40 49 97 79 25 62 12 84 8 64 86 69 30 18 0 3 60 16 96 54 73 37 65 100 75 44 18 41 24 5 28 3 86 51 52 100 57 74 74 16 10 92 16 46 36 25 49 47 40 96 1 64 85 17 16 59 60 33 51 35 89 78 89 74 80 41 26 88 66 99 56 76 90 23 21 26 47 
28 8 24 14 97 83 27 68 15 90 46 87 10 52 34 2 76 33 85 6 21 35 23 41 98 60 67 3 0 21 24 38 17 24 1 1 92 68 11 51 52 61 85 41 91 74 14 22 66 39 10 83 90 65 58 79 39 31 56 85 51 80 22 19 55 74 19 47 42 81 49 93 42 86 33 84 11 99 5 76 89 14 10 78 30 68 57 68 98 64 
98 68 52 37 76 72 38 27 81 50 82 25 72 76 18 47 30 69 29 47 19 11 67 71 72 36 88 60 21 0 4 100 43 25 19 50 99 89 96 92 70 44 84 11 29 69 46 39 67 50 66 7 16 76 85 97 95 93 17 44 56 20 43 51 45 13 100 95 2 47 86 71 42 69 33 23 89 78 61 55 79 79 14 94 6 98 91 100 42 59 
89 99 57 3 32 82 41 68 5 41 31 35 86 30 90 72 16 76 87 14 86 62 7 66 34 13 1 16 24 4 0 95 49 78 37 99 22 2 50 68 3 48 53 73 90 74 57 12 62 86 24 69 64 54 34 58 59 31 100 10 24 58 4 72 35 93 23 9 94 72 28 48 20 81 72 61 6 28 72 19 13 47 39 76 1 72 85 59 54 36 
68 93 53 14 18 50 60 57 57 16 93 73 27 63 55 21 81 73 87 99 51 64 95 40 77 53 23 96 38 100 95 0 21 77 93 76 1 80 68 23 40 13 46 67 60 65 99 31 77 56 10 48 27 22 95 65 50 47 89 86 57 94 22 77 71 14 53 23 45 72 45 84 37 90 51 96 7 1 79 83 57 88 83 83 62 29 99 63 75 87 
88 91 34 32 99 67 75 34 63 45 64 100 6 38 66 25 38 65 34 86 5 41 37 12 89 24 77 54 17 43 49 21 0 48 31 33 69 60 55 35 12 77 79 35 21 63 71 62 65 19 68 17 97 51 73 36 33 7 97 61 6 11 87 44 59 17 76 79 76 30 13 39 6 44 74 78 58 96 40 22 14 7 90 62 9 63 98 93 21 46 
11 44 53 28 81 90 71 62 42 79 52 62 15 63 34 75 36 87 64 13 74 36 53 73 35 81 48 73 24 25 78 77 48 0 53 26 57 39 22 67 8 97 45 83 79 10 74 36 53 99 66 10 94 5 83 60 63 24 21 24 86 18 16 7 64 69 84 72 59 5 90 18 54 34 53 84 95 26 19 99 24 36 60 69 40 94 28 55 18 49 
57 79 62 32 52 53 25 16 52 33 24 27 57 19 17 39 26 93 93 69 3 28 53 100 9 13 1 37 1 19 37 93 31 53 0 78 3 18 93 61 33 13 97 4 24 53 93 41 58 79 93 41 25 18 12 24 93 47 83 62 39 77 41 93 94 89 22 48 59 14 61 91 79 57 95 2 9 39 94 67 69 87 59 94 56 70 17 49 69 51 
37 38 2 3 93 51 89 39 56 16 95 18 72 91 73 64 84 70 66 78 74 30 66 78 85 22 69 65 1 50 99 76 33 26 78 0 62 7 79 2 51 72 43 72 72 1 37 32 91 15 40 37 68 100 28 62 18 96 100 77 89 55 98 57 55 66 60 68 24 38 70 74 10 64 97 33 16 34 16 58 100 55 95 68 6 74 81 24 69 80 
86 91 62 77 32 61 16 18 96 8 62 9 10 27 58 16 23 20 11 52 12 49 79 85 16 4 18 100 92 99 22 1 69 57 3 62 0 52 10 34 1 66 41 19 77 8 42 15 29 68 76 92 16 8 7 49 23 17 1 29 63 20 34 36 100 57 4 31 60 65 64 61 83 4 79 59 64 20 73 92 39 48 84 55 55 42 55 29 58 55 
67 53 94 26 30 89 89 66 33 77 56 82 85 28 11 74 42 80 56 98 24 35 75 1 11 24 45 75 68 89 2 80 60 39 18 7 52 0 57 20 26 91 55 25 99 11 55 59 75 71 19 57 26 49 16 89 20 40 81 59 88 16 13 94 9 19 23 67 74 79 38 51 21 45 76 20 7 82 30 81 4 100 90 30 48 57 70 67 96 2 
95 76 50 49 10 47 16 78 33 46 55 10 41 11 92 2 78 84 39 79 7 3 61 28 56 68 65 44 11 96 50 68 55 22 93 79 10 57 0 77 35 17 89 29 26 60 51 44 85 81 33 35 54 77 10 25 83 44 54 16 47 53 5 28 52 13 50 18 8 51 95 43 20 35 23 97 94 25 92 30 57 24 65 10 1 26 34 35 69 39 
16 44 27 85 50 28 51 62 93 68 53 1 17 98 20 79 29 69 97 70 69 88 74 29 100 53 91 18 51 92 68 23 35 67 61 2 34 20 77 0 50 68 43 6 47 94 18 96 64 78 99 10 72 18 96 46 66 42 70 57 71 26 80 35 36 32 61 21 67 81 60 68 48 54 74 47 48 43 42 63 20 92 72 43 9 19 88 26 60 57 
45 3 81 47 36 75 84 96 69 70 33 91 56 42 31 71 93 28 42 35 36 12 59 19 96 52 78 41 52 70 3 40 12 8 33 51 1 26 35 50 0 82 31 35 62 17 70 45 77 42 11 10 53 79 57 7 52 3 54 46 97 68 18 88 39 60 49 9 100 74 69 8 8 51 42 21 67 63 65 96 5 76 5 9 6 13 15 9 68 20 
29 85 16 83 81 10 51 92 71 50 42 43 18 82 64 55 63 56 46 19 56 30 39 75 27 37 54 24 61 44 48 13 77 97 13 72 66 91 17 68 82 0 54 64 87 71 3 77 83 51 86 82 77 6 41 36 56 83 56 74 45 20 21 1 47 77 10 52 42 76 12 9 96 66 24 34 88 78 11 70 29 48 3 57 53 44 92 60 26 99 
22 23 41 53 15 71 41 7 2 88 14 13 13 66 12 83 80 53 26 35 88 12 37 4 18 41 19 5 85 84 53 46 79 45 97 43 41 55 89 43 31 54 0 85 22 18 58 75 17 34 36 20 27 11 32 35 58 97 10 92 84 88 54 6 68 1 8 76 5 51 19 64 28 17 48 2 34 5 76 2 91 63 22 17 25 53 4 83 1 13 
9 23 23 61 24 67 49 80 68 72 5 48 17 43 92 75 60 52 54 51 92 62 80 84 24 7 73 28 41 11 73 67 35 83 4 72 19 25 29 6 35 64 85 0 26 36 52 79 41 71 31 1 46 35 3 64 98 31 80 97 84 66 54 59 67 96 73 88 12 97 92 67 79 92 32 4 28 83 34 68 54 64 20 51 98 23 15 47 53 46 
16 86 74 100 33 80 100 51 3 40 99 1 95 96 12 31 77 27 41 69 84 69 17 49 87 15 48 3 91 29 90 60 21 79 24 72 77 99 26 47 62 87 22 26 0 96 88 11 49 98 78 44 70 17 7 66 9 74 97 100 57 52 79 91 86 99 44 1 18 47 99 40 61 97 44 6 92 31 69 92 28 46 87 49 14 94 15 74 19 63 
7 23 48 35 51 22 88 76 86 82 12 76 72 92 77 40 57 67 60 14 27 63 94 31 28 7 94 86 74 69 74 65 63 10 53 1 8 11 60 94 17 71 18 36 96 0 26 27 66 4 17 3 2 13 4 20 59 54 11 19 50 55 76 94 37 44 85 17 41 72 65 7 17 31 80 87 93 5 13 59 61 81 61 62 93 16 33 51 69 44 
85 93 27 94 90 90 99 11 98 23 72 97 59 52 99 87 70 58 9 67 18 83 80 91 58 44 33 51 14 46 57 99 71 74 93 37 42 55 51 18 70 3 58 52 88 26 0 21 71 50 49 16 38 44 52 54 37 75 19 43 91 49 74 29 94 79 93 4 91 74 16 52 18 84 37 69 4 32 41 74 33 89 41 70 85 93 24 21 67 94 
71 100 9 79 52 67 1 75 68 16 54 47 39 42 10 68 20 91 80 40 3 68 96 90 27 14 70 52 22 39 12 31 62 36 41 32 15 59 44 96 45 77 75 79 11 27 21 0 63 10 94 88 38 39 66 83 94 8 8 10 60 25 93 48 45 96 79 86 22 11 26 62 32 10 54 7 30 21 52 44 82 46 32 19 36 49 53 30 57 60 
53 100 22 93 8 33 40 57 64 52 79 88 47 7 91 20 10 92 56 16 34 86 27 45 82 76 35 100 66 67 62 77 65 53 58 91 29 75 85 64 77 83 17 41 49 66 71 63 0 91 68 85 83 15 81 30 45 66 3 55 44 17 38 53 22 45 35 94 96 78 75 93 9 94 29 10 98 58 66 58 48 85 94 82 99 74 63 43 92 18 
27 28 14 86 20 82 10 51 23 18 93 13 39 28 66 48 18 72 87 63 26 2 53 55 21 19 84 57 39 50 86 56 19 99 79 15 68 71 81 78 42 51 34 71 98 4 50 10 91 0 49 35 34 86 39 55 30 73 49 78 51 23 70 11 68 98 72 66 7 89 75 6 73 68 39 23 93 2 65 84 71 65 70 4 51 9 10 32 81 58 
67 38 10 95 42 54 78 61 43 10 16 81 32 81 48 67 10 82 95 45 61 96 91 76 56 39 22 74 10 66 24 10 68 66 93 40 76 19 33 99 11 86 36 31 78 17 49 94 68 49 0 61 83 33 31 46 52 80 17 69 87 6 43 44 30 62 83 53 55 36 17 90 6 34 60 9 84 20 70 67 52 28 28 35 12 10 32 15 89 48 
86 43 85 52 47 68 57 35 96 84 92 15 53 14 70 36 59 92 81 29 28 80 16 44 34 30 8 74 83 7 69 48 17 10 41 37 92 57 35 10 10 82 20 1 44 3 16 88 85 35 61 0 84 27 5 26 71 35 40 53 87 94 88 55 83 45 88 94 53 23 13 74 42 17 53 69 51 64 30 34 79 18 81 14 97 38 91 67 24 30 
6 50 26 88 62 66 52 3 88 51 69 99 68 40 10 93 83 75 60 69 68 49 84 30 74 81 2 16 90 16 64 27 97 94 25 68 16 26 54 72 53 77 27 46 70 2 38 38 83 34 83 84 0 71 62 23 10 16 58 54 56 3 58 78 16 31 19 32 84 39 34 99 20 67 77 90 99 42 86 88 33 52 11 62 74 72 37 83 40 94 
5 99 78 26 89 22 53 1 24 91 2 4 4 74 16 98 25 89 63 70 8 24 57 90 33 17 63 10 65 76 54 22 51 5 18 100 8 49 77 18 79 6 11 35 17 13 44 39 15 86 33 27 71 0 36 95 96 93 24 63 23 95 46 6 85 31 5 5 97 33 94 48 27 79 87 59 82 98 20 55 21 56 37 12 1 24 6 97 16 82 
21 30 36 21 13 75 19 12 44 98 71 61 53 1 42 64 47 6 48 39 20 21 94 95 89 38 44 92 58 85 34 95 73 83 12 28 7 16 10 96 57 41 32 3 7 4 52 66 81 39 31 5 62 36 0 11 90 76 57 48 12 87 4 16 36 88 61 35 14 91 21 72 72 70 44 78 91 99 66 2 52 89 60 100 4 41 10 46 68 18 
82 78 94 73 94 80 99 66 28 25 97 40 48 30 8 29 30 44 69 21 98 65 37 39 2 15 41 16 79 97 58 65 36 60 24 62 49 89 25 46 7 36 35 64 66 20 54 83 30 55 46 26 23 95 11 0 93 79 5 96 95 92 83 7 26 97 98 46 68 69 16 63 99 58 14 64 59 65 5 70 64 8 10 25 5 29 43 97 8 47 
5 73 48 37 85 78 11 88 60 29 3 9 97 43 24 23 82 45 24 30 29 4 60 49 3 69 1 46 39 95 59 50 33 63 93 18 23 20 83 66 52 56 58 98 9 59 37 94 45 30 52 71 10 96 90 93 0 92 54 90 27 60 15 23 57 60 42 78 27 5 76 84 18 91 95 34 95 64 97 55 26 21 59 54 63 56 61 61 99 14 
52 67 23 9 38 15 92 84 28 46 93 89 37 24 2 44 94 10 30 40 25 60 28 55 72 46 76 36 31 93 31 47 7 24 47 96 17 40 44 42 3 83 97 31 74 54 75 8 66 73 80 35 16 93 76 79 92 0 50 25 26 16 99 82 76 41 11 54 97 38 90 14 81 84 47 75 47 95 81 24 67 92 78 30 99 90 42 97 56 44 
89 63 68 21 13 99 83 44 1 27 69 43 43 69 57 77 60 20 83 84 81 72 52 76 23 44 58 25 56 17 100 89 97 21 83 100 1 81 54 70 54 56 10 80 97 11 19 8 3 49 17 40 58 24 57 5 54 50 0 74 81 59 72 14 86 64 77 40 60 14 29 25 94 64 23 21 62 17 53 86 84 44 15 65 42 4 58 91 59 1 
32 80 24 51 82 61 89 55 27 19 48 96 59 46 9 76 57 77 60 87 50 90 83 89 100 80 19 49 85 44 10 86 61 24 62 77 29 59 16 57 46 74 92 97 100 19 43 10 55 78 69 53 54 63 48 96 90 25 74 0 64 91 12 35 5 97 99 81 88 10 46 68 35 92 31 57 64 45 26 16 82 61 60 96 77 53 51 34 43 10 
50 86 74 45 65 38 29 10 60 95 74 13 8 51 71 90 76 78 10 38 43 70 94 26 44 81 15 47 51 56 24 57 6 86 39 89 63 88 47 71 97 45 84 84 57 50 91 60 44 51 87 87 56 23 12 95 27 26 81 64 0 87 6 52 98 93 8 46 43 40 86 52 86 53 38 29 36 47 92 80 24 7 13 84 18 8 60 71 58 45 
77 61 76 23 44 81 75 12 5 20 99 77 80 51 98 100 76 47 21 50 66 85 59 41 8 57 59 40 80 20 58 94 11 18 77 55 20 16 53 26 68 20 88 66 52 55 49 25 17 23 6 94 3 95 87 92 60 16 59 91 87 0 65 19 83 71 71 80 15 78 78 57 18 63 60 55 15 98 83 2 96 74 33 19 32 45 2 50 4 13 
99 25 76 16 51 10 49 64 83 86 41 20 37 8 64 97 90 1 98 85 52 5 77 29 29 84 42 96 22 43 4 22 87 16 41 98 34 13 5 80 18 21 54 54 79 76 74 93 38 70 43 88 58 46 4 83 15 99 72 12 6 65 0 72 62 9 36 32 92 58 2 23 72 32 100 80 49 14 40 55 81 89 37 82 84 10 67 2 93 11 
89 77 7 29 63 56 55 43 22 92 89 64 65 89 37 15 65 95 95 23 47 63 82 89 84 5 43 1 19 51 72 77 44 7 93 57 36 94 28 35 88 1 6 59 91 94 29 48 53 11 44 55 78 6 16 7 23 82 14 35 52 19 72 0 55 42 15 19 65 28 27 53 59 70 62 13 93 34 44 44 65 44 58 4 50 90 44 86 71 27 
87 56 28 2 77 22 46 25 98 98 50 90 94 65 84 74 63 86 36 62 91 20 11 13 94 37 6 64 55 45 35 71 59 64 94 55 100 9 52 36 39 47 68 67 86 37 94 45 22 68 30 83 16 85 36 26 57 76 86 5 98 83 62 55 0 47 37 80 39 100 34 33 66 4 49 93 31 1 3 52 63 67 96 48 62 40 64 5 49 68 
7 3 37 47 2 14 73 79 86 70 16 46 93 27 32 87 15 93 91 53 55 84 81 80 89 48 42 85 74 13 93 14 17 69 89 66 57 19 13 32 60 77 1 96 99 44 79 96 45 98 62 45 31 31 88 97 60 41 64 97 93 71 9 42 47 0 6 38 11 91 60 90 89 97 69 80 48 55 12 13 58 12 57 40 13 11 92 27 78 87 
25 66 61 31 56 6 95 33 78 7 36 33 88 79 61 30 49 64 12 100 72 92 100 66 69 26 11 17 19 100 23 53 76 84 22 60 4 23 50 61 49 10 8 73 44 85 93 79 35 72 83 88 19 5 61 98 42 11 77 99 8 71 36 15 37 6 0 26 39 78 89 96 26 8 1 15 71 44 75 60 32 23 80 11 70 34 74 34 44 86 
73 98 42 31 8 82 61 94 45 57 64 99 55 43 41 90 38 5 46 14 55 20 41 50 9 93 76 16 47 95 9 23 79 72 48 68 31 67 18 21 9 52 76 88 1 17 4 86 94 66 53 94 32 5 35 46 78 54 40 81 46 80 32 19 80 38 26 0 90 83 98 52 74 76 29 13 1 68 90 41 15 68 49 15 82 19 58 56 30 42 
26 56 83 72 31 2 13 45 19 46 71 79 29 6 95 13 56 24 46 3 78 19 55 80 99 71 38 59 42 2 94 45 76 59 59 24 60 74 8 67 100 42 5 12 18 41 91 22 96 7 55 53 84 97 14 68 27 97 60 88 43 15 92 65 39 11 39 90 0 30 9 52 51 95 78 84 38 63 25 20 12 77 46 87 5 58 39 24 47 79 
71 93 62 79 17 5 10 11 62 52 90 42 28 41 52 84 78 47 51 31 31 46 60 45 24 45 28 60 81 47 72 72 30 5 14 38 65 79 51 81 74 76 51 97 47 72 74 11 78 89 36 23 39 33 91 69 5 38 14 10 40 78 58 28 100 91 78 83 30 0 90 66 79 5 48 97 14 55 26 7 85 87 59 35 81 36 71 18 50 95 
40 94 68 67 58 62 63 7 38 24 68 51 72 40 12 20 66 73 42 35 75 59 15 30 60 45 18 33 49 86 28 45 13 90 61 70 64 38 95 60 69 12 19 92 99 65 16 26 75 75 17 13 34 94 21 16 76 90 29 46 86 78 2 27 34 60 89 98 9 90 0 89 61 71 34 99 28 43 37 3 42 67 93 7 46 49 54 94 62 61 
70 10 63 70 18 28 97 92 87 68 3 70 84 99 25 83 100 51 88 37 65 30 13 51 94 22 15 51 93 71 48 84 39 18 91 74 61 51 43 68 8 9 64 67 40 7 52 62 93 6 90 74 99 48 72 63 84 14 25 68 52 57 23 53 33 90 96 52 52 66 89 0 20 21 45 58 79 31 38 66 1 7 67 96 47 27 18 81 25 97 
99 78 77 13 49 14 61 54 32 53 83 84 97 74 68 38 40 54 48 1 38 75 50 71 50 81 81 35 42 42 20 37 6 54 79 10 83 21 20 48 8 96 28 79 61 17 18 32 9 73 6 42 20 27 72 99 18 81 94 35 86 18 72 59 66 89 26 74 51 79 61 20 0 75 13 100 16 31 92 75 76 92 80 22 5 40 93 25 84 50 
14 16 60 72 72 32 55 13 91 64 34 64 36 6 24 54 97 78 19 69 62 70 51 85 77 37 36 89 86 69 81 90 44 34 57 64 4 45 35 54 51 66 17 92 97 31 84 10 94 68 34 17 67 79 70 58 91 84 64 92 53 63 32 70 4 97 8 76 95 5 71 21 75 0 55 15 39 72 15 45 38 62 91 64 80 23 40 76 98 4 
30 33 38 30 41 95 97 72 55 39 60 69 53 42 68 57 12 55 41 39 56 44 92 86 70 28 87 78 33 33 72 51 74 53 95 97 79 76 23 74 42 24 48 32 44 80 37 54 29 39 60 53 77 87 44 14 95 47 23 31 38 60 100 62 49 69 1 29 78 48 34 45 13 55 0 27 65 35 70 39 62 61 71 83 66 10 75 90 94 76 
66 15 50 12 34 94 12 5 34 44 82 36 91 22 79 69 69 32 88 21 73 96 19 20 88 96 28 89 84 23 61 96 78 84 2 33 59 20 97 47 21 34 2 4 6 87 69 7 10 23 9 69 90 59 78 64 34 75 21 57 29 55 80 13 93 80 15 13 84 97 99 58 100 15 27 0 97 60 14 68 26 10 6 88 53 69 67 75 61 94 
72 38 59 6 74 5 43 88 76 45 45 91 59 49 52 45 53 96 30 82 40 85 96 67 4 95 29 74 11 89 6 7 58 95 9 16 64 7 94 48 67 88 34 28 92 93 4 30 98 93 84 51 99 82 91 59 95 47 62 64 36 15 49 93 31 48 71 1 38 14 28 79 16 39 65 97 0 24 64 21 41 50 90 31 64 3 1 46 68 11 
14 25 64 75 82 36 95 82 4 13 83 66 11 45 19 95 81 64 2 5 26 78 24 77 27 24 72 80 99 78 28 1 96 26 39 34 20 82 25 43 63 78 5 83 31 5 32 21 58 2 20 64 42 98 99 65 64 95 17 45 47 98 14 34 1 55 44 68 63 55 43 31 31 72 35 60 24 0 73 9 4 100 5 15 14 73 40 23 78 27 
36 67 10 90 85 12 12 31 2 60 87 35 81 63 40 88 88 74 19 13 76 63 66 61 15 61 50 41 5 61 72 79 40 19 94 16 73 30 92 42 65 11 76 34 69 13 41 52 66 65 70 30 86 20 66 5 97 81 53 26 92 83 40 44 3 12 75 90 25 26 37 38 92 15 70 14 64 73 0 75 98 45 2 10 91 77 26 11 17 75 
24 89 32 50 33 38 34 45 39 96 76 30 5 55 42 65 63 87 37 49 25 70 75 11 38 71 15 26 76 55 19 83 22 99 67 58 92 81 30 63 96 70 2 68 92 59 74 44 58 84 67 34 88 55 2 70 55 24 86 16 80 2 55 44 52 13 60 41 20 7 3 66 75 45 39 68 21 9 75 0 52 48 38 54 100 36 73 10 60 34 
93 5 77 12 2 17 56 84 26 30 28 78 1 72 36 42 50 35 40 68 51 79 28 83 100 42 7 88 89 79 13 57 14 24 69 100 39 4 57 20 5 29 91 54 28 61 33 82 48 71 52 79 33 21 52 64 26 67 84 82 24 96 81 65 63 58 32 15 12 85 42 1 76 38 62 26 41 4 98 52 0 65 59 38 79 24 62 71 99 91 
54 4 20 36 27 65 42 91 96 69 2 15 65 43 87 54 49 55 13 57 88 58 56 89 70 99 71 66 14 79 47 88 7 36 87 55 48 100 24 92 76 48 63 64 46 81 89 46 85 65 28 18 52 56 89 8 21 92 44 61 7 74 89 44 67 12 23 68 77 87 67 7 92 62 61 10 50 100 45 48 65 0 97 25 41 94 26 50 84 3 
62 84 16 1 32 5 90 31 86 31 19 96 10 20 63 52 73 78 17 77 52 1 90 55 23 52 23 99 10 14 39 83 90 60 59 95 84 90 65 72 5 3 22 20 87 61 41 32 94 70 28 81 11 37 60 10 59 78 15 60 13 33 37 58 96 57 80 49 46 59 93 67 80 91 71 6 90 5 2 38 59 97 0 75 46 71 2 49 70 39 
50 6 55 99 63 34 7 86 66 32 96 29 21 11 45 86 85 61 51 88 70 27 63 64 25 22 8 56 78 94 76 83 62 69 94 68 55 30 10 43 9 57 17 51 49 62 70 19 82 4 35 14 62 12 100 25 54 30 65 96 84 19 82 4 48 40 11 15 87 35 7 96 22 64 83 88 31 15 10 54 38 25 75 0 55 70 26 27 79 85 
58 54 97 13 67 38 94 43 19 11 56 70 20 68 2 52 73 44 28 27 48 82 64 78 55 67 85 76 30 6 1 62 9 40 56 6 55 48 1 9 6 53 25 98 14 93 85 36 99 51 12 97 74 1 4 5 63 99 42 77 18 32 84 50 62 13 70 82 5 81 46 47 5 80 66 53 64 14 91 100 79 41 46 55 0 12 96 96 50 26 
34 65 3 22 44 79 8 42 30 81 41 56 62 73 5 16 19 35 64 68 71 21 35 1 11 42 18 90 68 98 72 29 63 94 70 74 42 57 26 19 13 44 53 23 94 16 93 49 74 9 10 38 72 24 41 29 56 90 4 53 8 45 10 90 40 11 34 19 58 36 49 27 40 23 10 69 3 73 77 36 24 94 71 70 12 0 19 63 96 17 
32 83 100 71 8 14 6 3 93 9 93 20 20 93 5 15 14 56 20 8 67 44 100 2 79 37 100 23 57 91 85 99 98 28 17 81 55 70 34 88 15 92 4 15 15 33 24 53 63 10 32 91 37 6 10 43 61 42 58 51 60 2 67 44 64 92 74 58 39 71 54 18 93 40 75 67 1 40 26 73 62 26 2 26 96 19 0 6 93 42 
62 78 96 50 52 15 57 30 79 92 58 78 17 62 77 26 6 88 3 56 28 37 24 78 57 87 85 21 68 100 59 63 93 55 49 24 29 67 35 26 9 60 83 47 74 51 21 30 43 32 15 67 83 97 46 97 61 97 91 34 71 50 2 86 5 27 34 56 24 18 94 81 25 76 90 75 46 23 11 10 71 50 49 27 96 63 6 0 46 38 
86 83 25 82 33 46 99 77 9 26 33 96 50 96 58 59 65 44 45 59 95 32 14 55 35 87 45 26 98 42 54 75 21 18 69 69 58 96 69 60 68 26 1 53 19 69 67 57 92 81 89 24 40 16 68 8 99 56 59 43 58 4 93 71 49 78 44 30 47 50 62 25 84 98 94 61 68 78 17 60 99 84 70 79 50 96 93 46 0 67 
72 97 67 43 20 64 88 46 94 87 13 62 15 13 13 91 74 27 54 43 48 67 51 29 1 32 58 47 64 59 36 87 46 49 51 80 55 2 39 57 20 99 13 46 63 44 94 60 18 58 48 30 94 82 18 47 14 44 1 10 45 13 11 27 68 87 86 42 79 95 61 97 50 4 76 94 11 27 75 34 91 3 39 85 26 17 42 38 67 0 
