20
0 504 503 242 786 113 877 28 212 99 514 681 986 698 387 190 896 891 241 246 
504 0 57 314 898 84 3 532 3 660 859 683 117 563 539 619 805 324 731 33 
503 57 0 703 294 483 216 326 469 266 65 658 161 307 250 407 363 916 656 447 
242 314 703 0 918 539 801 577 397 483 46 311 21 16 467 344 99 852 47 744 
786 898 294 918 0 334 262 422 802 879 486 811 40 792 413 798 155 328 453 601 
113 84 483 539 334 0 245 343 401 174 91 235 571 401 256 586 868 951 684 719 
877 3 216 801 262 245 0 997 780 52 611 201 206 489 686 368 880 477 780 677 
28 532 326 577 422 343 997 0 983 459 129 935 704 823 687 229 913 922 799 314 
212 3 469 397 802 401 780 983 0 177 736 181 479 772 899 476 551 302 438 751 
99 660 266 483 879 174 52 459 177 0 507 278 788 227 158 616 6 834 599 817 
514 859 65 46 486 91 611 129 736 507 0 315 533 520 137 220 100 50 493 250 
681 683 658 311 811 235 201 935 181 278 315 0 363 21 985 895 499 756 145 326 
986 117 161 21 40 571 206 704 479 788 533 363 0 658 446 763 408 305 393 547 
698 563 307 16 792 401 489 823 772 227 520 21 658 0 531 550 163 888 735 761 
387 539 250 467 413 256 686 687 899 158 137 985 446 531 0 704 49 645 575 538 
190 619 407 344 798 586 368 229 476 616 220 895 763 550 704 0 216 674 939 708 
896 805 363 99 155 868 880 913 551 6 100 499 408 163 49 216 0 923 653 728 
891 324 916 852 328 951 477 922 302 834 50 756 305 888 645 674 923 0 260 547 
241 731 656 47 453 684 780 799 438 599 493 145 393 735 575 939 653 260 0 227 
246 33 447 744 601 719 677 314 751 817 250 326 547 761 538 708 728 547 227 0 
