60
0 77 3 61 85 74 77 32 81 75 3 54 37 95 46 40 58 10 48 17 33 22 4 39 12 94 47 52 32 27 62 2 3 17 62 39 90 90 70 71 16 24 24 5 71 70 44 28 31 43 96 63 64 51 53 27 44 52 78 75 
77 0 78 92 29 33 8 42 71 97 32 93 67 99 16 43 3 38 64 98 66 94 40 13 56 56 64 60 82 7 11 12 34 89 3 14 73 10 55 43 6 38 35 25 37 3 19 91 40 82 89 57 27 28 70 34 83 33 93 17 
3 78 0 91 4 28 76 44 30 89 16 91 44 10 48 81 45 24 17 99 42 8 90 75 48 99 1 75 68 34 10 52 79 78 94 82 5 70 77 86 58 44 28 53 53 75 34 49 99 2 47 92 61 37 67 8 35 19 35 54 
61 92 91 0 5 96 57 83 73 50 16 29 19 44 14 29 87 93 81 39 67 66 88 17 68 34 9 80 22 27 88 8 97 74 61 1 69 69 35 93 19 50 21 89 93 86 69 31 78 50 70 96 67 9 13 34 42 73 66 16 
85 29 4 5 0 99 5 23 47 78 36 48 98 4 34 42 74 36 62 15 28 99 83 11 28 84 80 23 51 88 87 36 81 59 1 48 9 5 23 56 34 58 55 31 13 88 72 39 23 85 53 3 35 35 13 62 19 44 37 21 
74 33 28 96 99 0 31 75 56 63 34 9 11 94 13 33 49 47 42 55 29 6 43 53 44 17 37 96 19 72 83 83 85 53 26 73 73 8 48 80 23 33 88 33 26 1 17 27 99 58 81 27 15 23 79 59 92 68 6 10 
77 8 76 57 5 31 0 91 88 45 27 92 70 100 64 30 99 44 52 31 31 36 8 83 52 34 81 61 15 60 75 89 90 85 80 57 43 42 99 82 86 26 74 7 77 89 36 75 32 39 57 15 74 16 49 25 50 82 37 16 
32 42 44 83 23 75 91 0 41 64 4 82 48 36 91 90 77 89 72 14 66 97 20 42 85 8 68 69 46 76 35 20 92 83 96 93 64 33 8 56 48 63 38 47 98 80 37 26 68 60 39 86 56 59 79 92 18 47 60 63 
81 71 30 73 47 56 88 41 0 74 94 82 65 77 30 57 92 14 16 48 61 79 37 7 28 68 95 54 87 6 44 72 61 54 51 5 71 49 64 34 22 58 67 39 86 96 47 29 9 63 28 21 93 64 28 72 31 22 77 70 
75 97 89 50 78 63 45 64 74 0 28 21 41 40 74 91 96 45 91 60 78 13 69 96 51 6 92 97 34 52 11 62 73 3 77 52 75 60 25 51 29 52 23 21 44 97 64 39 93 54 50 70 66 70 17 68 75 8 65 61 
3 32 16 16 36 34 27 4 94 28 0 12 27 22 36 30 50 87 56 61 11 58 89 15 81 62 10 29 25 100 21 78 50 42 96 19 58 63 46 18 79 6 29 6 79 64 35 80 2 42 41 12 51 81 26 31 42 35 11 66 
54 93 91 29 48 9 92 82 82 21 12 0 35 31 44 36 72 39 6 82 1 51 99 32 8 79 37 38 94 71 18 95 64 58 58 14 90 84 97 32 70 7 97 56 38 92 91 61 82 49 42 35 99 92 66 59 22 2 96 15 
37 67 44 19 98 11 70 48 65 41 27 35 0 24 13 61 87 22 19 52 12 54 48 43 75 7 91 31 96 35 73 8 16 21 2 50 72 93 15 30 67 16 25 81 91 90 94 77 11 64 81 74 69 80 16 43 86 59 25 81 
95 99 10 44 4 94 100 36 77 40 22 31 24 0 93 98 89 8 18 90 10 89 34 24 70 100 92 95 33 82 84 26 11 46 41 91 20 9 70 87 51 8 45 76 88 89 25 28 49 94 69 58 83 3 81 4 2 24 98 86 
46 16 48 14 34 13 64 91 30 74 36 44 13 93 0 58 33 63 68 31 3 10 50 11 31 88 14 38 85 41 78 73 65 5 21 58 74 78 92 28 11 96 81 86 45 67 43 30 29 10 12 84 71 13 46 2 100 59 39 84 
40 43 81 29 42 33 30 90 57 91 30 36 61 98 58 0 51 16 9 15 73 29 25 98 59 68 25 21 15 57 6 12 23 49 93 4 10 4 87 81 16 32 82 67 43 72 51 93 40 59 60 12 39 36 9 97 3 85 69 18 
58 3 45 87 74 49 99 77 92 96 50 72 87 89 33 51 0 41 75 81 16 75 73 71 84 76 57 16 43 40 49 9 34 21 11 27 60 21 38 23 60 73 83 8 27 19 77 96 11 3 76 26 77 48 48 12 75 56 28 69 
10 38 24 93 36 47 44 89 14 45 87 39 22 8 63 16 41 0 96 28 78 81 48 40 59 59 61 96 33 20 20 15 79 47 33 55 94 44 57 70 21 85 69 69 97 96 24 76 64 71 3 93 52 3 33 62 13 45 58 46 
48 64 17 81 62 42 52 72 16 91 56 6 19 18 68 9 75 96 0 16 29 12 94 27 97 1 21 40 57 42 12 94 62 32 42 57 8 17 73 78 71 17 81 25 1 43 90 45 52 35 60 80 98 54 59 94 54 79 85 62 
17 98 99 39 15 55 31 14 48 60 61 82 52 90 31 15 81 28 16 0 72 97 7 33 28 48 42 35 64 14 65 87 82 97 11 83 39 100 27 42 86 39 74 84 92 32 29 97 10 14 10 81 10 17 65 89 64 6 76 80 
33 66 42 67 28 29 31 66 61 78 11 1 12 10 3 73 16 78 29 72 0 19 40 66 53 88 28 35 79 80 61 20 17 99 93 52 42 76 81 90 37 94 52 17 55 68 34 43 83 39 18 14 10 9 31 62 49 11 96 27 
22 94 8 66 99 6 36 97 79 13 58 51 54 89 10 29 75 81 12 97 19 0 90 8 46 6 59 91 58 52 66 38 42 55 83 93 23 37 12 56 79 46 95 49 60 4 9 90 17 57 100 12 83 41 71 81 99 29 23 56 
4 40 90 88 83 43 8 20 37 69 89 99 48 34 50 25 73 48 94 7 40 90 0 81 40 45 74 94 27 66 17 15 29 72 93 74 18 93 85 73 54 75 89 10 26 52 45 19 23 25 17 51 99 24 83 38 20 56 84 98 
39 13 75 17 11 53 83 42 7 96 15 32 43 24 11 98 71 40 27 33 66 8 81 0 73 100 12 1 23 56 27 41 49 11 13 2 37 54 63 15 5 7 33 27 83 1 30 33 24 12 71 95 20 54 92 92 5 3 45 27 
12 56 48 68 28 44 52 85 28 51 81 8 75 70 31 59 84 59 97 28 53 46 40 73 0 58 23 19 58 33 32 59 70 85 74 84 89 32 68 68 15 20 97 99 43 60 69 89 31 74 80 75 78 82 19 57 91 41 75 49 
94 56 99 34 84 17 34 8 68 6 62 79 7 100 88 68 76 59 1 48 88 6 45 100 58 0 25 58 59 94 42 84 29 83 16 48 2 82 67 50 80 61 9 49 49 92 74 80 66 4 13 84 60 4 76 34 4 100 44 14 
47 64 1 9 80 37 81 68 95 92 10 37 91 92 14 25 57 61 21 42 28 59 74 12 23 25 0 46 85 98 26 19 13 26 72 94 92 21 25 5 82 73 53 73 99 33 38 2 97 73 13 100 48 98 55 99 41 69 96 26 
52 60 75 80 23 96 61 69 54 97 29 38 31 95 38 21 16 96 40 35 35 91 94 1 19 58 46 0 66 22 96 78 99 68 23 90 40 47 94 21 72 99 93 22 83 30 23 79 54 35 79 53 84 85 52 25 53 99 2 18 
32 82 68 22 51 19 15 46 87 34 25 94 96 33 85 15 43 33 57 64 79 58 27 23 58 59 85 66 0 72 97 47 70 16 21 60 8 20 5 28 91 55 73 12 37 54 86 16 8 72 46 60 55 30 63 79 83 62 32 52 
27 7 34 27 88 72 60 76 6 52 100 71 35 82 41 57 40 20 42 14 80 52 66 56 33 94 98 22 72 0 33 29 51 55 96 71 66 3 90 70 83 32 25 55 43 13 8 80 28 15 3 25 27 10 7 89 88 41 2 72 
62 11 10 88 87 83 75 35 44 11 21 18 73 84 78 6 49 20 12 65 61 66 17 27 32 42 26 96 97 33 0 92 87 100 42 41 47 65 6 2 54 27 84 86 3 90 80 16 97 12 43 64 14 20 42 23 26 30 63 66 
2 12 52 8 36 83 89 20 72 62 78 95 8 26 73 12 9 15 94 87 20 38 15 41 59 84 19 78 47 29 92 0 32 34 9 70 85 3 10 83 67 67 84 20 93 19 57 96 8 37 11 57 48 5 72 13 76 13 36 1 
3 34 79 97 81 85 90 92 61 73 50 64 16 11 65 23 34 79 62 82 17 42 29 49 70 29 13 99 70 51 87 32 0 42 98 18 25 31 79 94 67 81 55 49 99 21 33 18 14 3 27 61 63 63 71 19 62 27 90 74 
17 89 78 74 59 53 85 83 54 3 42 58 21 46 5 49 21 47 32 97 99 55 72 11 85 83 26 68 16 55 100 34 42 0 3 54 9 55 47 58 25 24 40 3 17 6 35 24 55 33 44 39 50 9 93 76 69 55 90 91 
62 3 94 61 1 26 80 96 51 77 96 58 2 41 21 93 11 33 42 11 93 83 93 13 74 16 72 23 21 96 42 9 98 3 0 25 3 18 14 77 20 19 37 26 66 47 50 89 86 52 57 44 38 80 50 70 76 40 72 84 
39 14 82 1 48 73 57 93 5 52 19 14 50 91 58 4 27 55 57 83 52 93 74 2 84 48 94 90 60 71 41 70 18 54 25 0 32 99 53 87 89 43 11 43 60 77 19 31 95 8 9 12 54 58 100 91 62 9 34 99 
90 73 5 69 9 73 43 64 71 75 58 90 72 20 74 10 60 94 8 39 42 23 18 37 89 2 92 40 8 66 47 85 25 9 3 32 0 88 83 69 63 74 92 99 6 90 51 92 30 93 54 73 5 30 43 87 77 2 95 40 
90 10 70 69 5 8 42 33 49 60 63 84 93 9 78 4 21 44 17 100 76 37 93 54 32 82 21 47 20 3 65 3 31 55 18 99 88 0 7 53 40 98 66 100 83 16 87 18 36 2 91 27 100 96 17 2 39 98 46 93 
70 55 77 35 23 48 99 8 64 25 46 97 15 70 92 87 38 57 73 27 81 12 85 63 68 67 25 94 5 90 6 10 79 47 14 53 83 7 0 70 50 74 65 89 2 66 83 42 73 87 33 22 52 32 4 68 70 21 3 71 
71 43 86 93 56 80 82 56 34 51 18 32 30 87 28 81 23 70 78 42 90 56 73 15 68 50 5 21 28 70 2 83 94 58 77 87 69 53 70 0 64 82 22 59 98 23 98 95 21 42 17 70 67 81 58 69 98 93 10 70 
16 6 58 19 34 23 86 48 22 29 79 70 67 51 11 16 60 21 71 86 37 79 54 5 15 80 82 72 91 83 54 67 67 25 20 89 63 40 50 64 0 79 42 43 83 73 47 2 94 19 56 17 82 37 38 93 86 13 42 33 
24 38 44 50 58 33 26 63 58 52 6 7 16 8 96 32 73 85 17 39 94 46 75 7 20 61 73 99 55 32 27 67 81 24 19 43 74 98 74 82 79 0 33 83 49 54 49 81 64 69 78 8 78 100 86 71 42 20 95 40 
24 35 28 21 55 88 74 38 67 23 29 97 25 45 81 82 83 69 81 74 52 95 89 33 97 9 53 93 73 25 84 84 55 40 37 11 92 66 65 22 42 33 0 73 89 59 81 5 92 17 94 84 55 58 25 87 42 59 87 96 
5 25 53 89 31 33 7 47 39 21 6 56 81 76 86 67 8 69 25 84 17 49 10 27 99 49 73 22 12 55 86 20 49 3 26 43 99 100 89 59 43 83 73 0 60 67 11 28 96 18 6 95 55 28 89 27 23 80 99 11 
71 37 53 93 13 26 77 98 86 44 79 38 91 88 45 43 27 97 1 92 55 60 26 83 43 49 99 83 37 43 3 93 99 17 66 60 6 83 2 98 83 49 89 60 0 38 79 15 82 48 8 17 2 18 94 40 59 52 26 54 
70 3 75 86 88 1 89 80 96 97 64 92 90 89 67 72 19 96 43 32 68 4 52 1 60 92 33 30 54 13 90 19 21 6 47 77 90 16 66 23 73 54 59 67 38 0 63 44 16 91 91 33 48 38 40 75 26 66 97 5 
44 19 34 69 72 17 36 37 47 64 35 91 94 25 43 51 77 24 90 29 34 9 45 30 69 74 38 23 86 8 80 57 33 35 50 19 51 87 83 98 47 49 81 11 79 63 0 64 59 95 95 25 28 42 85 44 95 2 37 86 
28 91 49 31 39 27 75 26 29 39 80 61 77 28 30 93 96 76 45 97 43 90 19 33 89 80 2 79 16 80 16 96 18 24 89 31 92 18 42 95 2 81 5 28 15 44 64 0 60 41 63 66 3 6 81 45 96 66 44 85 
31 40 99 78 23 99 32 68 9 93 2 82 11 49 29 40 11 64 52 10 83 17 23 24 31 66 97 54 8 28 97 8 14 55 86 95 30 36 73 21 94 64 92 96 82 16 59 60 0 5 19 10 70 67 67 85 78 13 79 2 
43 82 2 50 85 58 39 60 63 54 42 49 64 94 10 59 3 71 35 14 39 57 25 12 74 4 73 35 72 15 12 37 3 33 52 8 93 2 87 42 19 69 17 18 48 91 95 41 5 0 40 72 86 35 18 87 72 3 47 12 
96 89 47 70 53 81 57 39 28 50 41 42 81 69 12 60 76 3 60 10 18 100 17 71 80 13 13 79 46 3 43 11 27 44 57 9 54 91 33 17 56 78 94 6 8 91 95 63 19 40 0 17 12 66 74 44 11 22 9 54 
63 57 92 96 3 27 15 86 21 70 12 35 74 58 84 12 26 93 80 81 14 12 51 95 75 84 100 53 60 25 64 57 61 39 44 12 73 27 22 70 17 8 84 95 17 33 25 66 10 72 17 0 6 13 24 16 34 43 34 19 
64 27 61 67 35 15 74 56 93 66 51 99 69 83 71 39 77 52 98 10 10 83 99 20 78 60 48 84 55 27 14 48 63 50 38 54 5 100 52 67 82 78 55 55 2 48 28 3 70 86 12 6 0 20 46 49 21 37 73 7 
51 28 37 9 35 23 16 59 64 70 81 92 80 3 13 36 48 3 54 17 9 41 24 54 82 4 98 85 30 10 20 5 63 9 80 58 30 96 32 81 37 100 58 28 18 38 42 6 67 35 66 13 20 0 71 42 45 94 45 43 
53 70 67 13 13 79 49 79 28 17 26 66 16 81 46 9 48 33 59 65 31 71 83 92 19 76 55 52 63 7 42 72 71 93 50 100 43 17 4 58 38 86 25 89 94 40 85 81 67 18 74 24 46 71 0 57 13 54 23 87 
27 34 8 34 62 59 25 92 72 68 31 59 43 4 2 97 12 62 94 89 62 81 38 92 57 34 99 25 79 89 23 13 19 76 70 91 87 2 68 69 93 71 87 27 40 75 44 45 85 87 44 16 49 42 57 0 50 85 8 58 
44 83 35 42 19 92 50 18 31 75 42 22 86 2 100 3 75 13 54 64 49 99 20 5 91 4 41 53 83 88 26 76 62 69 76 62 77 39 70 98 86 42 42 23 59 26 95 96 78 72 11 34 21 45 13 50 0 90 13 23 
52 33 19 73 44 68 82 47 22 8 35 2 59 24 59 85 56 45 79 6 11 29 56 3 41 100 69 99 62 41 30 13 27 55 40 9 2 98 21 93 13 20 59 80 52 66 2 66 13 3 22 43 37 94 54 85 90 0 14 80 
78 93 35 66 37 6 37 60 77 65 11 96 25 98 39 69 28 58 85 76 96 23 84 45 75 44 96 2 32 2 63 36 90 90 72 34 95 46 3 10 42 95 87 99 26 97 37 44 79 47 9 34 73 45 23 8 13 14 0 56 
75 17 54 16 21 10 16 63 70 61 66 15 81 86 84 18 69 46 62 80 27 56 98 27 49 14 26 18 52 72 66 1 74 91 84 99 40 93 71 70 33 40 96 11 54 5 86 85 2 12 54 19 7 43 87 58 23 80 56 0 
