50
0 17 15 61 78 71 53 49 67 20 21 13 30 38 71 3 99 22 83 89 88 18 2 19 22 73 30 83 94 47 88 20 15 54 32 92 25 84 92 43 4 64 55 85 1 25 39 99 98 74 
17 0 39 86 91 92 56 64 65 38 47 10 84 86 81 50 40 12 41 16 48 84 58 51 47 12 87 100 89 25 50 86 50 89 71 40 80 79 4 96 16 2 5 51 87 37 100 78 49 92 
15 39 0 93 96 75 50 98 73 14 84 24 2 60 26 39 10 66 62 1 97 40 56 93 55 57 49 57 96 86 56 73 34 47 66 81 73 67 78 97 80 61 73 81 20 98 20 81 63 33 
61 86 93 0 82 59 72 37 3 78 46 52 34 41 37 89 13 22 87 30 2 11 97 79 7 76 91 31 9 10 28 80 91 42 12 24 53 35 12 7 12 57 58 45 97 46 85 62 67 23 
78 91 96 82 0 91 20 33 39 98 91 15 88 22 75 50 1 54 92 95 17 67 47 51 78 53 62 35 63 58 83 8 94 96 27 16 39 46 100 77 96 90 43 35 63 17 36 64 22 79 
71 92 75 59 91 0 58 38 45 56 88 23 60 1 9 22 10 43 82 3 39 8 70 77 5 69 5 100 59 48 35 21 16 22 36 38 1 45 27 45 100 67 19 60 19 27 33 29 22 14 
53 56 50 72 20 58 0 83 60 73 5 88 78 73 44 29 83 91 15 56 59 37 91 48 37 88 26 81 87 92 100 98 63 78 83 43 99 48 25 10 21 81 97 50 54 41 78 88 83 45 
49 64 98 37 33 38 83 0 43 93 81 86 40 17 73 18 49 11 9 100 9 23 78 91 65 28 38 42 38 10 22 86 11 75 78 89 63 13 85 57 5 65 94 97 33 66 14 81 77 74 
67 65 73 3 39 45 60 43 0 33 37 97 62 79 61 89 68 54 78 30 76 16 40 50 93 80 64 57 64 73 14 28 66 62 60 84 27 93 12 52 25 48 48 86 78 61 26 97 66 4 
20 38 14 78 98 56 73 93 33 0 26 41 19 66 43 63 97 58 72 61 30 85 40 48 98 52 31 24 44 42 75 20 41 75 57 70 87 82 66 52 37 92 93 7 9 35 70 5 92 93 
21 47 84 46 91 88 5 81 37 26 0 65 74 77 5 73 26 56 3 49 51 96 23 22 88 49 78 57 35 59 22 39 96 65 83 2 73 69 23 78 12 15 94 85 43 50 57 68 57 11 
13 10 24 52 15 23 88 86 97 41 65 0 68 7 6 43 28 45 91 57 1 78 16 23 16 63 87 50 64 12 18 39 89 29 53 34 14 48 84 22 67 40 85 35 99 90 77 78 35 67 
30 84 2 34 88 60 78 40 62 19 74 68 0 35 87 96 50 61 63 64 100 12 27 11 29 17 51 58 22 84 23 69 67 96 87 7 80 21 57 22 97 34 8 16 68 94 63 69 55 26 
38 86 60 41 22 1 73 17 79 66 77 7 35 0 32 54 89 11 16 18 27 66 27 100 49 1 68 68 48 55 26 28 27 82 49 76 15 8 91 35 1 53 3 7 30 87 12 19 49 27 
71 81 26 37 75 9 44 73 61 43 5 6 87 32 0 88 27 44 66 27 93 18 46 12 65 100 37 92 79 18 92 54 84 99 96 18 52 100 73 10 30 11 22 100 59 100 87 85 44 4 
3 50 39 89 50 22 29 18 89 63 73 43 96 54 88 0 11 88 21 57 99 85 8 87 29 86 4 20 91 39 19 86 57 22 86 81 31 15 91 4 14 49 4 52 33 99 7 96 38 27 
99 40 10 13 1 10 83 49 68 97 26 28 50 89 27 11 0 52 88 63 11 74 91 49 29 11 39 67 81 25 23 2 10 55 84 76 45 88 41 93 91 44 78 41 50 73 78 28 76 17 
22 12 66 22 54 43 91 11 54 58 56 45 61 11 44 88 52 0 90 86 90 81 86 18 43 25 36 23 1 11 76 10 65 11 85 10 98 77 2 40 20 79 32 69 3 9 96 78 25 85 
83 41 62 87 92 82 15 9 78 72 3 91 63 16 66 21 88 90 0 16 66 17 1 83 59 77 71 33 77 81 60 38 45 71 74 54 20 50 56 60 69 86 91 37 89 52 84 18 28 21 
89 16 1 30 95 3 56 100 30 61 49 57 64 18 27 57 63 86 16 0 85 94 37 38 28 96 14 98 80 43 78 40 80 23 62 54 76 81 3 83 92 72 21 83 60 9 86 96 78 13 
88 48 97 2 17 39 59 9 76 30 51 1 100 27 93 99 11 90 66 85 0 16 63 58 52 100 86 99 13 35 79 7 65 70 87 39 83 92 66 63 94 49 55 17 21 89 29 29 74 24 
18 84 40 11 67 8 37 23 16 85 96 78 12 66 18 85 74 81 17 94 16 0 58 38 39 20 96 90 19 33 41 84 19 71 42 83 40 28 21 22 19 87 36 65 87 42 81 7 30 61 
2 58 56 97 47 70 91 78 40 40 23 16 27 27 46 8 91 86 1 37 63 58 0 87 55 84 44 93 22 64 40 64 34 24 4 69 42 26 11 25 65 90 45 38 9 83 25 25 69 67 
19 51 93 79 51 77 48 91 50 48 22 23 11 100 12 87 49 18 83 38 58 38 87 0 57 27 48 18 13 3 1 57 47 75 72 86 38 57 9 93 26 50 18 88 26 34 77 23 23 37 
22 47 55 7 78 5 37 65 93 98 88 16 29 49 65 29 29 43 59 28 52 39 55 57 0 5 47 61 26 65 18 52 13 35 65 15 87 73 61 61 96 98 50 52 6 94 77 7 63 64 
73 12 57 76 53 69 88 28 80 52 49 63 17 1 100 86 11 25 77 96 100 20 84 27 5 0 33 48 93 55 70 29 11 69 90 36 85 59 40 97 45 56 63 31 28 75 44 23 72 45 
30 87 49 91 62 5 26 38 64 31 78 87 51 68 37 4 39 36 71 14 86 96 44 48 47 33 0 26 29 91 55 36 53 70 20 1 62 26 22 91 36 42 32 24 27 90 63 75 34 70 
83 100 57 31 35 100 81 42 57 24 57 50 58 68 92 20 67 23 33 98 99 90 93 18 61 48 26 0 38 16 97 12 59 71 36 56 96 64 46 50 51 50 20 22 50 33 47 24 23 35 
94 89 96 9 63 59 87 38 64 44 35 64 22 48 79 91 81 1 77 80 13 19 22 13 26 93 29 38 0 17 6 58 95 95 72 70 80 41 7 96 89 70 6 11 5 61 58 21 58 60 
47 25 86 10 58 48 92 10 73 42 59 12 84 55 18 39 25 11 81 43 35 33 64 3 65 55 91 16 17 0 71 8 31 45 9 63 91 32 86 25 1 43 34 95 38 57 64 17 49 22 
88 50 56 28 83 35 100 22 14 75 22 18 23 26 92 19 23 76 60 78 79 41 40 1 18 70 55 97 6 71 0 64 89 44 70 99 48 82 57 20 40 68 43 47 98 87 55 60 77 39 
20 86 73 80 8 21 98 86 28 20 39 39 69 28 54 86 2 10 38 40 7 84 64 57 52 29 36 12 58 8 64 0 97 54 39 40 39 33 29 48 97 45 96 70 61 37 13 30 35 13 
15 50 34 91 94 16 63 11 66 41 96 89 67 27 84 57 10 65 45 80 65 19 34 47 13 11 53 59 95 31 89 97 0 11 43 32 2 10 74 48 7 12 3 19 41 93 15 94 31 6 
54 89 47 42 96 22 78 75 62 75 65 29 96 82 99 22 55 11 71 23 70 71 24 75 35 69 70 71 95 45 44 54 11 0 84 15 34 83 63 79 31 33 39 67 45 20 1 57 82 96 
32 71 66 12 27 36 83 78 60 57 83 53 87 49 96 86 84 85 74 62 87 42 4 72 65 90 20 36 72 9 70 39 43 84 0 41 84 5 66 83 64 78 37 82 18 29 48 63 59 54 
92 40 81 24 16 38 43 89 84 70 2 34 7 76 18 81 76 10 54 54 39 83 69 86 15 36 1 56 70 63 99 40 32 15 41 0 98 26 87 81 88 17 11 20 7 77 17 26 29 25 
25 80 73 53 39 1 99 63 27 87 73 14 80 15 52 31 45 98 20 76 83 40 42 38 87 85 62 96 80 91 48 39 2 34 84 98 0 60 24 65 43 81 83 77 44 60 14 77 77 42 
84 79 67 35 46 45 48 13 93 82 69 48 21 8 100 15 88 77 50 81 92 28 26 57 73 59 26 64 41 32 82 33 10 83 5 26 60 0 76 91 53 29 88 78 68 68 65 84 78 85 
92 4 78 12 100 27 25 85 12 66 23 84 57 91 73 91 41 2 56 3 66 21 11 9 61 40 22 46 7 86 57 29 74 63 66 87 24 76 0 91 6 53 68 35 77 79 10 94 73 90 
43 96 97 7 77 45 10 57 52 52 78 22 22 35 10 4 93 40 60 83 63 22 25 93 61 97 91 50 96 25 20 48 48 79 83 81 65 91 91 0 76 50 85 35 63 13 63 4 89 53 
4 16 80 12 96 100 21 5 25 37 12 67 97 1 30 14 91 20 69 92 94 19 65 26 96 45 36 51 89 1 40 97 7 31 64 88 43 53 6 76 0 8 69 40 85 36 60 2 20 89 
64 2 61 57 90 67 81 65 48 92 15 40 34 53 11 49 44 79 86 72 49 87 90 50 98 56 42 50 70 43 68 45 12 33 78 17 81 29 53 50 8 0 38 62 95 90 81 81 66 60 
55 5 73 58 43 19 97 94 48 93 94 85 8 3 22 4 78 32 91 21 55 36 45 18 50 63 32 20 6 34 43 96 3 39 37 11 83 88 68 85 69 38 0 90 59 32 32 34 81 16 
85 51 81 45 35 60 50 97 86 7 85 35 16 7 100 52 41 69 37 83 17 65 38 88 52 31 24 22 11 95 47 70 19 67 82 20 77 78 35 35 40 62 90 0 20 43 29 82 99 69 
1 87 20 97 63 19 54 33 78 9 43 99 68 30 59 33 50 3 89 60 21 87 9 26 6 28 27 50 5 38 98 61 41 45 18 7 44 68 77 63 85 95 59 20 0 34 6 37 26 43 
25 37 98 46 17 27 41 66 61 35 50 90 94 87 100 99 73 9 52 9 89 42 83 34 94 75 90 33 61 57 87 37 93 20 29 77 60 68 79 13 36 90 32 43 34 0 73 37 44 44 
39 100 20 85 36 33 78 14 26 70 57 77 63 12 87 7 78 96 84 86 29 81 25 77 77 44 63 47 58 64 55 13 15 1 48 17 14 65 10 63 60 81 32 29 6 73 0 25 81 57 
99 78 81 62 64 29 88 81 97 5 68 78 69 19 85 96 28 78 18 96 29 7 25 23 7 23 75 24 21 17 60 30 94 57 63 26 77 84 94 4 2 81 34 82 37 37 25 0 71 70 
98 49 63 67 22 22 83 77 66 92 57 35 55 49 44 38 76 25 28 78 74 30 69 23 63 72 34 23 58 49 77 35 31 82 59 29 77 78 73 89 20 66 81 99 26 44 81 71 0 37 
74 92 33 23 79 14 45 74 4 93 11 67 26 27 4 27 17 85 21 13 24 61 67 37 64 45 70 35 60 22 39 13 6 96 54 25 42 85 90 53 89 60 16 69 43 44 57 70 37 0 
