80
0 92 23 42 75 96 43 6 43 28 96 58 18 18 56 4 53 73 40 54 5 3 23 49 26 41 23 14 92 69 47 14 60 69 55 86 65 49 43 59 28 39 16 45 8 23 100 60 95 39 13 52 93 35 100 70 27 22 84 19 42 30 84 53 50 90 38 66 90 81 76 17 71 43 13 30 66 13 89 12 
92 0 3 53 63 48 39 63 17 66 84 100 36 78 81 19 30 83 8 68 48 97 100 76 65 70 18 77 51 83 89 39 47 44 91 9 91 81 71 7 46 7 59 81 84 91 51 65 73 10 32 73 6 83 48 22 4 65 99 54 100 87 92 46 82 34 54 72 67 77 31 12 35 89 45 18 31 47 82 4 
23 3 0 57 66 76 62 100 75 84 4 91 34 57 42 72 1 87 54 86 93 25 52 21 7 16 55 95 12 24 78 58 57 81 14 74 8 28 74 34 63 77 24 96 85 66 67 37 4 20 23 48 97 26 68 3 93 22 50 4 97 27 62 54 59 27 27 18 54 52 51 16 28 26 63 65 91 30 1 95 
42 53 57 0 1 75 42 49 1 62 4 45 83 5 49 32 83 62 85 41 88 63 10 42 15 60 9 94 85 72 58 28 53 59 22 5 85 15 6 37 76 9 82 11 13 30 94 95 43 78 87 30 92 96 71 6 7 32 100 91 3 9 70 7 19 43 11 4 58 68 92 85 76 73 47 40 54 40 34 96 
75 63 66 1 0 69 72 26 61 67 48 18 73 79 69 16 33 78 85 39 96 28 2 51 37 69 43 21 97 67 20 36 21 59 22 68 80 93 45 40 60 93 57 84 23 26 99 56 55 36 46 2 63 99 53 51 20 47 23 16 13 42 3 85 53 24 5 32 17 49 23 28 93 79 63 16 56 62 23 10 
96 48 76 75 69 0 49 20 12 63 71 16 13 90 14 35 57 78 29 11 63 81 35 67 12 3 67 34 30 60 64 92 27 72 5 1 81 5 20 44 67 42 11 79 83 24 66 39 54 94 50 16 74 36 34 37 38 52 22 19 11 85 62 89 56 19 89 89 23 61 84 42 2 47 72 85 22 37 75 75 
43 39 62 42 72 49 0 30 76 42 55 63 27 91 100 79 64 70 41 1 84 30 8 54 18 96 28 30 32 69 32 30 41 68 51 77 94 26 59 70 19 65 32 46 8 84 24 71 5 64 71 88 45 79 41 63 26 69 44 57 89 75 38 29 94 89 58 88 66 68 57 84 32 40 81 39 23 4 10 80 
6 63 100 49 26 20 30 0 20 32 67 16 10 60 78 88 80 74 96 68 48 34 49 42 22 58 81 87 25 37 22 56 28 3 47 3 58 8 82 29 39 100 45 1 59 74 88 90 47 83 10 47 16 58 40 89 15 20 27 91 8 1 46 35 3 44 89 12 51 70 41 90 70 37 42 80 10 29 70 9 
43 17 75 1 61 12 76 20 0 63 31 55 31 88 94 19 54 65 46 44 72 46 41 58 100 85 47 11 87 16 3 28 37 91 69 69 53 97 38 61 12 68 67 42 7 12 60 12 76 57 55 47 54 47 4 53 83 50 16 70 18 70 97 6 61 66 74 13 14 63 25 25 30 91 18 88 2 78 99 77 
28 66 84 62 67 63 42 32 63 0 86 5 75 40 4 30 92 86 32 59 7 49 81 56 6 41 73 80 5 38 42 29 15 24 71 32 11 72 9 62 100 95 18 26 86 21 55 29 59 38 88 17 38 68 24 44 60 96 23 64 34 16 44 48 39 66 31 2 37 92 63 88 38 32 65 23 5 71 51 15 
96 84 4 4 48 71 55 67 31 86 0 9 90 31 46 9 55 89 68 2 63 83 35 79 78 34 17 43 17 70 31 8 84 70 45 16 34 19 20 5 69 34 13 59 16 10 67 22 51 87 24 13 69 10 91 47 96 60 41 12 29 72 71 13 41 67 28 75 85 99 31 53 84 95 63 51 4 82 73 54 
58 100 91 45 18 16 63 16 55 5 9 0 68 48 67 88 9 9 86 4 20 27 67 49 98 37 61 90 55 40 16 39 90 46 92 25 40 6 75 96 87 99 49 6 46 67 46 55 28 31 10 47 9 29 47 58 17 7 48 72 98 63 10 39 61 53 63 100 59 90 47 97 88 48 55 86 66 100 40 93 
18 36 34 83 73 13 27 10 31 75 90 68 0 82 1 92 43 29 38 100 46 97 99 17 94 14 78 85 74 31 47 25 41 36 72 89 76 19 43 61 84 94 52 29 28 52 20 22 33 57 21 78 53 72 46 99 37 23 83 10 53 81 86 93 69 57 34 44 27 76 4 63 22 7 91 49 58 62 22 90 
18 78 57 5 79 90 91 60 88 40 31 48 82 0 18 42 19 23 65 64 21 1 39 55 62 91 35 48 36 55 56 21 98 35 96 53 97 69 59 39 69 69 52 90 10 21 84 29 43 48 44 15 1 82 69 62 25 56 61 12 10 69 32 60 3 79 64 51 48 23 89 16 43 40 6 52 60 41 32 55 
56 81 42 49 69 14 100 78 94 4 46 67 1 18 0 88 28 69 40 9 90 2 85 97 14 48 58 82 31 17 84 10 81 34 9 55 74 76 49 65 33 100 77 73 84 83 13 11 51 52 71 92 5 56 88 19 55 46 52 86 14 36 47 46 21 7 52 47 82 100 63 67 52 39 39 35 21 51 45 24 
4 19 72 32 16 35 79 88 19 30 9 88 92 42 88 0 3 15 15 7 22 55 77 29 100 29 14 65 16 12 11 88 18 62 86 51 14 49 17 65 87 56 51 60 58 47 35 60 61 49 19 35 55 47 63 6 27 28 71 42 39 33 82 8 94 67 58 59 15 75 23 54 82 25 65 39 71 99 51 84 
53 30 1 83 33 57 64 80 54 92 55 9 43 19 28 3 0 47 69 18 54 67 32 59 94 59 29 87 49 61 68 8 7 87 65 65 1 91 40 54 72 16 18 63 87 68 13 70 67 33 39 20 99 70 78 44 80 7 31 80 19 50 87 25 36 3 42 37 46 33 42 69 48 12 31 34 79 95 3 45 
73 83 87 62 78 78 70 74 65 86 89 9 29 23 69 15 47 0 27 93 64 78 62 94 21 93 100 3 72 18 53 10 95 88 65 88 76 10 20 18 78 67 81 9 53 59 3 7 56 82 100 71 11 13 64 31 6 15 86 29 85 38 91 79 25 55 18 1 64 37 70 93 55 50 1 7 60 56 14 67 
40 8 54 85 85 29 41 96 46 32 68 86 38 65 40 15 69 27 0 89 65 90 99 77 53 81 82 20 66 63 4 3 53 34 80 59 51 32 22 87 1 66 93 2 67 100 13 74 65 32 14 81 21 12 57 25 44 91 44 10 5 47 64 57 32 43 15 82 26 88 20 78 53 13 31 71 64 44 96 80 
54 68 86 41 39 11 1 68 44 59 2 4 100 64 9 7 18 93 89 0 27 61 60 99 72 68 23 68 10 19 77 14 17 92 70 49 35 36 30 60 75 50 90 80 14 20 2 29 15 98 8 41 58 19 39 82 38 14 1 48 32 77 61 100 68 83 48 54 18 78 66 45 79 55 24 44 74 77 72 89 
5 48 93 88 96 63 84 48 72 7 63 20 46 21 90 22 54 64 65 27 0 26 31 81 36 1 72 17 38 37 17 85 20 45 46 19 64 28 67 70 97 96 87 93 26 93 16 69 18 93 92 58 18 22 39 5 74 62 21 11 98 89 48 17 85 45 35 1 24 53 22 20 48 8 13 73 100 80 93 69 
3 97 25 63 28 81 30 34 46 49 83 27 97 1 2 55 67 78 90 61 26 0 24 84 27 94 57 17 98 30 78 71 93 27 11 40 43 48 84 29 48 59 34 69 78 33 28 42 6 79 74 50 47 49 34 25 42 42 41 92 72 18 62 16 96 24 55 90 71 90 19 70 48 4 38 77 36 17 71 41 
23 100 52 10 2 35 8 49 41 81 35 67 99 39 85 77 32 62 99 60 31 24 0 95 44 43 94 92 76 18 86 69 59 77 40 28 90 55 24 13 61 13 36 2 83 5 49 86 95 78 22 11 48 14 58 91 56 51 34 83 68 19 52 78 47 43 58 36 50 81 1 62 45 36 64 28 92 64 65 86 
49 76 21 42 51 67 54 42 58 56 79 49 17 55 97 29 59 94 77 99 81 84 95 0 41 38 49 88 4 6 78 11 8 64 46 27 34 49 5 81 91 62 68 92 94 68 54 38 55 69 17 99 32 34 84 73 71 84 60 26 89 90 37 48 53 82 75 86 30 31 18 72 92 86 16 37 5 21 26 12 
26 65 7 15 37 12 18 22 100 6 78 98 94 62 14 100 94 21 53 72 36 27 44 41 0 89 43 10 20 28 45 44 50 29 4 76 17 45 12 17 49 93 91 86 74 21 4 45 64 41 12 100 45 32 25 8 20 19 17 92 98 62 35 48 42 90 23 10 86 34 26 34 78 16 20 51 88 75 47 51 
41 70 16 60 69 3 96 58 85 41 34 37 14 91 48 29 59 93 81 68 1 94 43 38 89 0 15 59 2 11 42 79 19 14 49 35 5 47 48 91 94 41 33 16 51 18 49 76 4 78 92 23 28 31 97 26 82 11 36 83 21 78 13 91 91 62 78 47 8 77 89 1 18 21 68 68 91 16 43 94 
23 18 55 9 43 67 28 81 47 73 17 61 78 35 58 14 29 100 82 23 72 57 94 49 43 15 0 93 86 68 72 17 16 97 50 78 33 84 50 62 97 41 52 58 18 98 17 94 38 17 11 11 84 30 1 51 73 46 95 10 65 18 78 80 66 27 57 50 11 58 11 59 98 14 16 67 63 84 61 1 
14 77 95 94 21 34 30 87 11 80 43 90 85 48 82 65 87 3 20 68 17 17 92 88 10 59 93 0 100 23 11 35 53 63 37 77 8 83 38 24 52 16 3 17 94 11 67 4 68 29 14 18 43 29 84 5 64 96 5 63 19 67 49 23 29 37 99 88 71 36 11 22 3 65 91 97 75 57 100 95 
92 51 12 85 97 30 32 25 87 5 17 55 74 36 31 16 49 72 66 10 38 98 76 4 20 2 86 100 0 37 66 12 79 46 47 84 10 43 40 72 61 7 73 83 35 61 33 23 84 20 85 5 23 50 95 19 24 3 70 70 40 35 33 70 81 80 53 90 22 45 13 34 51 37 68 37 50 100 11 33 
69 83 24 72 67 60 69 37 16 38 70 40 31 55 17 12 61 18 63 19 37 30 18 6 28 11 68 23 37 0 71 96 37 93 45 84 11 20 38 33 90 77 67 22 47 99 1 51 88 74 95 53 7 97 89 26 86 38 77 96 22 48 91 11 40 35 94 3 55 83 87 96 60 5 17 58 4 70 60 43 
47 89 78 58 20 64 32 22 3 42 31 16 47 56 84 11 68 53 4 77 17 78 86 78 45 42 72 11 66 71 0 43 7 95 2 55 36 27 40 25 4 36 47 3 78 57 94 13 2 48 19 84 34 14 95 39 30 4 94 51 16 36 94 22 83 47 28 70 73 68 94 28 55 92 82 32 100 76 44 1 
14 39 58 28 36 92 30 56 28 29 8 39 25 21 10 88 8 10 3 14 85 71 69 11 44 79 17 35 12 96 43 0 75 14 37 9 27 31 99 9 87 44 59 2 79 4 23 13 50 50 82 75 69 76 54 23 19 88 55 19 15 50 19 89 64 55 49 42 38 99 2 24 42 13 25 73 16 99 85 18 
60 47 57 53 21 27 41 28 37 15 84 90 41 98 81 18 7 95 53 17 20 93 59 8 50 19 16 53 79 37 7 75 0 100 67 44 21 94 49 43 12 36 49 30 50 51 1 91 66 55 39 7 44 38 61 19 31 73 43 3 40 93 88 9 45 54 4 65 99 53 59 10 40 8 40 42 58 92 84 23 
69 44 81 59 59 72 68 3 91 24 70 46 36 35 34 62 87 88 34 92 45 27 77 64 29 14 97 63 46 93 95 14 100 0 98 22 81 42 11 93 60 42 65 55 44 57 99 83 17 43 88 21 59 86 25 18 96 16 25 87 57 34 78 40 8 75 14 40 68 76 33 80 69 49 34 65 5 84 47 22 
55 91 14 22 22 5 51 47 69 71 45 92 72 96 9 86 65 65 80 70 46 11 40 46 4 49 50 37 47 45 2 37 67 98 0 27 35 94 85 20 18 2 67 33 78 5 42 63 82 33 22 9 46 62 28 74 94 7 42 94 92 6 99 76 5 72 54 39 65 38 10 82 92 77 66 21 81 7 36 15 
86 9 74 5 68 1 77 3 69 32 16 25 89 53 55 51 65 88 59 49 19 40 28 27 76 35 78 77 84 84 55 9 44 22 27 0 40 57 75 37 70 54 10 15 13 52 9 4 9 59 31 13 30 84 51 46 74 13 27 17 89 44 89 21 51 76 87 90 85 13 26 54 67 36 69 79 39 29 34 47 
65 91 8 85 80 81 94 58 53 11 34 40 76 97 74 14 1 76 51 35 64 43 90 34 17 5 33 8 10 11 36 27 21 81 35 40 0 87 65 12 68 100 14 13 73 26 91 41 66 34 82 87 84 57 25 25 41 38 3 47 4 38 67 82 28 95 67 26 33 31 37 52 31 51 64 55 28 6 48 94 
49 81 28 15 93 5 26 8 97 72 19 6 19 69 76 49 91 10 32 36 28 48 55 49 45 47 84 83 43 20 27 31 94 42 94 57 87 0 91 29 32 75 85 56 51 78 93 53 24 96 42 90 29 69 84 96 47 68 78 35 19 60 85 82 15 65 39 62 58 29 42 89 55 26 44 6 55 89 10 78 
43 71 74 6 45 20 59 82 38 9 20 75 43 59 49 17 40 20 22 30 67 84 24 5 12 48 50 38 40 38 40 99 49 11 85 75 65 91 0 36 52 67 65 72 2 12 18 69 89 53 87 49 89 20 15 53 58 28 62 39 69 2 93 46 98 50 1 86 60 78 21 63 45 37 34 98 100 4 67 89 
59 7 34 37 40 44 70 29 61 62 5 96 61 39 65 65 54 18 87 60 70 29 13 81 17 91 62 24 72 33 25 9 43 93 20 37 12 29 36 0 56 5 89 96 25 55 1 34 82 14 72 2 16 17 47 13 66 47 50 77 77 22 39 73 59 73 70 58 76 88 98 83 93 38 30 69 92 82 2 73 
28 46 63 76 60 67 19 39 12 100 69 87 84 69 33 87 72 78 1 75 97 48 61 91 49 94 97 52 61 90 4 87 12 60 18 70 68 32 52 56 0 96 26 26 11 42 73 75 59 71 76 36 47 97 74 71 55 98 93 65 25 80 62 59 72 100 89 40 43 70 94 68 65 71 93 27 12 65 53 22 
39 7 77 9 93 42 65 100 68 95 34 99 94 69 100 56 16 67 66 50 96 59 13 62 93 41 41 16 7 77 36 44 36 42 2 54 100 75 67 5 96 0 88 28 57 86 25 83 57 31 32 49 95 57 80 9 15 52 60 3 43 2 25 36 69 41 6 14 68 69 30 72 43 17 100 51 3 76 33 11 
16 59 24 82 57 11 32 45 67 18 13 49 52 52 77 51 18 81 93 90 87 34 36 68 91 33 52 3 73 67 47 59 49 65 67 10 14 85 65 89 26 88 0 6 65 11 1 73 90 61 87 93 20 42 36 73 66 23 94 6 81 7 25 1 36 97 43 5 48 94 59 23 78 69 28 94 31 80 18 20 
45 81 96 11 84 79 46 1 42 26 59 6 29 90 73 60 63 9 2 80 93 69 2 92 86 16 58 17 83 22 3 2 30 55 33 15 13 56 72 96 26 28 6 0 40 5 13 11 46 100 84 63 74 77 68 54 35 45 55 22 93 49 26 92 94 84 14 24 4 93 69 34 25 87 6 16 91 70 27 88 
8 84 85 13 23 83 8 59 7 86 16 46 28 10 84 58 87 53 67 14 26 78 83 94 74 51 18 94 35 47 78 79 50 44 78 13 73 51 2 25 11 57 65 40 0 21 62 50 94 90 69 48 24 65 54 45 9 54 23 100 100 6 65 23 62 58 91 47 82 29 4 49 71 73 75 58 93 88 59 39 
23 91 66 30 26 24 84 74 12 21 10 67 52 21 83 47 68 59 100 20 93 33 5 68 21 18 98 11 61 99 57 4 51 57 5 52 26 78 12 55 42 86 11 5 21 0 77 80 38 100 44 43 97 5 96 19 4 95 76 69 69 89 78 12 36 11 40 91 59 63 64 86 20 8 73 31 98 50 62 35 
100 51 67 94 99 66 24 88 60 55 67 46 20 84 13 35 13 3 13 2 16 28 49 54 4 49 17 67 33 1 94 23 1 99 42 9 91 93 18 1 73 25 1 13 62 77 0 1 57 77 49 61 25 19 65 71 47 85 40 35 62 51 22 72 42 13 30 4 28 15 76 87 40 58 85 89 19 71 41 75 
60 65 37 95 56 39 71 90 12 29 22 55 22 29 11 60 70 7 74 29 69 42 86 38 45 76 94 4 23 51 13 13 91 83 63 4 41 53 69 34 75 83 73 11 50 80 1 0 48 90 88 24 8 52 94 54 88 33 41 49 35 62 72 29 26 53 84 53 20 59 92 59 68 76 99 86 46 39 13 45 
95 73 4 43 55 54 5 47 76 59 51 28 33 43 51 61 67 56 65 15 18 6 95 55 64 4 38 68 84 88 2 50 66 17 82 9 66 24 89 82 59 57 90 46 94 38 57 48 0 80 100 68 40 3 62 45 90 46 85 90 33 99 61 13 24 65 96 29 84 7 20 42 74 47 40 60 92 31 24 89 
39 10 20 78 36 94 64 83 57 38 87 31 57 48 52 49 33 82 32 98 93 79 78 69 41 78 17 29 20 74 48 50 55 43 33 59 34 96 53 14 71 31 61 100 90 100 77 90 80 0 62 23 56 1 77 69 98 18 67 82 59 51 32 19 63 8 83 10 88 19 16 7 60 90 5 52 1 96 34 24 
13 32 23 87 46 50 71 10 55 88 24 10 21 44 71 19 39 100 14 8 92 74 22 17 12 92 11 14 85 95 19 82 39 88 22 31 82 42 87 72 76 32 87 84 69 44 49 88 100 62 0 36 95 98 44 96 26 12 93 43 30 26 1 80 10 71 94 17 5 4 4 23 19 62 83 60 66 86 60 13 
52 73 48 30 2 16 88 47 47 17 13 47 78 15 92 35 20 71 81 41 58 50 11 99 100 23 11 18 5 53 84 75 7 21 9 13 87 90 49 2 36 49 93 63 48 43 61 24 68 23 36 0 19 35 49 13 32 44 60 57 55 4 51 37 82 51 68 91 21 62 59 78 17 14 100 87 75 34 47 92 
93 6 97 92 63 74 45 16 54 38 69 9 53 1 5 55 99 11 21 58 18 47 48 32 45 28 84 43 23 7 34 69 44 59 46 30 84 29 89 16 47 95 20 74 24 97 25 8 40 56 95 19 0 19 58 4 89 93 4 2 76 47 13 33 54 17 35 90 98 86 9 40 58 22 98 35 38 63 87 77 
35 83 26 96 99 36 79 58 47 68 10 29 72 82 56 47 70 13 12 19 22 49 14 34 32 31 30 29 50 97 14 76 38 86 62 84 57 69 20 17 97 57 42 77 65 5 19 52 3 1 98 35 19 0 37 20 75 28 91 32 83 79 76 39 80 52 37 45 36 90 61 70 31 10 55 40 1 65 13 98 
100 48 68 71 53 34 41 40 4 24 91 47 46 69 88 63 78 64 57 39 39 34 58 84 25 97 1 84 95 89 95 54 61 25 28 51 25 84 15 47 74 80 36 68 54 96 65 94 62 77 44 49 58 37 0 99 51 60 85 79 48 57 53 27 47 84 61 25 60 99 57 63 36 1 98 77 13 67 8 74 
70 22 3 6 51 37 63 89 53 44 47 58 99 62 19 6 44 31 25 82 5 25 91 73 8 26 51 5 19 26 39 23 19 18 74 46 25 96 53 13 71 9 73 54 45 19 71 54 45 69 96 13 4 20 99 0 74 99 74 90 11 23 88 13 34 25 43 81 33 95 59 79 79 71 55 90 70 11 52 57 
27 4 93 7 20 38 26 15 83 60 96 17 37 25 55 27 80 6 44 38 74 42 56 71 20 82 73 64 24 86 30 19 31 96 94 74 41 47 58 66 55 15 66 35 9 4 47 88 90 98 26 32 89 75 51 74 0 63 1 85 27 19 44 100 92 94 25 81 57 47 21 21 80 97 64 12 29 58 22 59 
22 65 22 32 47 52 69 20 50 96 60 7 23 56 46 28 7 15 91 14 62 42 51 84 19 11 46 96 3 38 4 88 73 16 7 13 38 68 28 47 98 52 23 45 54 95 85 33 46 18 12 44 93 28 60 99 63 0 88 93 13 77 14 76 80 22 90 80 6 17 51 50 68 42 43 93 75 99 39 47 
84 99 50 100 23 22 44 27 16 23 41 48 83 61 52 71 31 86 44 1 21 41 34 60 17 36 95 5 70 77 94 55 43 25 42 27 3 78 62 50 93 60 94 55 23 76 40 41 85 67 93 60 4 91 85 74 1 88 0 20 71 43 83 82 23 92 56 81 80 48 45 8 61 20 88 82 10 19 87 78 
19 54 4 91 16 19 57 91 70 64 12 72 10 12 86 42 80 29 10 48 11 92 83 26 92 83 10 63 70 96 51 19 3 87 94 17 47 35 39 77 65 3 6 22 100 69 35 49 90 82 43 57 2 32 79 90 85 93 20 0 69 88 45 63 83 37 89 81 28 35 52 50 29 86 83 3 78 38 83 9 
42 100 97 3 13 11 89 8 18 34 29 98 53 10 14 39 19 85 5 32 98 72 68 89 98 21 65 19 40 22 16 15 40 57 92 89 4 19 69 77 25 43 81 93 100 69 62 35 33 59 30 55 76 83 48 11 27 13 71 69 0 85 79 16 45 99 55 78 60 26 17 37 46 4 33 60 86 22 48 19 
30 87 27 9 42 85 75 1 70 16 72 63 81 69 36 33 50 38 47 77 89 18 19 90 62 78 18 67 35 48 36 50 93 34 6 44 38 60 2 22 80 2 7 49 6 89 51 62 99 51 26 4 47 79 57 23 19 77 43 88 85 0 1 34 22 50 14 60 32 16 89 70 50 97 54 29 64 51 79 19 
84 92 62 70 3 62 38 46 97 44 71 10 86 32 47 82 87 91 64 61 48 62 52 37 35 13 78 49 33 91 94 19 88 78 99 89 67 85 93 39 62 25 25 26 65 78 22 72 61 32 1 51 13 76 53 88 44 14 83 45 79 1 0 80 90 96 96 26 41 52 10 53 89 83 52 59 83 86 81 32 
53 46 54 7 85 89 29 35 6 48 13 39 93 60 46 8 25 79 57 100 17 16 78 48 48 91 80 23 70 11 22 89 9 40 76 21 82 82 46 73 59 36 1 92 23 12 72 29 13 19 80 37 33 39 27 13 100 76 82 63 16 34 80 0 99 40 16 67 28 85 16 76 90 96 39 92 26 9 72 15 
50 82 59 19 53 56 94 3 61 39 41 61 69 3 21 94 36 25 32 68 85 96 47 53 42 91 66 29 81 40 83 64 45 8 5 51 28 15 98 59 72 69 36 94 62 36 42 26 24 63 10 82 54 80 47 34 92 80 23 83 45 22 90 99 0 4 19 92 97 22 2 49 11 84 100 69 67 37 49 50 
90 34 27 43 24 19 89 44 66 66 67 53 57 79 7 67 3 55 43 83 45 24 43 82 90 62 27 37 80 35 47 55 54 75 72 76 95 65 50 73 100 41 97 84 58 11 13 53 65 8 71 51 17 52 84 25 94 22 92 37 99 50 96 40 4 0 36 40 65 54 19 1 21 94 91 17 85 34 42 93 
38 54 27 11 5 89 58 89 74 31 28 63 34 64 52 58 42 18 15 48 35 55 58 75 23 78 57 99 53 94 28 49 4 14 54 87 67 39 1 70 89 6 43 14 91 40 30 84 96 83 94 68 35 37 61 43 25 90 56 89 55 14 96 16 19 36 0 5 57 97 76 48 93 97 1 93 59 37 92 28 
66 72 18 4 32 89 88 12 13 2 75 100 44 51 47 59 37 1 82 54 1 90 36 86 10 47 50 88 90 3 70 42 65 40 39 90 26 62 86 58 40 14 5 24 47 91 4 53 29 10 17 91 90 45 25 81 81 80 81 81 78 60 26 67 92 40 5 0 3 29 28 4 16 20 21 21 38 21 41 84 
90 67 54 58 17 23 66 51 14 37 85 59 27 48 82 15 46 64 26 18 24 71 50 30 86 8 11 71 22 55 73 38 99 68 65 85 33 58 60 76 43 68 48 4 82 59 28 20 84 88 5 21 98 36 60 33 57 6 80 28 60 32 41 28 97 65 57 3 0 63 9 68 97 51 60 53 59 8 28 58 
81 77 52 68 49 61 68 70 63 92 99 90 76 23 100 75 33 37 88 78 53 90 81 31 34 77 58 36 45 83 68 99 53 76 38 13 31 29 78 88 70 69 94 93 29 63 15 59 7 19 4 62 86 90 99 95 47 17 48 35 26 16 52 85 22 54 97 29 63 0 100 77 11 92 35 47 36 14 1 16 
76 31 51 92 23 84 57 41 25 63 31 47 4 89 63 23 42 70 20 66 22 19 1 18 26 89 11 11 13 87 94 2 59 33 10 26 37 42 21 98 94 30 59 69 4 64 76 92 20 16 4 59 9 61 57 59 21 51 45 52 17 89 10 16 2 19 76 28 9 100 0 42 4 31 61 24 51 50 97 43 
17 12 16 85 28 42 84 90 25 88 53 97 63 16 67 54 69 93 78 45 20 70 62 72 34 1 59 22 34 96 28 24 10 80 82 54 52 89 63 83 68 72 23 34 49 86 87 59 42 7 23 78 40 70 63 79 21 50 8 50 37 70 53 76 49 1 48 4 68 77 42 0 85 59 52 52 7 54 64 60 
71 35 28 76 93 2 32 70 30 38 84 88 22 43 52 82 48 55 53 79 48 48 45 92 78 18 98 3 51 60 55 42 40 69 92 67 31 55 45 93 65 43 78 25 71 20 40 68 74 60 19 17 58 31 36 79 80 68 61 29 46 50 89 90 11 21 93 16 97 11 4 85 0 12 71 39 21 71 15 31 
43 89 26 73 79 47 40 37 91 32 95 48 7 40 39 25 12 50 13 55 8 4 36 86 16 21 14 65 37 5 92 13 8 49 77 36 51 26 37 38 71 17 69 87 73 8 58 76 47 90 62 14 22 10 1 71 97 42 20 86 4 97 83 96 84 94 97 20 51 92 31 59 12 0 14 2 77 1 15 77 
13 45 63 47 63 72 81 42 18 65 63 55 91 6 39 65 31 1 31 24 13 38 64 16 20 68 16 91 68 17 82 25 40 34 66 69 64 44 34 30 93 100 28 6 75 73 85 99 40 5 83 100 98 55 98 55 64 43 88 83 33 54 52 39 100 91 1 21 60 35 61 52 71 14 0 16 8 33 98 20 
30 18 65 40 16 85 39 80 88 23 51 86 49 52 35 39 34 7 71 44 73 77 28 37 51 68 67 97 37 58 32 73 42 65 21 79 55 6 98 69 27 51 94 16 58 31 89 86 60 52 60 87 35 40 77 90 12 93 82 3 60 29 59 92 69 17 93 21 53 47 24 52 39 2 16 0 8 48 70 4 
66 31 91 54 56 22 23 10 2 5 4 66 58 60 21 71 79 60 64 74 100 36 92 5 88 91 63 75 50 4 100 16 58 5 81 39 28 55 100 92 12 3 31 91 93 98 19 46 92 1 66 75 38 1 13 70 29 75 10 78 86 64 83 26 67 85 59 38 59 36 51 7 21 77 8 8 0 43 6 15 
13 47 30 40 62 37 4 29 78 71 82 100 62 41 51 99 95 56 44 77 80 17 64 21 75 16 84 57 100 70 76 99 92 84 7 29 6 89 4 82 65 76 80 70 88 50 71 39 31 96 86 34 63 65 67 11 58 99 19 38 22 51 86 9 37 34 37 21 8 14 50 54 71 1 33 48 43 0 94 58 
89 82 1 34 23 75 10 70 99 51 73 40 22 32 45 51 3 14 96 72 93 71 65 26 47 43 61 100 11 60 44 85 84 47 36 34 48 10 67 2 53 33 18 27 59 62 41 13 24 34 60 47 87 13 8 52 22 39 87 83 48 79 81 72 49 42 92 41 28 1 97 64 15 15 98 70 6 94 0 21 
12 4 95 96 10 75 80 9 77 15 54 93 90 55 24 84 45 67 80 89 69 41 86 12 51 94 1 95 33 43 1 18 23 22 15 47 94 78 89 73 22 11 20 88 39 35 75 45 89 24 13 92 77 98 74 57 59 47 78 9 19 19 32 15 50 93 28 84 58 16 43 60 31 77 20 4 15 58 21 0 
