100
0 22 26 1 55 22 9 26 61 34 34 94 25 14 87 5 98 61 98 79 84 39 52 97 28 6 98 79 1 83 2 20 4 27 72 10 1 33 87 61 18 21 7 95 86 45 99 84 5 96 14 88 86 17 36 65 22 34 95 74 16 97 46 72 23 69 33 75 1 20 88 71 92 94 65 77 38 63 12 94 11 78 34 96 94 69 13 68 54 7 93 22 3 90 93 78 59 77 52 11 
22 0 48 39 81 39 84 97 68 73 12 31 67 22 8 52 69 2 20 81 21 74 88 13 95 42 3 39 19 61 67 23 23 15 13 56 53 49 52 72 21 63 3 39 36 10 90 5 63 62 37 83 87 76 48 33 18 50 23 88 62 89 62 36 3 27 91 8 75 43 79 47 57 81 38 93 43 79 49 5 40 85 40 26 13 87 10 30 88 32 69 1 21 31 36 75 57 27 82 83 
26 48 0 21 13 81 29 45 18 73 87 97 21 44 36 58 35 14 70 73 23 99 60 7 19 12 27 49 47 1 57 25 35 91 97 47 72 26 91 89 98 30 37 71 25 73 28 59 38 97 31 12 47 42 18 17 53 96 66 51 97 74 28 83 65 24 81 36 1 23 76 51 52 13 21 76 37 100 86 26 48 16 37 46 57 7 62 9 2 79 12 50 53 39 32 69 62 12 4 15 
1 39 21 0 35 31 65 38 43 37 66 31 88 51 56 35 67 93 80 75 99 41 36 52 72 47 2 24 85 33 92 98 97 47 64 83 77 28 20 72 16 37 2 3 88 10 37 6 54 68 80 4 61 67 55 32 13 56 55 49 41 98 47 37 96 10 71 72 90 90 95 57 27 49 60 66 58 48 71 63 68 2 66 28 69 20 11 81 28 17 82 68 14 28 56 9 89 26 32 30 
55 81 13 35 0 67 27 87 45 27 98 10 84 45 32 98 64 34 63 91 54 34 1 86 61 17 67 80 82 46 87 90 87 12 74 16 31 52 54 75 78 51 37 13 48 68 10 11 53 72 54 6 57 54 92 18 23 10 49 4 56 36 46 42 47 71 9 29 22 63 4 51 13 40 63 12 7 24 23 60 47 76 17 3 81 8 72 55 70 21 59 25 56 56 18 54 26 26 83 47 
22 39 81 31 67 0 88 38 97 53 77 11 64 35 34 38 46 80 65 63 34 46 22 6 100 91 26 10 67 33 17 84 38 42 10 20 40 97 57 88 49 85 50 65 20 83 2 65 14 19 79 100 64 1 5 15 43 82 77 10 14 93 93 51 35 2 23 26 51 31 14 51 16 63 15 87 98 69 3 63 87 82 62 2 34 18 68 76 99 44 85 64 37 30 67 23 31 89 100 81 
9 84 29 65 27 88 0 71 13 32 86 28 98 24 77 66 27 39 4 60 53 5 93 70 73 20 69 68 57 32 56 86 98 78 68 38 78 49 9 42 32 46 21 81 22 97 99 48 36 2 59 88 59 3 57 31 22 77 50 78 61 6 63 58 83 83 48 12 31 8 6 14 53 26 46 74 23 44 73 58 98 83 97 56 85 5 38 7 82 87 36 42 92 51 51 27 33 50 90 15 
26 97 45 38 87 38 71 0 57 95 80 10 21 25 35 95 21 60 4 18 42 100 73 27 56 10 85 37 96 20 30 40 70 33 66 54 82 55 68 39 2 47 48 22 24 34 16 44 93 71 61 87 70 33 13 25 94 49 14 41 68 43 80 90 75 97 95 9 52 63 47 53 61 46 26 36 79 93 79 24 63 39 10 84 23 74 60 68 74 73 9 41 68 40 82 94 37 77 2 40 
61 68 18 43 45 97 13 57 0 91 48 92 3 45 69 39 24 61 17 99 75 8 60 58 82 85 69 2 58 94 10 50 61 1 32 6 37 60 60 76 2 7 19 4 4 39 42 79 51 11 77 25 18 88 34 51 72 3 52 29 96 13 30 8 14 13 65 2 72 24 30 73 31 100 77 86 39 70 64 89 80 40 66 49 79 51 52 50 53 3 30 100 68 59 59 33 72 24 34 95 
34 73 73 37 27 53 32 95 91 0 47 15 20 29 15 96 14 5 17 77 45 97 68 10 97 46 61 48 47 65 3 28 17 70 87 27 54 10 50 87 56 49 54 75 29 68 22 43 24 39 71 68 87 91 78 83 88 90 83 35 6 85 62 74 6 100 1 59 61 2 97 17 50 50 91 79 69 13 73 92 51 95 60 89 85 89 71 73 30 5 59 35 89 20 61 46 20 61 56 32 
34 12 87 66 98 77 86 80 48 47 0 14 53 48 16 54 39 46 23 3 18 14 5 64 25 93 49 13 15 73 42 20 31 29 60 2 89 58 73 1 13 5 14 17 52 29 23 42 74 45 44 43 10 100 7 35 92 7 99 7 31 93 78 61 73 37 62 61 94 35 13 59 91 78 75 42 59 97 36 32 93 31 27 55 31 85 41 74 91 39 80 21 83 9 33 55 98 46 67 91 
94 31 97 31 10 11 28 10 92 15 14 0 32 79 1 22 57 76 16 15 24 51 98 69 81 76 23 11 60 63 37 2 53 68 74 36 77 58 90 74 4 57 16 35 87 17 9 95 44 24 61 67 74 59 87 6 86 9 69 46 23 5 99 76 72 73 11 48 30 52 73 85 60 89 20 99 5 28 93 48 3 54 66 76 64 53 33 49 13 1 46 36 5 45 11 29 69 73 76 50 
25 67 21 88 84 64 98 21 3 20 53 32 0 76 49 35 36 37 54 86 93 33 78 40 35 83 57 62 98 9 94 99 22 47 44 9 3 40 71 31 60 43 7 10 70 7 44 57 95 97 42 39 81 72 78 67 54 86 28 4 95 73 2 68 19 97 76 22 89 46 52 48 40 10 57 9 68 100 66 14 48 7 52 80 30 81 46 84 67 25 39 61 98 40 80 68 88 7 41 76 
14 22 44 51 45 35 24 25 45 29 48 79 76 0 4 45 24 43 6 32 3 74 84 20 39 31 79 91 63 8 71 8 43 37 33 81 49 82 72 80 1 60 38 42 87 41 86 62 35 43 94 90 16 77 9 55 59 87 97 21 47 67 81 89 56 65 22 56 98 93 88 98 4 25 91 91 66 28 4 52 71 49 41 38 77 50 92 88 88 40 60 34 59 40 75 66 56 96 73 53 
87 8 36 56 32 34 77 35 69 15 16 1 49 4 0 40 60 3 44 37 93 86 54 21 41 5 43 90 46 80 66 47 24 53 86 63 13 72 21 4 98 86 60 93 59 64 84 70 66 79 6 59 64 59 31 57 64 73 46 61 4 63 59 27 68 96 90 32 19 62 35 16 100 46 60 10 10 44 31 75 22 37 85 38 47 15 94 62 39 91 74 95 53 32 21 72 80 62 3 98 
5 52 58 35 98 38 66 95 39 96 54 22 35 45 40 0 76 38 14 75 83 73 36 44 68 66 19 90 54 3 79 1 70 72 62 60 14 36 54 18 19 27 90 50 88 92 48 63 29 13 89 64 85 24 7 5 42 77 94 95 32 72 95 53 95 57 64 8 44 18 25 14 96 14 64 83 58 11 98 38 23 86 1 59 62 60 63 3 88 8 97 71 31 44 23 25 100 87 84 95 
98 69 35 67 64 46 27 21 24 14 39 57 36 24 60 76 0 56 9 8 51 74 71 85 31 33 82 69 7 20 21 18 81 32 32 35 20 40 31 90 22 74 65 47 25 51 82 71 58 42 79 8 16 1 44 98 34 26 18 92 45 91 9 77 22 93 11 93 32 93 35 5 67 99 3 43 1 85 14 10 26 44 69 93 44 12 91 29 89 60 73 85 50 33 61 72 25 23 16 8 
61 2 14 93 34 80 39 60 61 5 46 76 37 43 3 38 56 0 16 50 13 34 100 15 76 52 99 41 61 77 36 29 69 80 93 11 60 81 71 84 66 72 17 26 95 41 1 11 49 16 12 61 1 12 27 28 63 26 69 76 2 4 4 22 35 96 33 47 77 55 30 94 26 46 71 21 87 71 31 87 86 94 47 86 5 25 14 20 50 34 95 3 89 50 25 24 46 9 22 74 
98 20 70 80 63 65 4 4 17 17 23 16 54 6 44 14 9 16 0 63 51 19 40 49 89 12 35 60 42 73 97 88 71 83 92 95 48 11 45 33 57 99 21 7 75 96 52 83 17 77 97 20 95 37 68 83 48 2 94 42 26 91 29 96 25 72 90 24 35 86 56 91 85 28 97 11 24 100 94 92 28 42 11 22 30 78 57 30 31 2 23 56 92 3 51 16 26 41 91 60 
79 81 73 75 91 63 60 18 99 77 3 15 86 32 37 75 8 50 63 0 78 46 51 62 26 47 25 49 99 18 40 26 11 3 100 93 80 8 22 63 9 96 18 53 98 21 20 23 13 11 35 90 8 85 4 33 83 28 81 81 97 73 59 7 27 58 99 6 17 72 20 25 67 38 77 16 10 97 91 22 59 25 63 66 61 66 99 43 93 31 76 89 55 34 48 81 43 98 39 59 
84 21 23 99 54 34 53 42 75 45 18 24 93 3 93 83 51 13 51 78 0 70 58 35 88 47 64 56 56 60 46 29 70 22 92 35 82 57 85 76 2 68 51 90 22 36 89 55 30 87 93 40 8 2 75 95 49 38 50 56 49 47 37 18 68 28 4 49 36 41 25 89 8 27 79 29 15 19 83 44 5 27 36 12 29 10 59 77 47 60 84 47 7 20 16 26 99 19 75 35 
39 74 99 41 34 46 5 100 8 97 14 51 33 74 86 73 74 34 19 46 70 0 59 51 75 66 29 53 47 43 24 81 39 28 8 74 92 36 35 50 12 81 9 47 79 67 67 94 93 65 12 19 51 23 21 26 40 49 30 86 44 53 67 82 33 26 7 24 61 41 25 24 73 85 70 51 52 36 96 96 53 59 66 55 81 86 32 73 34 14 10 77 66 28 10 50 53 68 25 13 
52 88 60 36 1 22 93 73 60 68 5 98 78 84 54 36 71 100 40 51 58 59 0 8 49 36 32 86 58 34 89 45 29 84 97 88 49 4 20 34 35 92 19 48 54 48 66 81 57 67 34 77 92 46 84 92 34 68 77 91 1 65 87 30 48 36 69 48 39 40 33 25 84 52 25 37 99 42 17 7 8 50 83 99 48 19 43 33 86 19 23 38 36 9 67 83 96 87 83 34 
97 13 7 52 86 6 70 27 58 10 64 69 40 20 21 44 85 15 49 62 35 51 8 0 27 15 59 10 18 35 98 68 76 14 75 83 16 9 34 63 79 76 47 64 46 21 2 81 81 20 16 77 59 98 10 37 64 20 46 82 54 95 49 81 8 75 64 75 36 49 89 14 24 35 30 21 55 31 2 36 2 17 12 12 66 73 48 29 45 93 62 98 39 11 31 47 37 94 73 72 
28 95 19 72 61 100 73 56 82 97 25 81 35 39 41 68 31 76 89 26 88 75 49 27 0 94 62 86 17 96 67 37 3 49 90 38 50 6 1 62 71 73 9 52 17 54 13 67 44 75 97 90 64 42 15 35 35 76 72 3 23 38 91 25 86 81 62 88 38 14 1 61 87 61 12 55 66 76 73 10 51 21 51 14 62 65 100 48 92 24 50 15 13 93 39 51 73 53 90 10 
6 42 12 47 17 91 20 10 85 46 93 76 83 31 5 66 33 52 12 47 47 66 36 15 94 0 66 90 70 4 2 33 11 20 9 83 29 11 56 31 24 17 48 75 17 39 98 66 53 63 10 44 13 82 96 2 44 13 43 65 69 44 98 79 15 58 13 95 68 68 26 43 37 73 17 53 63 67 70 16 29 80 11 41 13 6 94 8 18 36 73 38 31 22 16 46 79 81 40 98 
98 3 27 2 67 26 69 85 69 61 49 23 57 79 43 19 82 99 35 25 64 29 32 59 62 66 0 48 17 92 36 41 60 88 4 26 10 71 6 41 81 98 53 38 91 61 7 78 85 45 9 6 12 6 36 92 97 85 40 14 76 27 54 35 67 9 13 76 31 70 16 63 68 20 100 10 32 7 40 16 3 48 73 14 5 60 6 1 96 97 14 71 23 20 58 89 80 70 16 11 
79 39 49 24 80 10 68 37 2 48 13 11 62 91 90 90 69 41 60 49 56 53 86 10 86 90 48 0 39 83 73 58 3 25 68 86 83 7 54 85 6 78 98 62 90 55 62 85 51 28 56 26 99 65 14 78 34 82 40 24 64 65 82 18 41 1 4 23 59 9 7 16 86 56 77 75 63 90 60 13 69 67 90 67 31 4 97 16 37 88 39 100 52 72 18 92 24 73 66 34 
1 19 47 85 82 67 57 96 58 47 15 60 98 63 46 54 7 61 42 99 56 47 58 18 17 70 17 39 0 33 24 1 18 80 29 45 42 19 56 6 39 74 96 6 4 51 54 71 87 41 9 38 45 33 55 88 8 79 6 42 11 29 94 81 60 23 25 53 93 32 59 31 5 6 88 60 56 41 30 94 34 90 31 30 74 38 69 82 68 74 75 79 3 68 11 62 42 87 15 34 
83 61 1 33 46 33 32 20 94 65 73 63 9 8 80 3 20 77 73 18 60 43 34 35 96 4 92 83 33 0 18 25 17 74 30 4 33 37 97 62 82 30 51 12 11 25 1 79 58 69 53 32 99 55 51 9 16 93 95 82 78 12 6 94 85 35 98 17 71 46 30 4 27 32 16 37 8 68 15 65 36 67 48 34 73 51 42 89 95 88 22 72 99 28 18 35 62 67 3 85 
2 67 57 92 87 17 56 30 10 3 42 37 94 71 66 79 21 36 97 40 46 24 89 98 67 2 36 73 24 18 0 12 32 88 38 16 55 74 23 75 40 40 10 7 87 96 31 89 89 19 83 77 41 7 27 20 24 62 33 90 64 17 53 48 57 90 63 63 15 37 37 54 76 99 12 15 94 43 3 34 13 38 62 5 44 89 24 67 2 57 8 17 25 60 16 33 49 78 96 15 
20 23 25 98 90 84 86 40 50 28 20 2 99 8 47 1 18 29 88 26 29 81 45 68 37 33 41 58 1 25 12 0 67 84 68 42 82 32 56 27 74 11 61 38 48 74 43 43 14 18 9 15 26 68 84 51 27 99 83 27 29 30 41 95 14 60 88 95 43 44 74 16 6 86 6 5 59 100 47 73 17 7 39 43 74 74 45 52 73 79 78 53 9 70 47 74 81 34 20 24 
4 23 35 97 87 38 98 70 61 17 31 53 22 43 24 70 81 69 71 11 70 39 29 76 3 11 60 3 18 17 32 67 0 29 93 91 34 78 96 90 37 95 36 61 64 42 51 58 67 25 2 18 97 32 47 1 92 68 47 65 49 32 85 24 61 29 14 46 7 62 36 95 8 23 7 71 65 57 28 83 33 81 1 81 13 99 81 4 67 27 69 67 59 5 42 71 33 55 68 91 
27 15 91 47 12 42 78 33 1 70 29 68 47 37 53 72 32 80 83 3 22 28 84 14 49 20 88 25 80 74 88 84 29 0 68 55 85 76 78 43 46 94 100 26 76 32 6 28 13 70 27 93 74 45 72 94 63 82 98 4 52 82 10 71 73 78 26 9 53 3 52 50 96 51 27 23 34 85 51 98 54 29 43 27 25 14 20 87 95 69 90 98 51 99 20 23 28 45 31 80 
72 13 97 64 74 10 68 66 32 87 60 74 44 33 86 62 32 93 92 100 92 8 97 75 90 9 4 68 29 30 38 68 93 68 0 99 34 82 46 84 60 69 70 44 71 67 98 51 9 24 75 74 96 61 20 64 2 69 14 100 89 88 28 85 71 59 84 4 92 29 40 52 97 9 47 19 27 44 69 88 68 43 61 63 55 33 78 56 1 92 8 41 79 87 26 1 97 9 5 41 
10 56 47 83 16 20 38 54 6 27 2 36 9 81 63 60 35 11 95 93 35 74 88 83 38 83 26 86 45 4 16 42 91 55 99 0 37 44 44 86 4 90 56 82 34 25 69 53 19 82 67 26 14 44 81 66 35 40 7 66 78 32 66 75 92 22 67 80 17 10 17 72 99 73 54 84 49 22 36 67 55 2 92 68 46 25 86 80 16 92 97 94 75 15 68 66 88 34 45 5 
1 53 72 77 31 40 78 82 37 54 89 77 3 49 13 14 20 60 48 80 82 92 49 16 50 29 10 83 42 33 55 82 34 85 34 37 0 95 62 76 93 86 81 77 34 55 64 52 9 66 96 29 11 20 14 42 35 5 91 28 31 5 47 96 92 32 92 48 26 5 76 71 90 56 99 75 10 62 27 19 79 22 99 41 93 12 83 79 68 25 7 98 29 5 45 72 89 88 72 66 
33 49 26 28 52 97 49 55 60 10 58 58 40 82 72 36 40 81 11 8 57 36 4 9 6 11 71 7 19 37 74 32 78 76 82 44 95 0 93 47 88 34 54 86 9 64 100 87 34 78 8 32 19 52 95 53 30 62 77 88 11 57 93 55 80 33 42 51 98 86 97 86 72 51 23 32 66 22 18 51 52 77 34 22 28 28 74 57 41 2 97 51 58 41 57 37 73 50 40 70 
87 52 91 20 54 57 9 68 60 50 73 90 71 72 21 54 31 71 45 22 85 35 20 34 1 56 6 54 56 97 23 56 96 78 46 44 62 93 0 36 36 7 59 38 30 90 55 3 59 5 6 35 38 27 14 17 52 22 57 53 18 7 10 58 63 99 30 13 38 52 100 25 10 58 15 91 99 69 94 57 26 99 91 15 78 56 32 29 77 88 82 95 95 43 4 9 41 86 73 30 
61 72 89 72 75 88 42 39 76 87 1 74 31 80 4 18 90 84 33 63 76 50 34 63 62 31 41 85 6 62 75 27 90 43 84 86 76 47 36 0 37 72 7 98 81 21 89 79 41 34 35 66 32 77 81 9 32 12 38 61 51 71 55 97 13 10 6 6 95 78 87 83 2 93 81 82 65 69 13 6 2 99 23 85 76 3 46 59 66 35 19 17 5 25 13 69 35 70 26 81 
18 21 98 16 78 49 32 2 2 56 13 4 60 1 98 19 22 66 57 9 2 12 35 79 71 24 81 6 39 82 40 74 37 46 60 4 93 88 36 37 0 48 13 64 49 5 96 82 70 16 94 27 69 93 49 53 20 4 50 78 69 84 49 37 40 73 2 61 59 23 86 92 70 98 55 70 55 2 4 76 17 49 2 85 93 2 89 12 5 39 42 26 74 42 62 66 66 15 26 77 
21 63 30 37 51 85 46 47 7 49 5 57 43 60 86 27 74 72 99 96 68 81 92 76 73 17 98 78 74 30 40 11 95 94 69 90 86 34 7 72 48 0 38 11 68 59 61 22 81 15 75 84 42 91 84 43 75 77 96 63 40 1 53 81 26 79 74 39 44 40 6 21 16 43 83 83 53 43 56 33 9 30 68 50 72 52 44 46 80 40 60 19 40 65 52 17 43 25 55 38 
7 3 37 2 37 50 21 48 19 54 14 16 7 38 60 90 65 17 21 18 51 9 19 47 9 48 53 98 96 51 10 61 36 100 70 56 81 54 59 7 13 38 0 64 12 58 31 54 40 13 59 83 20 91 43 49 11 93 20 14 88 17 93 27 29 11 18 93 62 86 87 39 93 24 54 4 81 85 58 20 49 68 54 69 58 97 69 20 41 41 33 28 57 25 7 37 88 24 81 1 
95 39 71 3 13 65 81 22 4 75 17 35 10 42 93 50 47 26 7 53 90 47 48 64 52 75 38 62 6 12 7 38 61 26 44 82 77 86 38 98 64 11 64 0 10 67 39 54 90 45 57 22 29 66 94 77 33 47 45 43 95 66 62 35 6 47 15 14 71 21 51 10 44 83 63 5 50 53 58 91 97 67 65 25 32 58 54 65 56 50 59 51 15 20 37 72 66 51 86 89 
86 36 25 88 48 20 22 24 4 29 52 87 70 87 59 88 25 95 75 98 22 79 54 46 17 17 91 90 4 11 87 48 64 76 71 34 34 9 30 81 49 68 12 10 0 71 88 98 67 70 60 23 19 13 33 62 61 99 26 86 82 35 91 98 90 40 56 92 7 76 29 78 93 31 63 81 2 2 31 20 72 42 42 42 6 74 55 67 24 80 4 6 14 46 3 56 85 59 47 43 
45 10 73 10 68 83 97 34 39 68 29 17 7 41 64 92 51 41 96 21 36 67 48 21 54 39 61 55 51 25 96 74 42 32 67 25 55 64 90 21 5 59 58 67 71 0 86 75 21 78 58 35 11 59 37 93 30 60 86 71 53 44 97 8 62 20 87 65 77 53 62 80 8 46 90 6 41 75 81 61 4 38 47 14 48 35 58 77 94 44 99 47 87 95 54 48 67 92 64 43 
99 90 28 37 10 2 99 16 42 22 23 9 44 86 84 48 82 1 52 20 89 67 66 2 13 98 7 62 54 1 31 43 51 6 98 69 64 100 55 89 96 61 31 39 88 86 0 96 25 74 55 22 63 61 62 37 93 74 93 82 21 6 81 7 16 57 1 59 7 99 97 54 4 96 72 95 59 66 43 35 40 97 8 54 9 22 43 1 47 35 34 19 92 14 26 7 22 26 65 29 
84 5 59 6 11 65 48 44 79 43 42 95 57 62 70 63 71 11 83 23 55 94 81 81 67 66 78 85 71 79 89 43 58 28 51 53 52 87 3 79 82 22 54 54 98 75 96 0 24 13 34 27 8 5 73 18 70 67 4 61 16 12 15 24 85 57 77 31 91 10 50 82 24 75 41 45 100 57 25 75 70 58 53 29 14 77 47 36 44 50 96 11 13 10 86 97 18 62 28 60 
5 63 38 54 53 14 36 93 51 24 74 44 95 35 66 29 58 49 17 13 30 93 57 81 44 53 85 51 87 58 89 14 67 13 9 19 9 34 59 41 70 81 40 90 67 21 25 24 0 24 77 94 99 3 34 43 54 90 20 28 11 29 32 40 43 60 86 78 3 87 73 65 100 35 51 48 4 12 75 64 87 3 57 85 5 42 80 10 31 99 37 42 79 20 33 21 80 18 50 34 
96 62 97 68 72 19 2 71 11 39 45 24 97 43 79 13 42 16 77 11 87 65 67 20 75 63 45 28 41 69 19 18 25 70 24 82 66 78 5 34 16 15 13 45 70 78 74 13 24 0 56 75 99 55 61 49 3 64 12 29 79 51 84 35 35 40 28 14 50 11 64 38 4 43 58 36 15 89 5 17 22 60 43 72 67 3 72 69 18 36 49 97 86 32 83 20 72 11 86 21 
14 37 31 80 54 79 59 61 77 71 44 61 42 94 6 89 79 12 97 35 93 12 34 16 97 10 9 56 9 53 83 9 2 27 75 67 96 8 6 35 94 75 59 57 60 58 55 34 77 56 0 21 1 58 24 95 67 59 62 55 63 78 29 74 20 100 40 74 72 60 91 7 9 87 92 92 70 63 15 80 100 35 52 1 45 75 95 63 85 56 18 99 85 46 72 4 97 12 77 20 
88 83 12 4 6 100 88 87 25 68 43 67 39 90 59 64 8 61 20 90 40 19 77 77 90 44 6 26 38 32 77 15 18 93 74 26 29 32 35 66 27 84 83 22 23 35 22 27 94 75 21 0 71 68 26 31 6 69 23 75 84 37 6 83 24 57 83 20 83 30 82 19 85 51 17 70 48 89 25 45 52 54 64 74 21 42 5 26 62 79 53 45 15 10 80 90 67 14 9 1 
86 87 47 61 57 64 59 70 18 87 10 74 81 16 64 85 16 1 95 8 8 51 92 59 64 13 12 99 45 99 41 26 97 74 96 14 11 19 38 32 69 42 20 29 19 11 63 8 99 99 1 71 0 43 43 20 28 93 36 49 41 76 73 37 27 26 100 1 98 93 57 76 55 35 80 51 1 89 82 43 7 96 3 8 38 45 79 17 90 66 17 30 42 42 66 20 19 17 72 17 
17 76 42 67 54 1 3 33 88 91 100 59 72 77 59 24 1 12 37 85 2 23 46 98 42 82 6 65 33 55 7 68 32 45 61 44 20 52 27 77 93 91 91 66 13 59 61 5 3 55 58 68 43 0 10 80 44 16 14 23 18 15 63 52 57 70 47 59 29 36 56 7 5 45 72 21 26 65 14 43 37 33 59 60 1 20 40 44 87 53 18 57 19 32 8 27 1 54 38 29 
36 48 18 55 92 5 57 13 34 78 7 87 78 9 31 7 44 27 68 4 75 21 84 10 15 96 36 14 55 51 27 84 47 72 20 81 14 95 14 81 49 84 43 94 33 37 62 73 34 61 24 26 43 10 0 41 45 87 45 89 11 18 14 27 31 56 63 15 66 75 15 38 14 10 24 18 79 80 89 11 39 67 63 44 56 92 85 100 30 81 88 40 50 53 67 33 60 81 47 26 
65 33 17 32 18 15 31 25 51 83 35 6 67 55 57 5 98 28 83 33 95 26 92 37 35 2 92 78 88 9 20 51 1 94 64 66 42 53 17 9 53 43 49 77 62 93 37 18 43 49 95 31 20 80 41 0 55 14 15 20 23 38 90 54 70 30 64 8 96 26 52 52 69 88 51 99 68 91 90 70 43 56 2 55 89 48 32 95 61 46 15 36 35 56 41 56 85 56 64 32 
22 18 53 13 23 43 22 94 72 88 92 86 54 59 64 42 34 63 48 83 49 40 34 64 35 44 97 34 8 16 24 27 92 63 2 35 35 30 52 32 20 75 11 33 61 30 93 70 54 3 67 6 28 44 45 55 0 33 67 35 2 6 86 52 25 28 41 94 22 49 95 76 37 95 7 31 7 4 97 94 39 4 34 94 40 89 9 72 22 27 6 75 32 43 78 57 70 18 50 92 
34 50 96 56 10 82 77 49 3 90 7 9 86 87 73 77 26 26 2 28 38 49 68 20 76 13 85 82 79 93 62 99 68 82 69 40 5 62 22 12 4 77 93 47 99 60 74 67 90 64 59 69 93 16 87 14 33 0 18 97 19 6 91 78 37 49 81 85 43 19 89 76 65 80 65 73 51 38 100 9 64 31 51 41 39 73 10 41 16 28 89 86 33 31 63 21 79 44 58 21 
95 23 66 55 49 77 50 14 52 83 99 69 28 97 46 94 18 69 94 81 50 30 77 46 72 43 40 40 6 95 33 83 47 98 14 7 91 77 57 38 50 96 20 45 26 86 93 4 20 12 62 23 36 14 45 15 67 18 0 14 98 49 78 77 65 51 28 2 2 36 65 84 38 5 23 62 14 15 29 93 3 15 26 33 77 98 11 20 55 84 86 52 32 63 29 96 65 8 97 66 
74 88 51 49 4 10 78 41 29 35 7 46 4 21 61 95 92 76 42 81 56 86 91 82 3 65 14 24 42 82 90 27 65 4 100 66 28 88 53 61 78 63 14 43 86 71 82 61 28 29 55 75 49 23 89 20 35 97 14 0 95 13 2 84 69 76 46 34 90 74 27 92 40 4 76 17 53 38 88 8 21 73 11 52 88 91 47 52 98 95 70 44 59 71 28 27 46 25 61 87 
16 62 97 41 56 14 61 68 96 6 31 23 95 47 4 32 45 2 26 97 49 44 1 54 23 69 76 64 11 78 64 29 49 52 89 78 31 11 18 51 69 40 88 95 82 53 21 16 11 79 63 84 41 18 11 23 2 19 98 95 0 50 39 30 90 42 5 6 46 42 93 53 15 18 16 66 5 6 65 56 56 11 77 99 70 99 26 96 44 50 8 82 100 98 11 41 91 67 46 37 
97 89 74 98 36 93 6 43 13 85 93 5 73 67 63 72 91 4 91 73 47 53 65 95 38 44 27 65 29 12 17 30 32 82 88 32 5 57 7 71 84 1 17 66 35 44 6 12 29 51 78 37 76 15 18 38 6 6 49 13 50 0 61 90 89 75 7 56 92 63 62 56 71 17 19 47 67 88 46 93 35 41 94 95 23 45 92 85 85 83 52 82 19 12 72 59 38 30 15 29 
46 62 28 47 46 93 63 80 30 62 78 99 2 81 59 95 9 4 29 59 37 67 87 49 91 98 54 82 94 6 53 41 85 10 28 66 47 93 10 55 49 53 93 62 91 97 81 15 32 84 29 6 73 63 14 90 86 91 78 2 39 61 0 45 28 37 15 96 55 13 62 94 10 54 80 51 100 74 25 44 18 61 81 100 12 62 70 75 85 28 12 67 94 93 11 21 29 77 16 35 
72 36 83 37 42 51 58 90 8 74 61 76 68 89 27 53 77 22 96 7 18 82 30 81 25 79 35 18 81 94 48 95 24 71 85 75 96 55 58 97 37 81 27 35 98 8 7 24 40 35 74 83 37 52 27 54 52 78 77 84 30 90 45 0 89 78 28 99 83 7 1 34 33 77 30 50 37 10 49 1 23 18 75 8 97 39 26 91 31 36 63 59 12 79 93 52 8 72 50 42 
23 3 65 96 47 35 83 75 14 6 73 72 19 56 68 95 22 35 25 27 68 33 48 8 86 15 67 41 60 85 57 14 61 73 71 92 92 80 63 13 40 26 29 6 90 62 16 85 43 35 20 24 27 57 31 70 25 37 65 69 90 89 28 89 0 78 2 76 62 78 5 11 67 66 11 67 88 28 41 47 77 31 72 67 61 59 29 71 70 59 15 22 18 86 23 60 16 25 87 77 
69 27 24 10 71 2 83 97 13 100 37 73 97 65 96 57 93 96 72 58 28 26 36 75 81 58 9 1 23 35 90 60 29 78 59 22 32 33 99 10 73 79 11 47 40 20 57 57 60 40 100 57 26 70 56 30 28 49 51 76 42 75 37 78 78 0 54 91 88 20 56 98 86 95 78 79 42 54 9 13 72 22 72 52 92 93 11 7 66 80 44 41 91 59 65 77 36 70 19 75 
33 91 81 71 9 23 48 95 65 1 62 11 76 22 90 64 11 33 90 99 4 7 69 64 62 13 13 4 25 98 63 88 14 26 84 67 92 42 30 6 2 74 18 15 56 87 1 77 86 28 40 83 100 47 63 64 41 81 28 46 5 7 15 28 2 54 0 90 26 24 27 21 53 5 62 58 66 26 29 87 49 33 30 94 95 88 59 74 32 51 65 90 67 93 77 37 12 3 78 37 
75 8 36 72 29 26 12 9 2 59 61 48 22 56 32 8 93 47 24 6 49 24 48 75 88 95 76 23 53 17 63 95 46 9 4 80 48 51 13 6 61 39 93 14 92 65 59 31 78 14 74 20 1 59 15 8 94 85 2 34 6 56 96 99 76 91 90 0 79 4 57 31 61 70 89 78 96 69 16 96 53 45 89 47 33 100 21 16 50 37 5 17 29 34 5 92 88 82 29 66 
1 75 1 90 22 51 31 52 72 61 94 30 89 98 19 44 32 77 35 17 36 61 39 36 38 68 31 59 93 71 15 43 7 53 92 17 26 98 38 95 59 44 62 71 7 77 7 91 3 50 72 83 98 29 66 96 22 43 2 90 46 92 55 83 62 88 26 79 0 37 37 97 49 7 37 26 54 57 93 1 10 38 42 56 22 41 28 37 42 64 93 10 45 78 66 36 66 99 16 31 
20 43 23 90 63 31 8 63 24 2 35 52 46 93 62 18 93 55 86 72 41 41 40 49 14 68 70 9 32 46 37 44 62 3 29 10 5 86 52 78 23 40 86 21 76 53 99 10 87 11 60 30 93 36 75 26 49 19 36 74 42 63 13 7 78 20 24 4 37 0 36 53 27 36 11 15 14 16 72 6 16 33 95 57 88 68 49 68 4 43 83 49 4 27 26 70 15 91 68 82 
88 79 76 95 4 14 6 47 30 97 13 73 52 88 35 25 35 30 56 20 25 25 33 89 1 26 16 7 59 30 37 74 36 52 40 17 76 97 100 87 86 6 87 51 29 62 97 50 73 64 91 82 57 56 15 52 95 89 65 27 93 62 62 1 5 56 27 57 37 36 0 22 55 34 100 43 96 67 56 11 38 13 79 22 8 87 9 75 36 76 31 30 11 79 33 37 4 2 3 47 
71 47 51 57 51 51 14 53 73 17 59 85 48 98 16 14 5 94 91 25 89 24 25 14 61 43 63 16 31 4 54 16 95 50 52 72 71 86 25 83 92 21 39 10 78 80 54 82 65 38 7 19 76 7 38 52 76 76 84 92 53 56 94 34 11 98 21 31 97 53 22 0 22 85 20 28 70 19 70 18 85 25 28 74 38 58 95 97 45 56 23 32 83 53 61 93 83 93 82 87 
92 57 52 27 13 16 53 61 31 50 91 60 40 4 100 96 67 26 85 67 8 73 84 24 87 37 68 86 5 27 76 6 8 96 97 99 90 72 10 2 70 16 93 44 93 8 4 24 100 4 9 85 55 5 14 69 37 65 38 40 15 71 10 33 67 86 53 61 49 27 55 22 0 47 84 85 68 20 4 95 90 74 17 7 11 41 86 84 30 96 31 26 40 38 49 71 72 53 83 17 
94 81 13 49 40 63 26 46 100 50 78 89 10 25 46 14 99 46 28 38 27 85 52 35 61 73 20 56 6 32 99 86 23 51 9 73 56 51 58 93 98 43 24 83 31 46 96 75 35 43 87 51 35 45 10 88 95 80 5 4 18 17 54 77 66 95 5 70 7 36 34 85 47 0 36 75 50 74 21 85 58 40 5 13 87 46 86 3 52 96 95 89 32 77 84 62 2 75 51 2 
65 38 21 60 63 15 46 26 77 91 75 20 57 91 60 64 3 71 97 77 79 70 25 30 12 17 100 77 88 16 12 6 7 27 47 54 99 23 15 81 55 83 54 63 63 90 72 41 51 58 92 17 80 72 24 51 7 65 23 76 16 19 80 30 11 78 62 89 37 11 100 20 84 36 0 97 74 7 79 90 42 54 39 15 26 24 24 18 80 36 56 25 21 10 28 17 4 16 48 80 
77 93 76 66 12 87 74 36 86 79 42 99 9 91 10 83 43 21 11 16 29 51 37 21 55 53 10 75 60 37 15 5 71 23 19 84 75 32 91 82 70 83 4 5 81 6 95 45 48 36 92 70 51 21 18 99 31 73 62 17 66 47 51 50 67 79 58 78 26 15 43 28 85 75 97 0 52 61 34 78 63 87 75 36 93 53 78 86 58 68 52 36 91 75 5 22 10 60 46 83 
38 43 37 58 7 98 23 79 39 69 59 5 68 66 10 58 1 87 24 10 15 52 99 55 66 63 32 63 56 8 94 59 65 34 27 49 10 66 99 65 55 53 81 50 2 41 59 100 4 15 70 48 1 26 79 68 7 51 14 53 5 67 100 37 88 42 66 96 54 14 96 70 68 50 74 52 0 21 73 51 76 41 50 8 44 62 93 21 24 79 95 59 24 100 88 61 57 56 13 44 
63 79 100 48 24 69 44 93 70 13 97 28 100 28 44 11 85 71 100 97 19 36 42 31 76 67 7 90 41 68 43 100 57 85 44 22 62 22 69 69 2 43 85 53 2 75 66 57 12 89 63 89 89 65 80 91 4 38 15 38 6 88 74 10 28 54 26 69 57 16 67 19 20 74 7 61 21 0 98 87 48 20 49 59 17 83 79 90 33 7 82 82 14 25 43 6 45 18 84 92 
12 49 86 71 23 3 73 79 64 73 36 93 66 4 31 98 14 31 94 91 83 96 17 2 73 70 40 60 30 15 3 47 28 51 69 36 27 18 94 13 4 56 58 58 31 81 43 25 75 5 15 25 82 14 89 90 97 100 29 88 65 46 25 49 41 9 29 16 93 72 56 70 4 21 79 34 73 98 0 28 59 91 16 20 99 23 84 95 20 70 94 91 70 53 8 52 83 97 36 41 
94 5 26 63 60 63 58 24 89 92 32 48 14 52 75 38 10 87 92 22 44 96 7 36 10 16 16 13 94 65 34 73 83 98 88 67 19 51 57 6 76 33 20 91 20 61 35 75 64 17 80 45 43 43 11 70 94 9 93 8 56 93 44 1 47 13 87 96 1 6 11 18 95 85 90 78 51 87 28 0 30 69 54 54 63 59 50 80 95 93 8 5 35 75 24 86 97 7 80 16 
11 40 48 68 47 87 98 63 80 51 93 3 48 71 22 23 26 86 28 59 5 53 8 2 51 29 3 69 34 36 13 17 33 54 68 55 79 52 26 2 17 9 49 97 72 4 40 70 87 22 100 52 7 37 39 43 39 64 3 21 56 35 18 23 77 72 49 53 10 16 38 85 90 58 42 63 76 48 59 30 0 29 73 7 50 77 14 54 12 62 89 52 43 10 6 48 72 16 49 52 
78 85 16 2 76 82 83 39 40 95 31 54 7 49 37 86 44 94 42 25 27 59 50 17 21 80 48 67 90 67 38 7 81 29 43 2 22 77 99 99 49 30 68 67 42 38 97 58 3 60 35 54 96 33 67 56 4 31 15 73 11 41 61 18 31 22 33 45 38 33 13 25 74 40 54 87 41 20 91 69 29 0 10 42 11 15 76 85 90 61 33 49 92 100 29 65 6 78 93 71 
34 40 37 66 17 62 97 10 66 60 27 66 52 41 85 1 69 47 11 63 36 66 83 12 51 11 73 90 31 48 62 39 1 43 61 92 99 34 91 23 2 68 54 65 42 47 8 53 57 43 52 64 3 59 63 2 34 51 26 11 77 94 81 75 72 72 30 89 42 95 79 28 17 5 39 75 50 49 16 54 73 10 0 31 56 84 72 8 26 81 65 73 52 80 74 55 90 15 17 56 
96 26 46 28 3 2 56 84 49 89 55 76 80 38 38 59 93 86 22 66 12 55 99 12 14 41 14 67 30 34 5 43 81 27 63 68 41 22 15 85 85 50 69 25 42 14 54 29 85 72 1 74 8 60 44 55 94 41 33 52 99 95 100 8 67 52 94 47 56 57 22 74 7 13 15 36 8 59 20 54 7 42 31 0 42 53 45 55 85 45 46 85 73 62 42 51 7 65 33 62 
94 13 57 69 81 34 85 23 79 85 31 64 30 77 47 62 44 5 30 61 29 81 48 66 62 13 5 31 74 73 44 74 13 25 55 46 93 28 78 76 93 72 58 32 6 48 9 14 5 67 45 21 38 1 56 89 40 39 77 88 70 23 12 97 61 92 95 33 22 88 8 38 11 87 26 93 44 17 99 63 50 11 56 42 0 100 56 21 26 36 85 50 40 17 23 46 58 89 63 13 
69 87 7 20 8 18 5 74 51 89 85 53 81 50 15 60 12 25 78 66 10 86 19 73 65 6 60 4 38 51 89 74 99 14 33 25 12 28 56 3 2 52 97 58 74 35 22 77 42 3 75 42 45 20 92 48 89 73 98 91 99 45 62 39 59 93 88 100 41 68 87 58 41 46 24 53 62 83 23 59 77 15 84 53 100 0 31 15 9 37 100 54 34 36 26 96 77 28 2 93 
13 10 62 11 72 68 38 60 52 71 41 33 46 92 94 63 91 14 57 99 59 32 43 48 100 94 6 97 69 42 24 45 81 20 78 86 83 74 32 46 89 44 69 54 55 58 43 47 80 72 95 5 79 40 85 32 9 10 11 47 26 92 70 26 29 11 59 21 28 49 9 95 86 86 24 78 93 79 84 50 14 76 72 45 56 31 0 61 15 93 68 36 70 4 72 19 95 88 94 40 
68 30 9 81 55 76 7 68 50 73 74 49 84 88 62 3 29 20 30 43 77 73 33 29 48 8 1 16 82 89 67 52 4 87 56 80 79 57 29 59 12 46 20 65 67 77 1 36 10 69 63 26 17 44 100 95 72 41 20 52 96 85 75 91 71 7 74 16 37 68 75 97 84 3 18 86 21 90 95 80 54 85 8 55 21 15 61 0 45 34 2 57 16 69 66 52 20 19 86 55 
54 88 2 28 70 99 82 74 53 30 91 13 67 88 39 88 89 50 31 93 47 34 86 45 92 18 96 37 68 95 2 73 67 95 1 16 68 41 77 66 5 80 41 56 24 94 47 44 31 18 85 62 90 87 30 61 22 16 55 98 44 85 85 31 70 66 32 50 42 4 36 45 30 52 80 58 24 33 20 95 12 90 26 85 26 9 15 45 0 44 33 83 24 86 76 36 100 68 3 87 
7 32 79 17 21 44 87 73 3 5 39 1 25 40 91 8 60 34 2 31 60 14 19 93 24 36 97 88 74 88 57 79 27 69 92 92 25 2 88 35 39 40 41 50 80 44 35 50 99 36 56 79 66 53 81 46 27 28 84 95 50 83 28 36 59 80 51 37 64 43 76 56 96 96 36 68 79 7 70 93 62 61 81 45 36 37 93 34 44 0 37 6 59 7 52 46 52 92 91 86 
93 69 12 82 59 85 36 9 30 59 80 46 39 60 74 97 73 95 23 76 84 10 23 62 50 73 14 39 75 22 8 78 69 90 8 97 7 97 82 19 42 60 33 59 4 99 34 96 37 49 18 53 17 18 88 15 6 89 86 70 8 52 12 63 15 44 65 5 93 83 31 23 31 95 56 52 95 82 94 8 89 33 65 46 85 100 68 2 33 37 0 45 47 1 65 64 5 84 34 42 
22 1 50 68 25 64 42 41 100 35 21 36 61 34 95 71 85 3 56 89 47 77 38 98 15 38 71 100 79 72 17 53 67 98 41 94 98 51 95 17 26 19 28 51 6 47 19 11 42 97 99 45 30 57 40 36 75 86 52 44 82 82 67 59 22 41 90 17 10 49 30 32 26 89 25 36 59 82 91 5 52 49 73 85 50 54 36 57 83 6 45 0 38 30 74 21 53 59 96 88 
3 21 53 14 56 37 92 68 68 89 83 5 98 59 53 31 50 89 92 55 7 66 36 39 13 31 23 52 3 99 25 9 59 51 79 75 29 58 95 5 74 40 57 15 14 87 92 13 79 86 85 15 42 19 50 35 32 33 32 59 100 19 94 12 18 91 67 29 45 4 11 83 40 32 21 91 24 14 70 35 43 92 52 73 40 34 70 16 24 59 47 38 0 10 15 90 97 51 48 7 
90 31 39 28 56 30 51 40 59 20 9 45 40 40 32 44 33 50 3 34 20 28 9 11 93 22 20 72 68 28 60 70 5 99 87 15 5 41 43 25 42 65 25 20 46 95 14 10 20 32 46 10 42 32 53 56 43 31 63 71 98 12 93 79 86 59 93 34 78 27 79 53 38 77 10 75 100 25 53 75 10 100 80 62 17 36 4 69 86 7 1 30 10 0 9 99 52 61 42 42 
93 36 32 56 18 67 51 82 59 61 33 11 80 75 21 23 61 25 51 48 16 10 67 31 39 16 58 18 11 18 16 47 42 20 26 68 45 57 4 13 62 52 7 37 3 54 26 86 33 83 72 80 66 8 67 41 78 63 29 28 11 72 11 93 23 65 77 5 66 26 33 61 49 84 28 5 88 43 8 24 6 29 74 42 23 26 72 66 76 52 65 74 15 9 0 46 39 41 98 3 
78 75 69 9 54 23 27 94 33 46 55 29 68 66 72 25 72 24 16 81 26 50 83 47 51 46 89 92 62 35 33 74 71 23 1 66 72 37 9 69 66 17 37 72 56 48 7 97 21 20 4 90 20 27 33 56 57 21 96 27 41 59 21 52 60 77 37 92 36 70 37 93 71 62 17 22 61 6 52 86 48 65 55 51 46 96 19 52 36 46 64 21 90 99 46 0 56 54 87 90 
59 57 62 89 26 31 33 37 72 20 98 69 88 56 80 100 25 46 26 43 99 53 96 37 73 79 80 24 42 62 49 81 33 28 97 88 89 73 41 35 66 43 88 66 85 67 22 18 80 72 97 67 19 1 60 85 70 79 65 46 91 38 29 8 16 36 12 88 66 15 4 83 72 2 4 10 57 45 83 97 72 6 90 7 58 77 95 20 100 52 5 53 97 52 39 56 0 95 76 19 
77 27 12 26 26 89 50 77 24 61 46 73 7 96 62 87 23 9 41 98 19 68 87 94 53 81 70 73 87 67 78 34 55 45 9 34 88 50 86 70 15 25 24 51 59 92 26 62 18 11 12 14 17 54 81 56 18 44 8 25 67 30 77 72 25 70 3 82 99 91 2 93 53 75 16 60 56 18 97 7 16 78 15 65 89 28 88 19 68 92 84 59 51 61 41 54 95 0 68 48 
52 82 4 32 83 100 90 2 34 56 67 76 41 73 3 84 16 22 91 39 75 25 83 73 90 40 16 66 15 3 96 20 68 31 5 45 72 40 73 26 26 55 81 86 47 64 65 28 50 86 77 9 72 38 47 64 50 58 97 61 46 15 16 50 87 19 78 29 16 68 3 82 83 51 48 46 13 84 36 80 49 93 17 33 63 2 94 86 3 91 34 96 48 42 98 87 76 68 0 23 
11 83 15 30 47 81 15 40 95 32 91 50 76 53 98 95 8 74 60 59 35 13 34 72 10 98 11 34 34 85 15 24 91 80 41 5 66 70 30 81 77 38 1 89 43 43 29 60 34 21 20 1 17 29 26 32 92 21 66 87 37 29 35 42 77 75 37 66 31 82 47 87 17 2 80 83 44 92 41 16 52 71 56 62 13 93 40 55 87 86 42 88 7 42 3 90 19 48 23 0 
