40
0 836 953 514 122 969 590 65 967 644 871 804 531 695 979 819 935 694 529 13 763 797 337 546 603 365 26 328 733 944 655 765 779 607 279 900 928 868 316 894 
836 0 863 539 49 745 585 379 915 520 72 443 884 186 239 220 731 193 585 757 520 669 700 527 434 479 133 712 730 412 931 46 657 794 936 705 890 520 436 805 
953 863 0 39 507 599 275 693 838 846 423 382 782 531 254 451 231 780 884 61 264 947 790 676 229 187 684 374 122 741 264 642 176 68 32 682 666 658 726 855 
514 539 39 0 856 149 237 637 679 842 439 261 621 674 321 236 620 111 911 849 649 947 222 771 687 837 764 862 904 147 895 922 157 621 776 12 121 364 648 799 
122 49 507 856 0 557 87 412 177 760 732 765 732 194 27 932 843 973 505 965 659 342 728 872 245 226 767 518 382 387 646 393 507 361 41 657 918 479 68 446 
969 745 599 149 557 0 590 152 210 321 345 237 252 187 209 757 151 868 98 230 91 694 808 857 212 189 595 857 582 101 217 974 110 134 804 529 932 393 680 141 
590 585 275 237 87 590 0 66 25 377 317 563 586 425 66 805 874 647 895 568 454 104 131 643 698 339 576 151 555 901 260 41 56 788 972 448 820 464 513 844 
65 379 693 637 412 152 66 0 841 182 758 426 606 823 582 832 470 828 751 923 931 881 917 629 219 844 779 125 744 390 517 799 529 840 599 348 304 111 543 144 
967 915 838 679 177 210 25 841 0 644 301 921 602 123 854 433 944 681 183 219 612 415 135 592 985 331 722 109 74 111 978 225 639 169 823 987 472 285 529 967 
644 520 846 842 760 321 377 182 644 0 929 181 239 882 656 92 666 599 773 848 169 736 614 656 327 598 986 48 58 59 510 35 635 148 204 457 486 27 742 367 
871 72 423 439 732 345 317 758 301 929 0 346 22 547 584 255 202 28 920 153 152 767 321 887 380 976 565 329 313 964 386 724 473 773 358 972 328 815 810 706 
804 443 382 261 765 237 563 426 921 181 346 0 908 176 51 281 74 987 535 276 14 454 780 165 572 452 403 303 780 967 631 92 930 368 815 402 140 173 725 467 
531 884 782 621 732 252 586 606 602 239 22 908 0 339 534 173 598 709 575 878 135 561 764 410 926 217 541 90 788 992 492 442 771 458 72 215 739 791 29 140 
695 186 531 674 194 187 425 823 123 882 547 176 339 0 931 553 217 749 891 750 273 840 811 848 717 945 760 480 706 686 48 246 127 187 589 619 628 360 428 51 
979 239 254 321 27 209 66 582 854 656 584 51 534 931 0 574 167 842 954 658 124 507 226 872 749 976 497 589 786 696 657 730 455 137 435 492 536 32 619 723 
819 220 451 236 932 757 805 832 433 92 255 281 173 553 574 0 620 589 702 979 368 105 904 886 946 858 896 421 716 121 644 464 96 140 404 233 835 61 962 642 
935 731 231 620 843 151 874 470 944 666 202 74 598 217 167 620 0 549 748 485 84 779 455 158 399 43 212 729 763 316 985 648 613 842 895 33 909 16 676 724 
694 193 780 111 973 868 647 828 681 599 28 987 709 749 842 589 549 0 463 816 128 696 2 188 9 995 736 109 480 171 887 934 329 637 329 540 366 443 207 350 
529 585 884 911 505 98 895 751 183 773 920 535 575 891 954 702 748 463 0 90 819 543 337 851 451 352 526 174 166 693 653 213 47 840 222 41 927 330 872 98 
13 757 61 849 965 230 568 923 219 848 153 276 878 750 658 979 485 816 90 0 568 806 778 557 486 669 922 928 875 623 369 45 517 705 895 319 408 772 844 574 
763 520 264 649 659 91 454 931 612 169 152 14 135 273 124 368 84 128 819 568 0 817 497 786 863 688 359 255 615 40 127 64 960 284 193 516 121 213 789 48 
797 669 947 947 342 694 104 881 415 736 767 454 561 840 507 105 779 696 543 806 817 0 439 411 768 483 279 825 729 597 232 500 792 157 668 288 295 530 976 653 
337 700 790 222 728 808 131 917 135 614 321 780 764 811 226 904 455 2 337 778 497 439 0 137 942 45 263 357 4 898 549 519 18 113 307 417 551 69 184 385 
546 527 676 771 872 857 643 629 592 656 887 165 410 848 872 886 158 188 851 557 786 411 137 0 699 8 113 295 592 964 86 748 632 726 42 161 53 47 649 994 
603 434 229 687 245 212 698 219 985 327 380 572 926 717 749 946 399 9 451 486 863 768 942 699 0 91 911 702 446 808 602 316 177 714 974 593 616 42 777 1000 
365 479 187 837 226 189 339 844 331 598 976 452 217 945 976 858 43 995 352 669 688 483 45 8 91 0 92 136 464 386 727 427 823 827 58 900 220 571 952 266 
26 133 684 764 767 595 576 779 722 986 565 403 541 760 497 896 212 736 526 922 359 279 263 113 911 92 0 219 297 708 482 998 153 641 599 468 818 664 441 410 
328 712 374 862 518 857 151 125 109 48 329 303 90 480 589 421 729 109 174 928 255 825 357 295 702 136 219 0 279 834 538 630 925 26 93 662 104 520 837 930 
733 730 122 904 382 582 555 744 74 58 313 780 788 706 786 716 763 480 166 875 615 729 4 592 446 464 297 279 0 929 736 150 499 688 767 70 336 475 551 334 
944 412 741 147 387 101 901 390 111 59 964 967 992 686 696 121 316 171 693 623 40 597 898 964 808 386 708 834 929 0 627 191 284 447 360 300 887 122 578 73 
655 931 264 895 646 217 260 517 978 510 386 631 492 48 657 644 985 887 653 369 127 232 549 86 602 727 482 538 736 627 0 11 560 349 36 4 11 492 523 199 
765 46 642 922 393 974 41 799 225 35 724 92 442 246 730 464 648 934 213 45 64 500 519 748 316 427 998 630 150 191 11 0 421 804 934 922 654 973 689 723 
779 657 176 157 507 110 56 529 639 635 473 930 771 127 455 96 613 329 47 517 960 792 18 632 177 823 153 925 499 284 560 421 0 661 515 625 994 141 168 629 
607 794 68 621 361 134 788 840 169 148 773 368 458 187 137 140 842 637 840 705 284 157 113 726 714 827 641 26 688 447 349 804 661 0 587 527 928 826 1000 858 
279 936 32 776 41 804 972 599 823 204 358 815 72 589 435 404 895 329 222 895 193 668 307 42 974 58 599 93 767 360 36 934 515 587 0 250 11 417 598 398 
900 705 682 12 657 529 448 348 987 457 972 402 215 619 492 233 33 540 41 319 516 288 417 161 593 900 468 662 70 300 4 922 625 527 250 0 420 960 889 295 
928 890 666 121 918 932 820 304 472 486 328 140 739 628 536 835 909 366 927 408 121 295 551 53 616 220 818 104 336 887 11 654 994 928 11 420 0 158 662 450 
868 520 658 364 479 393 464 111 285 27 815 173 791 360 32 61 16 443 330 772 213 530 69 47 42 571 664 520 475 122 492 973 141 826 417 960 158 0 444 583 
316 436 726 648 68 680 513 543 529 742 810 725 29 428 619 962 676 207 872 844 789 976 184 649 777 952 441 837 551 578 523 689 168 1000 598 889 662 444 0 103 
894 805 855 799 446 141 844 144 967 367 706 467 140 51 723 642 724 350 98 574 48 653 385 994 1000 266 410 930 334 73 199 723 629 858 398 295 450 583 103 0 
