100
0 90 43 53 57 37 28 31 91 82 41 11 42 35 57 43 13 11 77 99 72 6 63 68 8 31 91 66 85 52 25 39 93 19 43 1 55 22 83 46 4 23 8 45 57 17 39 69 79 15 20 51 73 34 70 80 64 12 97 100 63 74 38 7 92 33 8 47 54 90 44 9 13 3 6 21 19 44 90 50 11 61 100 83 94 21 14 9 32 10 61 47 83 98 53 27 82 12 25 36 
90 0 54 20 44 18 22 49 38 93 45 79 42 55 39 93 89 32 13 2 93 44 63 53 42 98 2 47 24 84 58 48 19 63 19 14 80 40 63 18 84 7 96 77 13 87 69 1 18 81 2 10 77 64 62 18 13 64 16 36 47 26 35 17 88 53 30 68 45 44 37 28 50 84 5 14 70 25 14 88 6 67 49 34 83 63 3 95 78 19 31 76 44 17 92 83 70 73 50 66 
43 54 0 17 38 45 18 22 1 32 91 26 97 30 83 64 31 16 98 93 18 92 70 88 74 45 83 91 88 66 12 60 67 29 76 5 73 94 26 74 77 68 99 73 50 33 88 32 48 85 24 17 77 45 57 2 41 39 44 28 4 7 39 71 35 15 27 8 60 52 33 88 71 83 60 72 15 48 3 14 84 78 82 60 22 38 14 14 77 57 41 32 16 32 54 50 46 80 9 57 
53 20 17 0 83 41 44 54 75 55 77 89 2 80 2 86 9 84 97 31 73 62 96 1 19 89 33 86 20 86 35 65 66 96 73 100 36 16 5 11 22 82 51 76 13 5 61 21 40 9 3 12 71 99 13 41 87 97 26 58 82 12 74 99 7 46 99 95 13 55 57 34 36 59 9 48 63 21 21 2 82 23 66 52 73 30 44 11 26 21 68 59 84 41 10 91 38 60 37 50 
57 44 38 83 0 14 93 36 50 51 44 49 66 17 21 19 98 96 84 1 68 13 96 31 90 16 50 49 51 91 10 41 28 69 77 30 82 21 65 83 24 60 84 89 76 4 7 25 99 91 25 19 55 20 49 45 87 98 45 38 40 54 30 20 74 59 1 55 31 17 38 54 76 73 42 4 76 49 28 75 91 5 45 97 76 93 93 63 42 37 52 34 42 33 5 15 91 5 22 22 
37 18 45 41 14 0 21 11 75 48 83 69 51 58 17 31 84 59 35 28 55 10 72 48 24 66 36 27 51 78 60 55 44 2 11 17 23 31 27 50 78 9 18 81 19 86 11 54 44 97 82 50 58 5 97 82 22 33 60 72 62 19 26 57 21 88 74 95 18 100 44 48 61 13 80 31 50 42 84 45 38 17 95 95 74 43 28 95 27 88 67 88 6 44 97 78 32 70 73 1 
28 22 18 44 93 21 0 21 68 100 33 33 79 15 34 20 99 79 9 67 73 4 40 67 31 35 94 18 53 81 76 48 29 5 79 50 29 32 23 49 31 55 81 62 22 14 81 20 44 90 38 68 45 30 35 75 64 28 45 68 60 72 15 89 76 46 90 57 77 12 5 59 19 37 20 40 2 53 59 46 42 48 13 38 77 47 12 92 26 8 59 86 31 26 26 59 23 15 15 99 
31 49 22 54 36 11 21 0 27 19 57 45 7 29 84 8 81 94 53 74 41 66 11 70 64 22 61 90 82 72 27 64 49 52 22 71 66 88 21 44 58 29 88 64 57 23 72 37 16 24 10 9 41 20 78 57 94 90 98 27 61 24 90 61 27 64 31 92 51 51 88 9 80 75 24 88 98 95 77 65 71 86 25 63 58 2 71 3 44 68 81 4 43 70 65 69 85 47 13 36 
91 38 1 75 50 75 68 27 0 98 100 96 29 26 71 68 23 66 44 40 88 30 64 50 39 18 21 41 61 40 73 16 83 42 32 51 79 79 15 66 28 14 13 8 40 83 75 14 48 19 5 87 100 69 89 90 86 61 82 46 100 54 13 34 47 45 37 25 75 51 90 2 65 2 61 56 85 35 21 84 5 26 71 56 94 11 45 31 71 26 28 70 79 40 56 26 36 92 50 10 
82 93 32 55 51 48 100 19 98 0 42 92 63 58 93 23 65 29 58 86 13 14 11 35 70 56 45 14 86 15 92 65 36 70 4 91 47 92 34 49 1 76 40 64 33 84 86 98 13 95 35 25 61 97 59 30 52 55 95 89 21 86 53 56 8 8 99 6 99 32 54 52 59 45 15 44 29 52 93 41 99 27 65 59 23 75 40 74 29 34 14 1 72 18 8 31 25 6 36 76 
41 45 91 77 44 83 33 57 100 42 0 90 42 79 100 86 93 43 14 96 35 54 94 61 70 52 83 96 91 8 76 77 21 76 100 90 84 30 15 41 17 42 82 10 20 82 96 64 24 61 59 59 67 5 71 88 56 54 84 99 13 59 75 86 87 74 75 70 55 41 62 23 82 44 33 53 77 28 16 100 40 27 10 58 31 81 46 38 86 29 36 50 39 62 35 77 87 62 98 41 
11 79 26 89 49 69 33 45 96 92 90 0 2 60 64 36 55 48 40 31 75 8 82 66 34 92 24 16 24 69 53 9 49 41 58 39 2 45 16 89 6 13 81 59 24 96 46 30 43 86 60 69 45 42 35 78 85 10 45 8 30 97 68 78 89 77 68 91 73 35 31 78 48 63 89 23 11 86 53 53 23 64 74 67 57 60 96 41 69 40 100 98 89 19 27 77 96 46 19 68 
42 42 97 2 66 51 79 7 29 63 42 2 0 81 49 98 80 64 38 2 74 23 6 78 46 70 51 12 26 62 8 19 82 99 70 31 87 89 57 64 36 3 82 3 35 83 52 14 46 89 15 19 12 73 48 9 42 51 72 19 12 31 89 94 30 59 24 16 99 33 31 34 87 13 36 21 95 40 34 92 28 100 62 91 24 9 99 17 59 23 36 71 53 76 16 82 86 39 98 84 
35 55 30 80 17 58 15 29 26 58 79 60 81 0 23 28 17 9 92 5 81 38 44 66 29 71 18 42 14 41 51 64 58 61 86 45 83 39 20 98 20 6 89 69 89 11 49 58 72 40 62 52 78 57 70 58 79 87 100 92 27 2 56 84 62 93 28 45 31 100 42 51 5 82 71 45 93 19 2 64 59 15 67 88 71 36 45 2 22 96 93 1 97 100 84 11 93 64 55 75 
57 39 83 2 21 17 34 84 71 93 100 64 49 23 0 63 48 77 67 30 48 63 74 66 65 89 76 31 7 63 54 43 60 55 16 7 99 68 56 51 52 66 95 67 72 69 29 71 98 47 52 45 61 25 62 25 13 38 8 20 52 61 14 63 15 81 70 65 49 77 15 52 42 9 18 65 30 98 35 27 96 39 71 56 63 84 33 28 73 40 99 77 52 12 39 18 44 60 82 92 
43 93 64 86 19 31 20 8 68 23 86 36 98 28 63 0 88 97 95 29 57 64 45 86 13 32 64 8 70 86 16 32 70 48 11 94 39 9 70 42 20 61 59 16 72 40 59 60 88 54 40 97 17 85 34 82 68 98 89 37 83 4 20 4 3 31 98 93 39 19 34 11 79 92 26 51 84 84 62 23 89 1 19 58 37 53 39 4 2 27 92 84 83 12 40 37 94 89 82 32 
13 89 31 9 98 84 99 81 23 65 93 55 80 17 48 88 0 7 15 94 86 59 19 88 42 55 49 16 43 1 35 100 38 39 38 93 40 17 85 75 51 96 14 87 41 2 68 72 61 35 66 98 93 36 85 86 90 85 1 33 37 87 84 74 25 22 67 64 90 3 91 40 50 56 78 90 58 98 61 70 32 78 67 76 66 3 13 55 87 65 39 23 52 75 49 28 48 67 44 37 
11 32 16 84 96 59 79 94 66 29 43 48 64 9 77 97 7 0 69 34 76 18 89 5 7 98 2 19 67 85 49 33 12 14 35 24 20 73 41 11 48 92 85 96 71 32 62 14 20 82 47 47 51 88 51 9 85 53 79 4 37 27 88 49 92 23 24 64 47 64 26 94 7 62 41 78 45 54 91 64 35 90 10 85 77 60 93 13 64 24 16 1 50 4 1 94 78 76 57 24 
77 13 98 97 84 35 9 53 44 58 14 40 38 92 67 95 15 69 0 40 34 70 98 95 10 75 39 64 18 54 50 59 63 87 87 74 31 99 38 54 67 90 4 70 90 49 99 17 57 74 8 90 43 6 84 5 32 74 68 1 27 69 59 41 55 45 14 86 96 51 39 62 92 94 83 33 42 81 50 98 54 57 39 49 62 74 53 94 47 72 46 25 40 5 65 95 1 31 32 96 
99 2 93 31 1 28 67 74 40 86 96 31 2 5 30 29 94 34 40 0 81 70 9 73 16 91 57 57 71 6 7 77 63 97 25 76 71 77 21 69 100 67 46 39 23 10 85 23 40 16 71 73 38 79 97 53 22 53 61 44 59 19 20 73 16 96 48 38 24 21 6 23 87 3 62 9 13 98 83 4 14 53 28 3 84 76 55 57 29 67 100 39 86 20 63 53 67 10 90 91 
72 93 18 73 68 55 73 41 88 13 35 75 74 81 48 57 86 76 34 81 0 82 47 13 68 50 26 28 14 24 11 69 89 15 97 91 50 72 97 6 52 63 6 42 100 77 4 52 43 66 93 85 47 40 98 15 41 75 94 6 98 4 74 86 71 22 76 72 46 72 78 97 87 35 91 86 11 94 38 5 59 82 42 6 21 39 72 13 13 17 18 63 21 44 48 43 65 76 14 10 
6 44 92 62 13 10 4 66 30 14 54 8 23 38 63 64 59 18 70 70 82 0 47 43 59 85 77 49 71 39 94 60 44 53 41 85 10 14 75 33 26 39 49 96 1 21 39 1 15 3 76 29 65 74 23 75 59 100 75 29 38 68 40 33 72 32 69 33 45 43 17 23 34 66 18 86 38 56 86 53 10 61 33 74 35 55 100 93 6 74 73 44 94 64 28 65 95 97 98 40 
63 63 70 96 96 72 40 11 64 11 94 82 6 44 74 45 19 89 98 9 47 47 0 91 14 14 24 31 31 10 21 38 95 73 47 8 57 73 42 63 72 86 69 98 10 64 91 73 91 7 19 87 4 58 78 70 23 53 52 53 14 72 90 9 96 89 68 4 61 9 67 84 94 87 33 55 50 23 27 92 30 45 79 85 55 8 6 77 12 58 82 26 81 23 86 29 11 53 32 23 
68 53 88 1 31 48 67 70 50 35 61 66 78 66 66 86 88 5 95 73 13 43 91 0 13 50 59 58 36 91 12 85 66 90 77 95 34 7 31 40 66 37 69 77 46 2 54 78 24 39 6 87 43 38 61 55 87 19 12 75 10 23 59 75 12 87 21 98 45 51 89 10 39 57 39 84 58 92 62 34 83 67 20 25 56 80 80 95 51 91 69 12 66 27 38 29 66 58 78 62 
8 42 74 19 90 24 31 64 39 70 70 34 46 29 65 13 42 7 10 16 68 59 14 13 0 60 67 72 99 75 62 82 85 53 95 18 35 62 89 60 69 20 91 63 70 33 31 81 98 10 70 79 75 27 56 36 39 74 59 37 49 20 70 85 25 65 2 59 78 42 70 46 61 12 9 83 45 39 63 94 48 33 72 74 11 80 62 1 53 20 37 53 92 59 37 68 23 38 78 100 
31 98 45 89 16 66 35 22 18 56 52 92 70 71 89 32 55 98 75 91 50 85 14 50 60 0 31 48 97 92 59 5 74 55 96 88 49 43 72 20 69 35 99 30 35 4 1 72 56 92 30 93 59 4 82 37 55 13 36 51 56 46 8 81 1 3 68 49 97 40 20 65 26 71 46 60 74 47 83 81 90 12 25 49 67 7 37 21 71 24 24 78 21 31 58 73 85 25 73 81 
91 2 83 33 50 36 94 61 21 45 83 24 51 18 76 64 49 2 39 57 26 77 24 59 67 31 0 16 93 98 41 15 43 53 40 89 35 20 79 99 45 79 65 3 67 38 25 42 61 2 62 43 59 35 27 35 7 59 3 51 56 95 65 51 47 4 39 82 76 69 80 72 99 96 26 17 33 2 58 45 3 72 87 13 58 65 99 16 24 1 67 31 96 83 81 94 39 72 75 66 
66 47 91 86 49 27 18 90 41 14 96 16 12 42 31 8 16 19 64 57 28 49 31 58 72 48 16 0 92 6 37 91 2 62 59 86 15 69 83 17 40 21 81 49 86 79 64 61 32 82 91 79 65 24 72 55 95 47 20 38 4 56 28 57 69 39 43 83 7 77 51 98 97 83 46 34 61 9 94 44 91 37 22 7 60 94 61 6 92 80 43 95 87 23 52 7 61 46 41 67 
85 24 88 20 51 51 53 82 61 86 91 24 26 14 7 70 43 67 18 71 14 71 31 36 99 97 93 92 0 74 43 64 70 25 9 56 37 69 49 81 59 37 2 17 96 47 77 1 38 8 44 85 46 66 88 4 26 85 44 44 58 86 59 79 62 19 34 99 87 35 79 46 71 80 14 67 79 91 19 16 50 62 52 48 79 39 51 56 23 47 51 80 84 9 59 46 27 44 44 14 
52 84 66 86 91 78 81 72 40 15 8 69 62 41 63 86 1 85 54 6 24 39 10 91 75 92 98 6 74 0 78 22 11 49 53 24 67 31 66 37 99 68 99 50 15 29 89 17 85 11 63 35 43 47 96 53 92 22 96 35 87 74 56 97 74 8 73 40 91 90 76 89 57 26 38 23 7 78 40 43 41 2 29 83 48 24 87 91 98 82 25 84 7 32 33 80 92 5 71 82 
25 58 12 35 10 60 76 27 73 92 76 53 8 51 54 16 35 49 50 7 11 94 21 12 62 59 41 37 43 78 0 94 99 22 3 76 59 25 82 37 64 24 77 18 5 11 17 28 97 8 25 78 84 9 85 68 41 16 59 97 87 92 42 37 13 96 12 23 21 46 59 36 69 87 5 25 97 22 53 45 81 29 23 16 37 59 83 29 74 41 77 12 84 19 48 96 66 12 19 86 
39 48 60 65 41 55 48 64 16 65 77 9 19 64 43 32 100 33 59 77 69 60 38 85 82 5 15 91 64 22 94 0 57 29 74 77 16 78 2 64 51 54 9 83 82 83 99 71 93 81 51 18 74 28 30 57 98 29 5 63 40 75 1 96 3 26 73 70 55 26 86 6 79 94 40 12 28 38 34 20 19 85 37 92 64 18 100 61 99 4 75 38 78 27 86 33 52 10 2 7 
93 19 67 66 28 44 29 49 83 36 21 49 82 58 60 70 38 12 63 63 89 44 95 66 85 74 43 2 70 11 99 57 0 35 87 64 65 32 3 76 59 41 10 30 11 46 67 54 9 36 53 21 34 9 47 24 86 74 9 70 25 70 24 31 4 10 46 20 94 49 95 4 41 56 34 3 53 52 56 61 87 60 33 21 68 80 44 6 53 4 75 29 25 98 60 80 60 57 99 53 
19 63 29 96 69 2 5 52 42 70 76 41 99 61 55 48 39 14 87 97 15 53 73 90 53 55 53 62 25 49 22 29 35 0 5 45 56 97 1 41 99 5 92 6 18 79 66 50 51 33 81 46 38 33 49 13 62 73 62 73 52 21 29 2 25 86 46 81 34 98 73 85 3 65 90 20 43 7 21 45 92 2 90 29 86 38 93 99 62 55 23 65 27 52 66 52 89 63 84 74 
43 19 76 73 77 11 79 22 32 4 100 58 70 86 16 11 38 35 87 25 97 41 47 77 95 96 40 59 9 53 3 74 87 5 0 61 56 58 63 20 100 34 14 58 54 58 49 7 47 78 45 36 22 43 49 28 66 65 55 69 30 58 9 93 41 82 5 48 92 67 68 43 52 33 100 57 43 49 64 41 78 8 77 99 2 77 79 67 42 85 87 23 42 95 15 82 29 19 29 72 
1 14 5 100 30 17 50 71 51 91 90 39 31 45 7 94 93 24 74 76 91 85 8 95 18 88 89 86 56 24 76 77 64 45 61 0 37 48 14 40 33 65 97 75 13 12 15 42 71 43 93 72 72 71 91 13 55 77 35 96 24 2 29 4 72 9 75 61 9 88 100 41 52 48 67 17 59 33 58 29 28 2 53 99 72 43 11 78 71 97 25 94 50 53 97 74 14 23 34 22 
55 80 73 36 82 23 29 66 79 47 84 2 87 83 99 39 40 20 31 71 50 10 57 34 35 49 35 15 37 67 59 16 65 56 56 37 0 10 85 62 14 33 28 82 91 12 91 72 39 93 24 37 64 66 99 42 36 48 18 82 97 71 30 70 36 53 55 57 14 40 70 27 72 49 60 14 60 51 85 99 43 8 87 58 25 86 99 13 33 69 94 81 39 75 3 26 27 57 82 93 
22 40 94 16 21 31 32 88 79 92 30 45 89 39 68 9 17 73 99 77 72 14 73 7 62 43 20 69 69 31 25 78 32 97 58 48 10 0 48 3 71 19 51 31 85 62 81 69 12 23 29 99 80 53 84 31 65 68 99 10 100 89 85 2 14 63 59 47 55 6 1 26 77 3 56 13 64 88 33 28 62 61 26 41 66 61 23 82 80 73 92 79 61 28 81 26 90 91 24 97 
83 63 26 5 65 27 23 21 15 34 15 16 57 20 56 70 85 41 38 21 97 75 42 31 89 72 79 83 49 66 82 2 3 1 63 14 85 48 0 48 76 74 76 78 29 88 94 68 21 21 29 33 98 21 98 58 44 80 89 16 23 67 29 50 99 6 91 41 82 87 89 57 60 16 87 40 4 80 7 76 52 87 8 49 8 58 58 51 89 98 18 11 64 98 12 15 4 2 55 37 
46 18 74 11 83 50 49 44 66 49 41 89 64 98 51 42 75 11 54 69 6 33 63 40 60 20 99 17 81 37 37 64 76 41 20 40 62 3 48 0 41 95 45 100 11 31 92 66 62 98 41 13 85 100 13 92 9 22 94 97 19 11 59 35 61 70 49 64 24 55 52 64 2 96 63 12 79 6 29 40 4 69 5 40 20 17 83 29 39 28 25 57 90 84 91 50 5 91 65 28 
4 84 77 22 24 78 31 58 28 1 17 6 36 20 52 20 51 48 67 100 52 26 72 66 69 69 45 40 59 99 64 51 59 99 100 33 14 71 76 41 0 46 16 91 99 64 6 10 42 63 38 81 66 58 85 57 77 54 91 5 92 18 82 100 60 17 43 9 73 33 74 1 30 41 43 28 4 100 89 97 63 78 30 80 87 14 89 64 19 31 20 62 1 53 62 60 69 56 68 42 
23 7 68 82 60 9 55 29 14 76 42 13 3 6 66 61 96 92 90 67 63 39 86 37 20 35 79 21 37 68 24 54 41 5 34 65 33 19 74 95 46 0 40 93 94 22 86 88 1 41 40 90 38 2 19 67 33 6 32 21 21 3 52 92 64 4 45 25 63 65 32 82 58 72 27 51 93 12 91 93 4 30 34 41 83 5 59 15 10 43 88 82 45 91 73 8 94 69 85 56 
8 96 99 51 84 18 81 88 13 40 82 81 82 89 95 59 14 85 4 46 6 49 69 69 91 99 65 81 2 99 77 9 10 92 14 97 28 51 76 45 16 40 0 34 16 37 43 39 63 94 31 26 36 76 30 65 61 22 47 65 33 61 26 27 100 7 71 90 32 30 83 100 66 90 85 34 79 28 72 93 73 55 19 8 82 100 72 42 21 70 59 53 82 84 79 82 91 1 71 74 
45 77 73 76 89 81 62 64 8 64 10 59 3 69 67 16 87 96 70 39 42 96 98 77 63 30 3 49 17 50 18 83 30 6 58 75 82 31 78 100 91 93 34 0 83 6 73 48 95 58 33 73 37 5 66 9 11 36 68 92 35 91 85 55 60 43 60 41 27 90 22 69 43 45 42 25 50 66 24 96 75 57 69 11 61 86 71 23 21 38 66 55 28 2 61 39 45 72 80 23 
57 13 50 13 76 19 22 57 40 33 20 24 35 89 72 72 41 71 90 23 100 1 10 46 70 35 67 86 96 15 5 82 11 18 54 13 91 85 29 11 99 94 16 83 0 62 53 43 4 49 84 80 50 1 3 46 76 59 66 38 71 3 9 93 23 98 10 29 26 12 41 16 8 13 95 30 26 100 24 81 100 59 60 50 59 62 95 34 73 12 72 43 14 32 88 88 29 97 16 6 
17 87 33 5 4 86 14 23 83 84 82 96 83 11 69 40 2 32 49 10 77 21 64 2 33 4 38 79 47 29 11 83 46 79 58 12 12 62 88 31 64 22 37 6 62 0 60 8 22 67 72 68 48 97 19 71 29 19 81 40 68 40 54 14 73 26 25 96 20 38 27 7 77 56 56 44 13 67 51 34 34 23 2 33 71 20 56 100 90 36 39 57 75 44 70 100 69 46 47 89 
39 69 88 61 7 11 81 72 75 86 96 46 52 49 29 59 68 62 99 85 4 39 91 54 31 1 25 64 77 89 17 99 67 66 49 15 91 81 94 92 6 86 43 73 53 60 0 35 26 47 11 33 2 54 45 69 5 79 54 79 32 38 1 3 93 52 93 81 43 1 7 86 71 58 55 68 5 95 3 30 41 13 62 43 67 58 63 23 88 68 53 19 5 53 74 98 57 18 78 99 
69 1 32 21 25 54 20 37 14 98 64 30 14 58 71 60 72 14 17 23 52 1 73 78 81 72 42 61 1 17 28 71 54 50 7 42 72 69 68 66 10 88 39 48 43 8 35 0 18 36 84 40 94 90 8 98 84 62 79 25 74 92 19 92 49 33 14 37 100 18 7 4 71 32 53 79 49 82 77 19 18 60 10 11 2 69 60 85 30 38 61 4 81 31 95 81 15 61 69 14 
79 18 48 40 99 44 44 16 48 13 24 43 46 72 98 88 61 20 57 40 43 15 91 24 98 56 61 32 38 85 97 93 9 51 47 71 39 12 21 62 42 1 63 95 4 22 26 18 0 30 76 70 52 59 22 30 60 4 6 78 21 18 39 31 19 8 42 55 37 31 68 92 11 50 39 91 65 51 60 30 80 87 99 32 45 21 61 4 76 19 33 96 36 24 78 6 31 19 60 19 
15 81 85 9 91 97 90 24 19 95 61 86 89 40 47 54 35 82 74 16 66 3 7 39 10 92 2 82 8 11 8 81 36 33 78 43 93 23 21 98 63 41 94 58 49 67 47 36 30 0 49 79 63 11 29 53 1 45 3 12 74 34 98 25 17 95 97 78 50 72 96 35 19 83 58 48 88 40 18 47 10 18 78 24 28 58 76 80 2 30 92 27 64 41 3 80 87 99 9 37 
20 2 24 3 25 82 38 10 5 35 59 60 15 62 52 40 66 47 8 71 93 76 19 6 70 30 62 91 44 63 25 51 53 81 45 93 24 29 29 41 38 40 31 33 84 72 11 84 76 49 0 22 56 71 92 38 80 39 25 71 56 24 80 73 1 4 52 58 31 32 11 61 75 89 76 67 92 7 54 42 16 90 64 23 12 55 61 43 46 85 13 1 60 44 26 60 99 29 69 30 
51 10 17 12 19 50 68 9 87 25 59 69 19 52 45 97 98 47 90 73 85 29 87 87 79 93 43 79 85 35 78 18 21 46 36 72 37 99 33 13 81 90 26 73 80 68 33 40 70 79 22 0 60 79 42 86 20 69 53 11 75 58 52 42 47 67 65 10 74 77 52 19 13 16 71 73 59 48 32 58 77 53 39 88 83 32 26 2 100 30 12 26 87 16 20 85 34 36 94 7 
73 77 77 71 55 58 45 41 100 61 67 45 12 78 61 17 93 51 43 38 47 65 4 43 75 59 59 65 46 43 84 74 34 38 22 72 64 80 98 85 66 38 36 37 50 48 2 94 52 63 56 60 0 12 97 77 24 12 100 48 22 99 32 31 27 84 69 15 66 52 92 20 3 21 83 29 7 98 100 43 84 35 36 90 98 84 19 73 95 70 21 68 68 52 99 95 87 19 61 52 
34 64 45 99 20 5 30 20 69 97 5 42 73 57 25 85 36 88 6 79 40 74 58 38 27 4 35 24 66 47 9 28 9 33 43 71 66 53 21 100 58 2 76 5 1 97 54 90 59 11 71 79 12 0 71 4 23 73 24 6 53 82 3 52 24 86 38 11 28 35 94 98 8 40 67 80 7 86 83 57 32 69 76 44 72 98 47 95 22 70 100 75 3 54 78 26 92 16 36 19 
70 62 57 13 49 97 35 78 89 59 71 35 48 70 62 34 85 51 84 97 98 23 78 61 56 82 27 72 88 96 85 30 47 49 49 91 99 84 98 13 85 19 30 66 3 19 45 8 22 29 92 42 97 71 0 2 81 68 61 20 86 40 79 71 74 35 3 42 62 98 14 59 45 60 81 14 59 55 17 64 84 94 55 99 82 25 1 62 92 61 34 77 53 12 100 26 46 54 20 8 
80 18 2 41 45 82 75 57 90 30 88 78 9 58 25 82 86 9 5 53 15 75 70 55 36 37 35 55 4 53 68 57 24 13 28 13 42 31 58 92 57 67 65 9 46 71 69 98 30 53 38 86 77 4 2 0 51 33 18 95 44 98 61 54 4 77 17 88 22 72 38 3 48 38 65 40 51 98 68 55 61 67 80 58 72 99 17 23 83 35 69 78 32 29 31 88 57 48 75 79 
64 13 41 87 87 22 64 94 86 52 56 85 42 79 13 68 90 85 32 22 41 59 23 87 39 55 7 95 26 92 41 98 86 62 66 55 36 65 44 9 77 33 61 11 76 29 5 84 60 1 80 20 24 23 81 51 0 71 12 33 70 2 97 9 4 46 29 58 58 47 89 16 19 40 32 93 22 18 61 100 2 90 82 89 98 29 15 76 51 78 9 21 31 57 81 34 55 9 43 12 
12 64 39 97 98 33 28 90 61 55 54 10 51 87 38 98 85 53 74 53 75 100 53 19 74 13 59 47 85 22 16 29 74 73 65 77 48 68 80 22 54 6 22 36 59 19 79 62 4 45 39 69 12 73 68 33 71 0 8 32 79 26 71 63 70 44 80 30 95 81 71 77 69 69 57 35 96 60 13 56 80 43 65 12 29 19 73 71 82 80 2 61 57 24 75 26 20 54 7 14 
97 16 44 26 45 60 45 98 82 95 84 45 72 100 8 89 1 79 68 61 94 75 52 12 59 36 3 20 44 96 59 5 9 62 55 35 18 99 89 94 91 32 47 68 66 81 54 79 6 3 25 53 100 24 61 18 12 8 0 35 78 90 55 46 99 90 41 58 54 49 89 96 13 100 24 31 24 47 64 3 100 76 11 24 50 36 43 4 43 8 90 72 50 44 17 48 85 9 5 38 
100 36 28 58 38 72 68 27 46 89 99 8 19 92 20 37 33 4 1 44 6 29 53 75 37 51 51 38 44 35 97 63 70 73 69 96 82 10 16 97 5 21 65 92 38 40 79 25 78 12 71 11 48 6 20 95 33 32 35 0 57 93 86 21 44 61 51 68 7 67 22 7 42 33 82 92 20 24 47 14 83 36 85 32 31 53 79 68 14 35 57 70 79 94 91 23 55 93 90 61 
63 47 4 82 40 62 60 61 100 21 13 30 12 27 52 83 37 37 27 59 98 38 14 10 49 56 56 4 58 87 87 40 25 52 30 24 97 100 23 19 92 21 33 35 71 68 32 74 21 74 56 75 22 53 86 44 70 79 78 57 0 11 11 19 53 95 100 96 15 75 94 28 58 81 65 41 63 17 72 30 30 6 39 52 85 32 94 59 86 38 48 99 49 10 17 53 5 17 48 71 
74 26 7 12 54 19 72 24 54 86 59 97 31 2 61 4 87 27 69 19 4 68 72 23 20 46 95 56 86 74 92 75 70 21 58 2 71 89 67 11 18 3 61 91 3 40 38 92 18 34 24 58 99 82 40 98 2 26 90 93 11 0 91 93 98 100 73 14 41 35 31 12 65 12 69 55 63 53 86 8 11 72 46 10 22 94 20 38 46 76 6 45 46 49 37 95 48 9 9 40 
38 35 39 74 30 26 15 90 13 53 75 68 89 56 14 20 84 88 59 20 74 40 90 59 70 8 65 28 59 56 42 1 24 29 9 29 30 85 29 59 82 52 26 85 9 54 1 19 39 98 80 52 32 3 79 61 97 71 55 86 11 91 0 95 39 3 11 50 72 65 65 76 51 72 87 74 17 48 95 62 19 84 59 94 90 3 91 90 91 86 37 51 94 29 46 84 31 56 85 2 
7 17 71 99 20 57 89 61 34 56 86 78 94 84 63 4 74 49 41 73 86 33 9 75 85 81 51 57 79 97 37 96 31 2 93 4 70 2 50 35 100 92 27 55 93 14 3 92 31 25 73 42 31 52 71 54 9 63 46 21 19 93 95 0 21 1 78 23 73 16 96 41 63 42 3 82 77 13 27 66 16 18 7 58 55 44 9 48 24 54 83 54 9 67 8 81 68 85 3 92 
92 88 35 7 74 21 76 27 47 8 87 89 30 62 15 3 25 92 55 16 71 72 96 12 25 1 47 69 62 74 13 3 4 25 41 72 36 14 99 61 60 64 100 60 23 73 93 49 19 17 1 47 27 24 74 4 4 70 99 44 53 98 39 21 0 100 50 32 14 91 86 47 68 99 26 85 66 43 92 23 97 87 31 96 10 36 78 15 45 96 22 77 15 58 80 6 9 29 90 23 
33 53 15 46 59 88 46 64 45 8 74 77 59 93 81 31 22 23 45 96 22 32 89 87 65 3 4 39 19 8 96 26 10 86 82 9 53 63 6 70 17 4 7 43 98 26 52 33 8 95 4 67 84 86 35 77 46 44 90 61 95 100 3 1 100 0 72 75 21 91 25 46 27 42 40 18 65 88 56 47 83 17 83 12 84 79 8 5 55 22 63 86 80 71 67 69 45 90 95 18 
8 30 27 99 1 74 90 31 37 99 75 68 24 28 70 98 67 24 14 48 76 69 68 21 2 68 39 43 34 73 12 73 46 46 5 75 55 59 91 49 43 45 71 60 10 25 93 14 42 97 52 65 69 38 3 17 29 80 41 51 100 73 11 78 50 72 0 80 72 63 6 13 3 76 29 90 31 28 25 100 10 36 83 40 95 39 46 69 1 32 48 24 50 68 20 39 14 37 18 85 
47 68 8 95 55 95 57 92 25 6 70 91 16 45 65 93 64 64 86 38 72 33 4 98 59 49 82 83 99 40 23 70 20 81 48 61 57 47 41 64 9 25 90 41 29 96 81 37 55 78 58 10 15 11 42 88 58 30 58 68 96 14 50 23 32 75 80 0 100 75 50 54 50 78 95 33 5 71 84 66 7 66 5 53 4 3 73 57 86 72 32 35 39 51 73 5 88 42 89 39 
54 45 60 13 31 18 77 51 75 99 55 73 99 31 49 39 90 47 96 24 46 45 61 45 78 97 76 7 87 91 21 55 94 34 92 9 14 55 82 24 73 63 32 27 26 20 43 100 37 50 31 74 66 28 62 22 58 95 54 7 15 41 72 73 14 21 72 100 0 68 90 92 70 68 38 54 24 9 37 42 67 2 98 19 57 100 92 65 85 15 96 19 54 47 43 58 34 36 98 24 
90 44 52 55 17 100 12 51 51 32 41 35 33 100 77 19 3 64 51 21 72 43 9 51 42 40 69 77 35 90 46 26 49 98 67 88 40 6 87 55 33 65 30 90 12 38 1 18 31 72 32 77 52 35 98 72 47 81 49 67 75 35 65 16 91 91 63 75 68 0 56 88 67 25 7 4 78 82 64 66 23 30 19 21 1 75 20 44 40 57 58 35 27 63 33 70 72 18 57 70 
44 37 33 57 38 44 5 88 90 54 62 31 31 42 15 34 91 26 39 6 78 17 67 89 70 20 80 51 79 76 59 86 95 73 68 100 70 1 89 52 74 32 83 22 41 27 7 7 68 96 11 52 92 94 14 38 89 71 89 22 94 31 65 96 86 25 6 50 90 56 0 41 64 9 7 88 67 63 17 48 26 82 23 8 52 43 60 27 14 3 18 70 12 4 97 75 37 18 46 54 
9 28 88 34 54 48 59 9 2 52 23 78 34 51 52 11 40 94 62 23 97 23 84 10 46 65 72 98 46 89 36 6 4 85 43 41 27 26 57 64 1 82 100 69 16 7 86 4 92 35 61 19 20 98 59 3 16 77 96 7 28 12 76 41 47 46 13 54 92 88 41 0 74 67 47 38 27 5 77 93 67 46 93 45 79 15 52 31 9 11 9 22 65 78 92 76 81 40 2 69 
13 50 71 36 76 61 19 80 65 59 82 48 87 5 42 79 50 7 92 87 87 34 94 39 61 26 99 97 71 57 69 79 41 3 52 52 72 77 60 2 30 58 66 43 8 77 71 71 11 19 75 13 3 8 45 48 19 69 13 42 58 65 51 63 68 27 3 50 70 67 64 74 0 57 100 75 82 18 21 71 45 25 100 89 44 45 33 88 23 47 91 53 7 53 13 29 17 90 72 44 
3 84 83 59 73 13 37 75 2 45 44 63 13 82 9 92 56 62 94 3 35 66 87 57 12 71 96 83 80 26 87 94 56 65 33 48 49 3 16 96 41 72 90 45 13 56 58 32 50 83 89 16 21 40 60 38 40 69 100 33 81 12 72 42 99 42 76 78 68 25 9 67 57 0 71 11 46 91 19 97 65 100 14 37 71 58 14 70 99 9 66 31 96 88 30 86 93 36 90 5 
6 5 60 9 42 80 20 24 61 15 33 89 36 71 18 26 78 41 83 62 91 18 33 39 9 46 26 46 14 38 5 40 34 90 100 67 60 56 87 63 43 27 85 42 95 56 55 53 39 58 76 71 83 67 81 65 32 57 24 82 65 69 87 3 26 40 29 95 38 7 7 47 100 71 0 16 6 47 87 49 17 49 46 59 67 42 76 67 56 12 89 65 77 10 15 85 75 46 32 14 
21 14 72 48 4 31 40 88 56 44 53 23 21 45 65 51 90 78 33 9 86 86 55 84 83 60 17 34 67 23 25 12 3 20 57 17 14 13 40 12 28 51 34 25 30 44 68 79 91 48 67 73 29 80 14 40 93 35 31 92 41 55 74 82 85 18 90 33 54 4 88 38 75 11 16 0 27 69 58 62 58 15 30 15 61 68 64 29 17 61 87 83 55 14 1 62 26 41 26 54 
19 70 15 63 76 50 2 98 85 29 77 11 95 93 30 84 58 45 42 13 11 38 50 58 45 74 33 61 79 7 97 28 53 43 43 59 60 64 4 79 4 93 79 50 26 13 5 49 65 88 92 59 7 7 59 51 22 96 24 20 63 63 17 77 66 65 31 5 24 78 67 27 82 46 6 27 0 50 41 91 76 38 22 42 64 91 99 77 100 65 6 15 25 74 30 5 42 42 44 76 
44 25 48 21 49 42 53 95 35 52 28 86 40 19 98 84 98 54 81 98 94 56 23 92 39 47 2 9 91 78 22 38 52 7 49 33 51 88 80 6 100 12 28 66 100 67 95 82 51 40 7 48 98 86 55 98 18 60 47 24 17 53 48 13 43 88 28 71 9 82 63 5 18 91 47 69 50 0 96 57 77 57 34 69 35 88 71 75 30 46 64 51 39 27 93 90 55 45 54 13 
90 14 3 21 28 84 59 77 21 93 16 53 34 2 35 62 61 91 50 83 38 86 27 62 63 83 58 94 19 40 53 34 56 21 64 58 85 33 7 29 89 91 72 24 24 51 3 77 60 18 54 32 100 83 17 68 61 13 64 47 72 86 95 27 92 56 25 84 37 64 17 77 21 19 87 58 41 96 0 59 31 86 40 35 79 81 78 54 77 35 82 33 68 51 67 7 21 93 36 18 
50 88 14 2 75 45 46 65 84 41 100 53 92 64 27 23 70 64 98 4 5 53 92 34 94 81 45 44 16 43 45 20 61 45 41 29 99 28 76 40 97 93 93 96 81 34 30 19 30 47 42 58 43 57 64 55 100 56 3 14 30 8 62 66 23 47 100 66 42 66 48 93 71 97 49 62 91 57 59 0 56 39 57 34 83 46 89 27 51 1 37 81 38 76 16 68 57 45 21 33 
11 6 84 82 91 38 42 71 5 99 40 23 28 59 96 89 32 35 54 14 59 10 30 83 48 90 3 91 50 41 81 19 87 92 78 28 43 62 52 4 63 4 73 75 100 34 41 18 80 10 16 77 84 32 84 61 2 80 100 83 30 11 19 16 97 83 10 7 67 23 26 67 45 65 17 58 76 77 31 56 0 31 3 65 99 5 84 57 25 28 45 94 84 83 2 69 17 99 57 44 
61 67 78 23 5 17 48 86 26 27 27 64 100 15 39 1 78 90 57 53 82 61 45 67 33 12 72 37 62 2 29 85 60 2 8 2 8 61 87 69 78 30 55 57 59 23 13 60 87 18 90 53 35 69 94 67 90 43 76 36 6 72 84 18 87 17 36 66 2 30 82 46 25 100 49 15 38 57 86 39 31 0 50 9 80 30 98 56 97 65 12 42 38 44 72 40 60 22 44 95 
100 49 82 66 45 95 13 25 71 65 10 74 62 67 71 19 67 10 39 28 42 33 79 20 72 25 87 22 52 29 23 37 33 90 77 53 87 26 8 5 30 34 19 69 60 2 62 10 99 78 64 39 36 76 55 80 82 65 11 85 39 46 59 7 31 83 83 5 98 19 23 93 100 14 46 30 22 34 40 57 3 50 0 31 20 23 75 65 58 9 67 26 25 65 35 68 66 95 100 96 
83 34 60 52 97 95 38 63 56 59 58 67 91 88 56 58 76 85 49 3 6 74 85 25 74 49 13 7 48 83 16 92 21 29 99 99 58 41 49 40 80 41 8 11 50 33 43 11 32 24 23 88 90 44 99 58 89 12 24 32 52 10 94 58 96 12 40 53 19 21 8 45 89 37 59 15 42 69 35 34 65 9 31 0 93 55 44 9 18 85 46 13 9 37 72 82 32 19 64 3 
94 83 22 73 76 74 77 58 94 23 31 57 24 71 63 37 66 77 62 84 21 35 55 56 11 67 58 60 79 48 37 64 68 86 2 72 25 66 8 20 87 83 82 61 59 71 67 2 45 28 12 83 98 72 82 72 98 29 50 31 85 22 90 55 10 84 95 4 57 1 52 79 44 71 67 61 64 35 79 83 99 80 20 93 0 41 38 68 98 98 86 75 75 2 9 42 68 4 93 15 
21 63 38 30 93 43 47 2 11 75 81 60 9 36 84 53 3 60 74 76 39 55 8 80 80 7 65 94 39 24 59 18 80 38 77 43 86 61 58 17 14 5 100 86 62 20 58 69 21 58 55 32 84 98 25 99 29 19 36 53 32 94 3 44 36 79 39 3 100 75 43 15 45 58 42 68 91 88 81 46 5 30 23 55 41 0 48 99 58 8 16 95 54 28 55 42 52 36 26 70 
14 3 14 44 93 28 12 71 45 40 46 96 99 45 33 39 13 93 53 55 72 100 6 80 62 37 99 61 51 87 83 100 44 93 79 11 99 23 58 83 89 59 72 71 95 56 63 60 61 76 61 26 19 47 1 17 15 73 43 79 94 20 91 9 78 8 46 73 92 20 60 52 33 14 76 64 99 71 78 89 84 98 75 44 38 48 0 52 28 62 41 47 11 39 84 85 13 86 94 6 
9 95 14 11 63 95 92 3 31 74 38 41 17 2 28 4 55 13 94 57 13 93 77 95 1 21 16 6 56 91 29 61 6 99 67 78 13 82 51 29 64 15 42 23 34 100 23 85 4 80 43 2 73 95 62 23 76 71 4 68 59 38 90 48 15 5 69 57 65 44 27 31 88 70 67 29 77 75 54 27 57 56 65 9 68 99 52 0 5 49 99 71 96 49 28 3 65 74 8 92 
32 78 77 26 42 27 26 44 71 29 86 69 59 22 73 2 87 64 47 29 13 6 12 51 53 71 24 92 23 98 74 99 53 62 42 71 33 80 89 39 19 10 21 21 73 90 88 30 76 2 46 100 95 22 92 83 51 82 43 14 86 46 91 24 45 55 1 86 85 40 14 9 23 99 56 17 100 30 77 51 25 97 58 18 98 58 28 5 0 28 2 95 16 27 16 67 6 77 7 53 
10 19 57 21 37 88 8 68 26 34 29 40 23 96 40 27 65 24 72 67 17 74 58 91 20 24 1 80 47 82 41 4 4 55 85 97 69 73 98 28 31 43 70 38 12 36 68 38 19 30 85 30 70 70 61 35 78 80 8 35 38 76 86 54 96 22 32 72 15 57 3 11 47 9 12 61 65 46 35 1 28 65 9 85 98 8 62 49 28 0 87 97 88 24 9 25 69 67 29 17 
61 31 41 68 52 67 59 81 28 14 36 100 36 93 99 92 39 16 46 100 18 73 82 69 37 24 67 43 51 25 77 75 75 23 87 25 94 92 18 25 20 88 59 66 72 39 53 61 33 92 13 12 21 100 34 69 9 2 90 57 48 6 37 83 22 63 48 32 96 58 18 9 91 66 89 87 6 64 82 37 45 12 67 46 86 16 41 99 2 87 0 17 99 64 65 79 18 29 52 78 
47 76 32 59 34 88 86 4 70 1 50 98 71 1 77 84 23 1 25 39 63 44 26 12 53 78 31 95 80 84 12 38 29 65 23 94 81 79 11 57 62 82 53 55 43 57 19 4 96 27 1 26 68 75 77 78 21 61 72 70 99 45 51 54 77 86 24 35 19 35 70 22 53 31 65 83 15 51 33 81 94 42 26 13 75 95 47 71 95 97 17 0 73 32 79 67 47 57 35 65 
83 44 16 84 42 6 31 43 79 72 39 89 53 97 52 83 52 50 40 86 21 94 81 66 92 21 96 87 84 7 84 78 25 27 42 50 39 61 64 90 1 45 82 28 14 75 5 81 36 64 60 87 68 3 53 32 31 57 50 79 49 46 94 9 15 80 50 39 54 27 12 65 7 96 77 55 25 39 68 38 84 38 25 9 75 54 11 96 16 88 99 73 0 62 11 23 66 50 20 54 
98 17 32 41 33 44 26 70 40 18 62 19 76 100 12 12 75 4 5 20 44 64 23 27 59 31 83 23 9 32 19 27 98 52 95 53 75 28 98 84 53 91 84 2 32 44 53 31 24 41 44 16 52 54 12 29 57 24 44 94 10 49 29 67 58 71 68 51 47 63 4 78 53 88 10 14 74 27 51 76 83 44 65 37 2 28 39 49 27 24 64 32 62 0 73 80 78 93 46 59 
53 92 54 10 5 97 26 65 56 8 35 27 16 84 39 40 49 1 65 63 48 28 86 38 37 58 81 52 59 33 48 86 60 66 15 97 3 81 12 91 62 73 79 61 88 70 74 95 78 3 26 20 99 78 100 31 81 75 17 91 17 37 46 8 80 67 20 73 43 33 97 92 13 30 15 1 30 93 67 16 2 72 35 72 9 55 84 28 16 9 65 79 11 73 0 9 62 9 24 27 
27 83 50 91 15 78 59 69 26 31 77 77 82 11 18 37 28 94 95 53 43 65 29 29 68 73 94 7 46 80 96 33 80 52 82 74 26 26 15 50 60 8 82 39 88 100 98 81 6 80 60 85 95 26 26 88 34 26 48 23 53 95 84 81 6 69 39 5 58 70 75 76 29 86 85 62 5 90 7 68 69 40 68 82 42 42 85 3 67 25 79 67 23 80 9 0 39 41 7 43 
82 70 46 38 91 32 23 85 36 25 87 96 86 93 44 94 48 78 1 67 65 95 11 66 23 85 39 61 27 92 66 52 60 89 29 14 27 90 4 5 69 94 91 45 29 69 57 15 31 87 99 34 87 92 46 57 55 20 85 55 5 48 31 68 9 45 14 88 34 72 37 81 17 93 75 26 42 55 21 57 17 60 66 32 68 52 13 65 6 69 18 47 66 78 62 39 0 70 79 74 
12 73 80 60 5 70 15 47 92 6 62 46 39 64 60 89 67 76 31 10 76 97 53 58 38 25 72 46 44 5 12 10 57 63 19 23 57 91 2 91 56 69 1 72 97 46 18 61 19 99 29 36 19 16 54 48 9 54 9 93 17 9 56 85 29 90 37 42 36 18 18 40 90 36 46 41 42 45 93 45 99 22 95 19 4 36 86 74 77 67 29 57 50 93 9 41 70 0 48 98 
25 50 9 37 22 73 15 13 50 36 98 19 98 55 82 82 44 57 32 90 14 98 32 78 78 73 75 41 44 71 19 2 99 84 29 34 82 24 55 65 68 85 71 80 16 47 78 69 60 9 69 94 61 36 20 75 43 7 5 90 48 9 85 3 90 95 18 89 98 57 46 2 72 90 32 26 44 54 36 21 57 44 100 64 93 26 94 8 7 29 52 35 20 46 24 7 79 48 0 72 
36 66 57 50 22 1 99 36 10 76 41 68 84 75 92 32 37 24 96 91 10 40 23 62 100 81 66 67 14 82 86 7 53 74 72 22 93 97 37 28 42 56 74 23 6 89 99 14 19 37 30 7 52 19 8 79 12 14 38 61 71 40 2 92 23 18 85 39 24 70 54 69 44 5 14 54 76 13 18 33 44 95 96 3 15 70 6 92 53 17 78 65 54 59 27 43 74 98 72 0 
