70
0 24 5 46 97 75 68 42 60 19 44 30 60 37 21 31 88 34 74 67 8 98 100 76 44 36 2 3 38 38 34 32 13 90 29 10 16 97 3 75 67 47 4 78 83 24 9 23 58 82 41 17 31 40 92 75 75 93 29 65 31 62 96 43 51 25 4 66 73 7 
24 0 92 39 53 96 16 87 71 76 61 80 9 2 96 92 93 88 66 68 80 94 84 62 8 79 5 10 55 60 28 79 66 19 69 18 66 37 57 37 12 17 16 73 70 12 64 63 51 81 82 82 26 65 44 85 95 100 95 50 59 74 80 25 44 49 94 10 85 2 
5 92 0 46 48 19 13 20 88 76 35 2 26 15 83 8 93 47 51 77 42 2 23 43 60 96 22 36 92 22 82 1 58 83 98 6 1 62 77 41 38 12 42 15 78 77 22 70 23 24 47 16 25 21 10 37 17 32 24 60 5 5 12 63 88 61 68 40 22 96 
46 39 46 0 80 11 59 74 26 37 50 99 58 24 75 4 40 51 25 49 87 93 32 11 4 89 67 15 51 54 75 70 94 48 17 25 59 76 98 36 64 99 34 21 23 8 25 14 59 1 14 97 45 98 59 48 38 26 14 88 79 40 9 72 87 25 49 97 52 46 
97 53 48 80 0 32 15 97 66 36 71 25 12 84 83 64 49 32 60 98 90 59 35 15 72 74 94 11 34 17 49 11 65 46 62 63 29 77 59 46 64 29 71 75 64 5 90 64 36 49 62 26 7 48 40 78 22 85 40 7 2 40 17 18 85 79 80 66 7 90 
75 96 19 11 32 0 11 22 18 81 48 33 86 37 97 73 85 10 98 43 9 90 72 82 26 11 89 27 2 5 97 87 35 28 4 41 18 14 14 87 95 61 20 32 97 68 56 33 29 6 75 37 95 46 71 20 8 59 99 10 63 47 48 98 74 51 90 91 16 4 
68 16 13 59 15 11 0 78 62 64 49 45 13 68 1 45 48 6 72 36 100 69 6 71 77 64 21 38 79 67 37 76 41 87 17 31 54 20 60 16 36 60 60 48 79 60 44 26 65 15 14 16 36 71 87 64 35 7 1 65 26 37 92 66 75 8 48 28 28 8 
42 87 20 74 97 22 78 0 43 15 19 55 62 50 14 5 27 79 72 40 46 7 11 84 70 97 43 22 61 68 10 52 33 84 59 80 63 38 39 58 4 10 12 65 59 25 22 85 55 45 25 53 3 87 36 24 83 78 45 95 45 54 98 29 89 8 9 3 46 99 
60 71 88 26 66 18 62 43 0 60 49 8 23 66 66 100 39 51 6 83 75 58 85 61 46 8 95 23 4 89 20 57 38 48 97 45 56 51 42 55 63 91 14 85 8 80 36 46 30 42 80 56 51 64 68 96 23 62 19 26 2 38 34 39 37 30 83 45 32 25 
19 76 76 37 36 81 64 15 60 0 99 94 67 64 79 26 43 66 23 72 7 2 79 10 17 46 5 39 59 75 64 12 64 97 50 1 78 85 45 9 61 95 55 79 58 85 56 1 50 78 24 9 79 3 18 47 48 22 85 59 97 48 70 60 96 72 60 25 56 56 
44 61 35 50 71 48 49 19 49 99 0 85 68 50 39 98 8 23 53 60 25 82 83 33 12 37 50 58 37 23 42 95 19 41 64 31 88 35 42 12 42 98 96 61 99 87 58 58 61 62 17 85 43 52 17 54 88 18 63 76 41 4 70 11 96 86 41 83 72 83 
30 80 2 99 25 33 45 55 8 94 85 0 94 14 32 42 26 30 80 84 88 40 97 56 25 92 7 93 97 47 11 60 22 3 15 44 13 11 81 54 93 52 88 39 17 71 32 43 52 11 78 39 50 74 47 26 65 53 71 62 51 33 73 25 35 87 68 99 97 100 
60 9 26 58 12 86 13 62 23 67 68 94 0 4 42 51 91 32 20 13 15 62 65 25 91 55 26 16 1 4 81 6 74 94 56 6 66 80 92 4 99 90 53 98 94 94 1 36 77 72 49 91 85 13 67 75 19 92 90 20 95 22 77 20 67 32 25 32 64 16 
37 2 15 24 84 37 68 50 66 64 50 14 4 0 88 62 58 40 12 51 85 64 86 61 35 34 3 19 98 69 45 69 12 34 40 59 8 16 78 74 47 55 58 10 22 45 24 79 84 87 81 20 2 67 32 36 52 34 6 2 54 2 70 17 87 9 75 94 76 5 
21 96 83 75 83 97 1 14 66 79 39 32 42 88 0 20 22 11 77 84 84 21 59 15 56 45 95 27 46 61 58 33 65 91 90 66 96 91 87 12 29 47 39 23 22 95 42 95 57 70 30 40 42 88 54 49 84 1 75 81 13 32 65 77 74 6 94 69 48 32 
31 92 8 4 64 73 45 5 100 26 98 42 51 62 20 0 32 77 78 22 51 51 16 44 98 24 13 27 64 54 67 69 2 2 69 76 35 82 7 51 10 32 57 4 100 4 35 83 32 65 5 82 15 72 25 64 48 37 91 11 42 9 31 43 62 100 18 96 33 76 
88 93 93 40 49 85 48 27 39 43 8 26 91 58 22 32 0 47 42 7 55 45 58 10 32 93 42 96 49 75 62 72 100 78 19 88 20 81 30 28 12 72 41 63 42 37 95 69 35 36 28 41 33 85 50 64 29 91 11 77 66 24 1 17 1 19 4 20 100 85 
34 88 47 51 32 10 6 79 51 66 23 30 32 40 11 77 47 0 99 11 9 40 25 2 28 19 70 14 6 97 54 38 34 3 53 62 46 15 91 63 39 91 31 91 61 86 11 60 71 61 22 79 100 46 80 27 16 1 92 22 98 45 59 83 100 64 96 45 78 38 
74 66 51 25 60 98 72 72 6 23 53 80 20 12 77 78 42 99 0 59 68 28 89 59 41 74 21 52 44 81 74 74 33 71 5 11 39 6 3 60 55 47 70 89 46 33 84 42 11 22 100 78 1 88 88 41 14 8 93 57 41 18 83 73 40 87 83 78 44 37 
67 68 77 49 98 43 36 40 83 72 60 84 13 51 84 22 7 11 59 0 89 50 84 59 38 81 91 74 23 53 95 74 31 47 62 70 40 75 30 84 83 70 53 17 94 92 4 76 22 99 13 10 1 48 68 38 28 11 11 2 63 57 76 45 56 89 15 95 15 44 
8 80 42 87 90 9 100 46 75 7 25 88 15 85 84 51 55 9 68 89 0 78 97 13 30 14 6 73 69 33 94 19 97 56 19 96 75 9 24 85 71 77 48 28 52 92 83 92 6 77 6 1 6 55 65 35 68 70 59 88 55 53 58 3 60 77 99 34 37 74 
98 94 2 93 59 90 69 7 58 2 82 40 62 64 21 51 45 40 28 50 78 0 71 7 50 18 34 54 61 68 45 19 96 51 19 53 5 84 87 24 5 46 63 11 50 20 14 61 48 12 46 84 85 16 43 34 33 28 39 94 96 84 64 43 86 82 96 42 17 34 
100 84 23 32 35 72 6 11 85 79 83 97 65 86 59 16 58 25 89 84 97 71 0 65 22 31 79 84 32 98 97 92 98 8 38 33 92 53 75 78 38 3 16 83 50 51 46 92 36 79 39 77 96 73 93 69 3 71 52 35 21 49 78 70 8 67 2 52 20 29 
76 62 43 11 15 82 71 84 61 10 33 56 25 61 15 44 10 2 59 59 13 7 65 0 29 9 31 96 91 80 99 88 23 34 66 62 63 61 34 7 81 88 30 33 74 2 81 4 71 88 70 24 39 41 52 19 49 34 67 91 65 65 78 88 50 96 1 64 56 86 
44 8 60 4 72 26 77 70 46 17 12 25 91 35 56 98 32 28 41 38 30 50 22 29 0 71 37 25 100 21 99 1 53 2 23 92 23 46 31 64 50 1 12 83 19 55 100 35 32 39 85 27 39 48 35 76 70 23 100 69 43 50 21 47 51 43 38 74 89 20 
36 79 96 89 74 11 64 97 8 46 37 92 55 34 45 24 93 19 74 81 14 18 31 9 71 0 89 90 21 100 72 91 6 23 26 38 61 10 16 99 9 2 26 79 76 26 99 70 75 20 16 78 14 54 3 54 73 91 43 45 42 67 36 48 89 13 37 50 74 4 
2 5 22 67 94 89 21 43 95 5 50 7 26 3 95 13 42 70 21 91 6 34 79 31 37 89 0 100 82 58 26 12 33 51 63 55 77 82 70 54 95 75 8 1 48 98 43 44 92 9 31 39 98 43 27 99 16 30 98 50 87 23 13 72 25 75 26 2 8 47 
3 10 36 15 11 27 38 22 23 39 58 93 16 19 27 27 96 14 52 74 73 54 84 96 25 90 100 0 7 55 22 15 55 21 64 97 16 55 58 47 45 7 41 71 5 9 53 2 58 91 77 22 62 1 97 39 2 56 86 9 10 59 75 64 79 38 13 94 45 70 
38 55 92 51 34 2 79 61 4 59 37 97 1 98 46 64 49 6 44 23 69 61 32 91 100 21 82 7 0 92 89 28 33 12 32 41 64 85 50 6 61 71 20 14 19 58 67 75 95 27 36 53 1 100 83 91 64 77 35 85 68 75 12 52 86 95 92 1 31 93 
38 60 22 54 17 5 67 68 89 75 23 47 4 69 61 54 75 97 81 53 33 68 98 80 21 100 58 55 92 0 7 44 16 78 57 34 87 23 60 82 50 96 86 2 47 69 92 62 97 26 46 16 1 9 68 38 3 11 39 33 4 97 76 71 74 84 56 60 7 16 
34 28 82 75 49 97 37 10 20 64 42 11 81 45 58 67 62 54 74 95 94 45 97 99 99 72 26 22 89 7 0 93 8 63 79 9 61 99 53 22 47 30 19 62 82 27 81 20 81 92 10 65 47 6 41 17 31 76 72 42 82 39 35 41 53 65 2 65 15 54 
32 79 1 70 11 87 76 52 57 12 95 60 6 69 33 69 72 38 74 74 19 19 92 88 1 91 12 15 28 44 93 0 38 61 83 56 74 65 34 55 36 14 46 45 31 44 2 23 60 32 98 83 25 32 22 59 72 26 75 73 91 89 26 28 1 61 36 75 77 69 
13 66 58 94 65 35 41 33 38 64 19 22 74 12 65 2 100 34 33 31 97 96 98 23 53 6 33 55 33 16 8 38 0 29 12 35 26 56 65 69 57 87 80 40 36 14 16 67 87 75 39 13 1 63 3 42 41 82 42 1 17 68 77 38 48 88 24 73 95 88 
90 19 83 48 46 28 87 84 48 97 41 3 94 34 91 2 78 3 71 47 56 51 8 34 2 23 51 21 12 78 63 61 29 0 93 3 26 24 94 61 38 9 80 76 35 18 88 36 80 42 29 72 76 22 72 92 90 100 81 89 39 4 62 33 43 6 87 68 82 80 
29 69 98 17 62 4 17 59 97 50 64 15 56 40 90 69 19 53 5 62 19 19 38 66 23 26 63 64 32 57 79 83 12 93 0 81 71 89 60 46 75 29 34 62 60 27 90 32 2 12 55 46 53 7 26 41 45 30 54 30 72 12 16 92 93 96 24 63 36 35 
10 18 6 25 63 41 31 80 45 1 31 44 6 59 66 76 88 62 11 70 96 53 33 62 92 38 55 97 41 34 9 56 35 3 81 0 8 62 63 93 24 74 72 13 57 73 76 12 18 80 18 44 73 62 25 26 43 96 89 59 39 81 6 62 95 41 96 55 2 58 
16 66 1 59 29 18 54 63 56 78 88 13 66 8 96 35 20 46 39 40 75 5 92 63 23 61 77 16 64 87 61 74 26 26 71 8 0 99 77 84 70 90 40 43 17 3 12 49 20 7 21 34 31 98 76 79 87 34 17 19 91 79 14 83 74 20 37 84 18 13 
97 37 62 76 77 14 20 38 51 85 35 11 80 16 91 82 81 15 6 75 9 84 53 61 46 10 82 55 85 23 99 65 56 24 89 62 99 0 67 88 54 58 82 23 61 45 71 80 52 91 65 82 40 93 60 78 78 77 97 69 7 62 51 80 81 87 15 50 100 33 
3 57 77 98 59 14 60 39 42 45 42 81 92 78 87 7 30 91 3 30 24 87 75 34 31 16 70 58 50 60 53 34 65 94 60 63 77 67 0 89 5 91 70 27 3 15 97 34 18 39 99 99 79 91 11 56 20 39 4 88 45 65 39 76 97 77 43 47 28 75 
75 37 41 36 46 87 16 58 55 9 12 54 4 74 12 51 28 63 60 84 85 24 78 7 64 99 54 47 6 82 22 55 69 61 46 93 84 88 89 0 87 33 17 9 11 19 75 8 5 92 46 3 90 76 45 52 84 64 90 87 4 86 52 94 62 100 22 56 98 50 
67 12 38 64 64 95 36 4 63 61 42 93 99 47 29 10 12 39 55 83 71 5 38 81 50 9 95 45 61 50 47 36 57 38 75 24 70 54 5 87 0 30 85 34 99 93 44 69 67 51 73 58 49 27 99 76 71 3 59 87 44 46 42 30 49 35 43 48 56 98 
47 17 12 99 29 61 60 10 91 95 98 52 90 55 47 32 72 91 47 70 77 46 3 88 1 2 75 7 71 96 30 14 87 9 29 74 90 58 91 33 30 0 46 57 79 82 90 77 26 34 46 44 36 70 53 36 97 3 12 67 5 70 5 49 67 46 78 15 32 72 
4 16 42 34 71 20 60 12 14 55 96 88 53 58 39 57 41 31 70 53 48 63 16 30 12 26 8 41 20 86 19 46 80 80 34 72 40 82 70 17 85 46 0 63 40 69 60 96 99 93 86 76 18 71 73 61 58 42 65 46 90 67 57 57 72 78 13 20 97 11 
78 73 15 21 75 32 48 65 85 79 61 39 98 10 23 4 63 91 89 17 28 11 83 33 83 79 1 71 14 2 62 45 40 76 62 13 43 23 27 9 34 57 63 0 49 11 42 72 25 81 92 36 29 90 28 14 17 97 36 41 9 45 83 73 90 24 40 98 32 63 
83 70 78 23 64 97 79 59 8 58 99 17 94 22 22 100 42 61 46 94 52 50 50 74 19 76 48 5 19 47 82 31 36 35 60 57 17 61 3 11 99 79 40 49 0 28 45 34 24 7 82 86 100 5 11 33 96 46 61 85 26 26 2 74 61 42 83 57 76 7 
24 12 77 8 5 68 60 25 80 85 87 71 94 45 95 4 37 86 33 92 92 20 51 2 55 26 98 9 58 69 27 44 14 18 27 73 3 45 15 19 93 82 69 11 28 0 47 100 98 96 31 60 75 27 93 98 33 26 84 33 30 46 65 25 43 25 10 68 2 63 
9 64 22 25 90 56 44 22 36 56 58 32 1 24 42 35 95 11 84 4 83 14 46 81 100 99 43 53 67 92 81 2 16 88 90 76 12 71 97 75 44 90 60 42 45 47 0 94 14 56 28 70 32 34 68 83 84 64 65 43 38 92 88 88 76 13 23 8 95 68 
23 63 70 14 64 33 26 85 46 1 58 43 36 79 95 83 69 60 42 76 92 61 92 4 35 70 44 2 75 62 20 23 67 36 32 12 49 80 34 8 69 77 96 72 34 100 94 0 24 19 10 100 80 30 1 42 75 14 50 2 84 81 87 3 15 70 18 79 13 8 
58 51 23 59 36 29 65 55 30 50 61 52 77 84 57 32 35 71 11 22 6 48 36 71 32 75 92 58 95 97 81 60 87 80 2 18 20 52 18 5 67 26 99 25 24 98 14 24 0 70 100 95 46 64 17 5 58 36 81 29 97 80 8 78 81 2 52 46 51 53 
82 81 24 1 49 6 15 45 42 78 62 11 72 87 70 65 36 61 22 99 77 12 79 88 39 20 9 91 27 26 92 32 75 42 12 80 7 91 39 92 51 34 93 81 7 96 56 19 70 0 81 83 40 84 97 9 1 27 73 8 49 24 54 46 40 22 50 97 57 82 
41 82 47 14 62 75 14 25 80 24 17 78 49 81 30 5 28 22 100 13 6 46 39 70 85 16 31 77 36 46 10 98 39 29 55 18 21 65 99 46 73 46 86 92 82 31 28 10 100 81 0 25 6 62 85 83 94 86 35 39 88 39 20 22 78 55 70 39 55 96 
17 82 16 97 26 37 16 53 56 9 85 39 91 20 40 82 41 79 78 10 1 84 77 24 27 78 39 22 53 16 65 83 13 72 46 44 34 82 99 3 58 44 76 36 86 60 70 100 95 83 25 0 11 15 44 87 68 41 26 90 43 22 98 24 99 3 85 83 38 78 
31 26 25 45 7 95 36 3 51 79 43 50 85 2 42 15 33 100 1 1 6 85 96 39 39 14 98 62 1 1 47 25 1 76 53 73 31 40 79 90 49 36 18 29 100 75 32 80 46 40 6 11 0 20 72 69 59 62 88 80 40 94 49 30 48 44 92 62 40 78 
40 65 21 98 48 46 71 87 64 3 52 74 13 67 88 72 85 46 88 48 55 16 73 41 48 54 43 1 100 9 6 32 63 22 7 62 98 93 91 76 27 70 71 90 5 27 34 30 64 84 62 15 20 0 30 80 3 71 22 77 68 46 27 23 82 61 60 12 32 83 
92 44 10 59 40 71 87 36 68 18 17 47 67 32 54 25 50 80 88 68 65 43 93 52 35 3 27 97 83 68 41 22 3 72 26 25 76 60 11 45 99 53 73 28 11 93 68 1 17 97 85 44 72 30 0 80 90 44 19 69 35 12 17 64 11 12 56 73 51 85 
75 85 37 48 78 20 64 24 96 47 54 26 75 36 49 64 64 27 41 38 35 34 69 19 76 54 99 39 91 38 17 59 42 92 41 26 79 78 56 52 76 36 61 14 33 98 83 42 5 9 83 87 69 80 80 0 54 83 40 76 56 16 43 53 94 17 35 54 76 98 
75 95 17 38 22 8 35 83 23 48 88 65 19 52 84 48 29 16 14 28 68 33 3 49 70 73 16 2 64 3 31 72 41 90 45 43 87 78 20 84 71 97 58 17 96 33 84 75 58 1 94 68 59 3 90 54 0 85 58 77 74 2 47 94 36 10 10 52 20 21 
93 100 32 26 85 59 7 78 62 22 18 53 92 34 1 37 91 1 8 11 70 28 71 34 23 91 30 56 77 11 76 26 82 100 30 96 34 77 39 64 3 3 42 97 46 26 64 14 36 27 86 41 62 71 44 83 85 0 59 44 24 43 49 58 82 24 13 49 19 66 
29 95 24 14 40 99 1 45 19 85 63 71 90 6 75 91 11 92 93 11 59 39 52 67 100 43 98 86 35 39 72 75 42 81 54 89 17 97 4 90 59 12 65 36 61 84 65 50 81 73 35 26 88 22 19 40 58 59 0 42 35 52 47 11 49 83 20 77 56 73 
65 50 60 88 7 10 65 95 26 59 76 62 20 2 81 11 77 22 57 2 88 94 35 91 69 45 50 9 85 33 42 73 1 89 30 59 19 69 88 87 87 67 46 41 85 33 43 2 29 8 39 90 80 77 69 76 77 44 42 0 23 49 9 32 10 12 51 83 70 47 
31 59 5 79 2 63 26 45 2 97 41 51 95 54 13 42 66 98 41 63 55 96 21 65 43 42 87 10 68 4 82 91 17 39 72 39 91 7 45 4 44 5 90 9 26 30 38 84 97 49 88 43 40 68 35 56 74 24 35 23 0 58 64 95 15 46 19 27 46 89 
62 74 5 40 40 47 37 54 38 48 4 33 22 2 32 9 24 45 18 57 53 84 49 65 50 67 23 59 75 97 39 89 68 4 12 81 79 62 65 86 46 70 67 45 26 46 92 81 80 24 39 22 94 46 12 16 2 43 52 49 58 0 44 88 75 95 86 85 43 69 
96 80 12 9 17 48 92 98 34 70 70 73 77 70 65 31 1 59 83 76 58 64 78 78 21 36 13 75 12 76 35 26 77 62 16 6 14 51 39 52 42 5 57 83 2 65 88 87 8 54 20 98 49 27 17 43 47 49 47 9 64 44 0 57 19 76 29 93 77 89 
43 25 63 72 18 98 66 29 39 60 11 25 20 17 77 43 17 83 73 45 3 43 70 88 47 48 72 64 52 71 41 28 38 33 92 62 83 80 76 94 30 49 57 73 74 25 88 3 78 46 22 24 30 23 64 53 94 58 11 32 95 88 57 0 24 86 100 27 20 21 
51 44 88 87 85 74 75 89 37 96 96 35 67 87 74 62 1 100 40 56 60 86 8 50 51 89 25 79 86 74 53 1 48 43 93 95 74 81 97 62 49 67 72 90 61 43 76 15 81 40 78 99 48 82 11 94 36 82 49 10 15 75 19 24 0 73 77 85 67 91 
25 49 61 25 79 51 8 8 30 72 86 87 32 9 6 100 19 64 87 89 77 82 67 96 43 13 75 38 95 84 65 61 88 6 96 41 20 87 77 100 35 46 78 24 42 25 13 70 2 22 55 3 44 61 12 17 10 24 83 12 46 95 76 86 73 0 82 37 70 27 
4 94 68 49 80 90 48 9 83 60 41 68 25 75 94 18 4 96 83 15 99 96 2 1 38 37 26 13 92 56 2 36 24 87 24 96 37 15 43 22 43 78 13 40 83 10 23 18 52 50 70 85 92 60 56 35 10 13 20 51 19 86 29 100 77 82 0 77 13 66 
66 10 40 97 66 91 28 3 45 25 83 99 32 94 69 96 20 45 78 95 34 42 52 64 74 50 2 94 1 60 65 75 73 68 63 55 84 50 47 56 48 15 20 98 57 68 8 79 46 97 39 83 62 12 73 54 52 49 77 83 27 85 93 27 85 37 77 0 52 8 
73 85 22 52 7 16 28 46 32 56 72 97 64 76 48 33 100 78 44 15 37 17 20 56 89 74 8 45 31 7 15 77 95 82 36 2 18 100 28 98 56 32 97 32 76 2 95 13 51 57 55 38 40 32 51 76 20 19 56 70 46 43 77 20 67 70 13 52 0 52 
7 2 96 46 90 4 8 99 25 56 83 100 16 5 32 76 85 38 37 44 74 34 29 86 20 4 47 70 93 16 54 69 88 80 35 58 13 33 75 50 98 72 11 63 7 63 68 8 53 82 96 78 78 83 85 98 21 66 73 47 89 69 89 21 91 27 66 8 52 0 
