50
0 93 52 24 24 100 30 95 51 49 8 55 33 44 25 19 51 35 13 82 47 26 14 19 42 63 18 23 90 78 77 100 22 28 23 97 79 5 91 81 53 51 36 37 46 60 7 48 94 71 
93 0 30 92 96 43 63 37 57 80 11 46 10 87 45 83 66 68 80 97 24 22 77 76 72 12 64 70 71 22 17 17 92 46 8 87 40 70 76 96 2 86 42 11 73 38 93 90 5 24 
52 30 0 86 80 46 63 55 69 74 70 38 97 91 55 13 82 52 72 69 92 94 96 39 95 81 32 57 5 70 49 95 26 25 80 6 70 94 12 38 68 82 76 64 24 82 28 6 85 99 
24 92 86 0 26 28 92 21 67 86 1 50 42 58 19 43 52 97 67 83 54 88 77 65 25 44 98 52 59 22 85 86 27 70 36 4 97 28 24 15 65 76 65 59 33 35 1 36 31 19 
24 96 80 26 0 19 84 6 95 1 82 90 98 86 100 19 22 85 97 91 72 100 40 99 75 54 16 3 18 74 35 53 26 23 35 96 41 19 53 35 71 34 76 68 71 75 39 93 11 87 
100 43 46 28 19 0 35 82 87 74 33 13 28 100 15 97 25 2 1 2 24 36 97 16 6 49 2 76 34 77 43 57 3 33 49 65 20 83 46 58 9 30 70 88 81 37 84 5 90 85 
30 63 63 92 84 35 0 6 65 72 54 80 77 2 81 4 88 9 98 44 63 31 44 27 50 78 24 7 86 54 28 73 34 16 9 91 5 93 96 69 64 50 100 92 3 32 95 90 92 92 
95 37 55 21 6 82 6 0 85 54 22 28 80 23 58 4 81 43 9 9 68 94 24 76 84 81 68 80 49 83 81 1 26 83 32 20 25 76 63 61 29 37 89 61 59 46 64 40 40 24 
51 57 69 67 95 87 65 85 0 100 7 17 75 82 53 55 1 32 56 35 64 56 60 46 39 31 22 14 94 83 43 82 23 55 40 68 70 31 59 93 30 18 61 5 99 13 59 52 96 66 
49 80 74 86 1 74 72 54 100 0 38 59 21 98 5 12 80 78 25 25 60 19 6 82 73 98 1 42 28 60 86 10 29 47 66 27 59 76 30 7 42 68 65 62 17 21 25 96 99 50 
8 11 70 1 82 33 54 22 7 38 0 73 58 68 78 92 93 75 92 34 55 3 20 64 31 18 81 10 28 56 91 34 97 58 99 11 26 19 35 74 69 84 46 79 4 75 70 96 2 13 
55 46 38 50 90 13 80 28 17 59 73 0 81 8 16 52 71 98 21 3 59 49 58 50 34 55 59 84 17 85 3 51 10 23 87 55 1 42 81 70 89 82 83 21 89 50 73 11 99 45 
33 10 97 42 98 28 77 80 75 21 58 81 0 13 58 93 23 59 79 77 69 62 45 53 16 95 14 39 33 20 39 74 1 61 14 34 95 35 75 96 7 85 94 51 50 3 96 72 13 74 
44 87 91 58 86 100 2 23 82 98 68 8 13 0 100 82 35 44 86 51 90 100 41 75 19 79 48 19 91 14 5 37 48 79 32 6 15 78 8 16 80 3 39 93 28 38 74 15 33 59 
25 45 55 19 100 15 81 58 53 5 78 16 58 100 0 17 75 10 57 49 29 87 48 99 78 61 3 14 8 33 98 13 48 75 21 15 6 75 54 98 55 43 23 69 76 34 85 2 43 93 
19 83 13 43 19 97 4 4 55 12 92 52 93 82 17 0 50 23 79 49 22 8 10 76 74 69 9 71 34 8 45 6 22 50 32 75 100 86 18 74 54 45 59 90 46 2 82 47 76 13 
51 66 82 52 22 25 88 81 1 80 93 71 23 35 75 50 0 95 97 20 56 25 93 25 85 15 10 44 59 15 17 61 46 44 12 84 61 37 37 57 96 79 54 49 12 100 24 24 46 73 
35 68 52 97 85 2 9 43 32 78 75 98 59 44 10 23 95 0 96 2 97 88 78 33 3 87 76 13 53 92 25 98 35 36 81 47 25 70 55 20 100 8 68 11 59 43 87 5 15 82 
13 80 72 67 97 1 98 9 56 25 92 21 79 86 57 79 97 96 0 58 63 21 35 95 23 21 22 88 25 66 12 22 52 100 55 51 24 76 5 43 75 65 62 37 23 4 75 79 19 56 
82 97 69 83 91 2 44 9 35 25 34 3 77 51 49 49 20 2 58 0 36 33 77 70 80 51 42 1 38 66 18 2 40 70 1 46 20 76 73 76 18 99 40 31 35 15 34 62 45 4 
47 24 92 54 72 24 63 68 64 60 55 59 69 90 29 22 56 97 63 36 0 17 81 37 45 2 16 96 96 68 85 13 38 86 4 7 38 1 78 13 73 5 82 71 97 12 58 63 98 19 
26 22 94 88 100 36 31 94 56 19 3 49 62 100 87 8 25 88 21 33 17 0 7 1 87 39 89 32 93 56 79 88 76 15 52 13 53 56 19 90 56 48 55 81 52 88 51 100 52 8 
14 77 96 77 40 97 44 24 60 6 20 58 45 41 48 10 93 78 35 77 81 7 0 62 49 78 69 1 65 7 42 48 99 97 26 38 72 92 90 36 44 97 6 86 4 53 40 84 57 79 
19 76 39 65 99 16 27 76 46 82 64 50 53 75 99 76 25 33 95 70 37 1 62 0 35 56 30 94 18 78 72 38 31 88 96 72 35 95 20 12 84 92 3 25 79 47 21 85 84 77 
42 72 95 25 75 6 50 84 39 73 31 34 16 19 78 74 85 3 23 80 45 87 49 35 0 37 75 60 45 53 46 53 83 92 70 12 63 59 42 2 54 65 36 48 85 99 84 76 1 8 
63 12 81 44 54 49 78 81 31 98 18 55 95 79 61 69 15 87 21 51 2 39 78 56 37 0 6 99 81 90 82 57 27 56 68 23 61 14 75 95 5 96 6 19 54 100 20 8 64 7 
18 64 32 98 16 2 24 68 22 1 81 59 14 48 3 9 10 76 22 42 16 89 69 30 75 6 0 7 48 57 90 75 9 98 81 8 30 70 41 86 48 49 53 71 9 18 97 3 22 93 
23 70 57 52 3 76 7 80 14 42 10 84 39 19 14 71 44 13 88 1 96 32 1 94 60 99 7 0 60 92 46 59 63 53 23 21 60 70 77 1 97 86 50 77 45 79 46 37 16 46 
90 71 5 59 18 34 86 49 94 28 28 17 33 91 8 34 59 53 25 38 96 93 65 18 45 81 48 60 0 85 21 16 45 38 64 99 12 56 59 3 2 69 18 6 91 38 17 13 67 18 
78 22 70 22 74 77 54 83 83 60 56 85 20 14 33 8 15 92 66 66 68 56 7 78 53 90 57 92 85 0 9 4 19 37 100 98 34 36 65 79 21 85 46 17 23 10 16 34 65 74 
77 17 49 85 35 43 28 81 43 86 91 3 39 5 98 45 17 25 12 18 85 79 42 72 46 82 90 46 21 9 0 88 18 42 57 24 85 47 92 49 13 9 9 68 80 45 67 77 30 2 
100 17 95 86 53 57 73 1 82 10 34 51 74 37 13 6 61 98 22 2 13 88 48 38 53 57 75 59 16 4 88 0 41 61 74 26 6 91 100 67 6 85 84 31 72 1 24 29 76 60 
22 92 26 27 26 3 34 26 23 29 97 10 1 48 48 22 46 35 52 40 38 76 99 31 83 27 9 63 45 19 18 41 0 75 68 8 39 28 16 58 7 12 24 35 94 77 28 54 51 5 
28 46 25 70 23 33 16 83 55 47 58 23 61 79 75 50 44 36 100 70 86 15 97 88 92 56 98 53 38 37 42 61 75 0 59 41 4 78 98 88 61 80 11 13 3 91 41 63 65 60 
23 8 80 36 35 49 9 32 40 66 99 87 14 32 21 32 12 81 55 1 4 52 26 96 70 68 81 23 64 100 57 74 68 59 0 22 55 39 90 12 98 53 35 32 46 64 11 99 14 15 
97 87 6 4 96 65 91 20 68 27 11 55 34 6 15 75 84 47 51 46 7 13 38 72 12 23 8 21 99 98 24 26 8 41 22 0 10 6 70 87 55 9 99 34 20 63 88 10 3 2 
79 40 70 97 41 20 5 25 70 59 26 1 95 15 6 100 61 25 24 20 38 53 72 35 63 61 30 60 12 34 85 6 39 4 55 10 0 27 62 24 81 1 13 45 98 17 31 81 63 94 
5 70 94 28 19 83 93 76 31 76 19 42 35 78 75 86 37 70 76 76 1 56 92 95 59 14 70 70 56 36 47 91 28 78 39 6 27 0 92 13 59 58 22 64 28 60 18 88 10 3 
91 76 12 24 53 46 96 63 59 30 35 81 75 8 54 18 37 55 5 73 78 19 90 20 42 75 41 77 59 65 92 100 16 98 90 70 62 92 0 7 73 91 69 75 92 95 89 67 27 41 
81 96 38 15 35 58 69 61 93 7 74 70 96 16 98 74 57 20 43 76 13 90 36 12 2 95 86 1 3 79 49 67 58 88 12 87 24 13 7 0 79 71 38 48 54 70 10 47 61 74 
53 2 68 65 71 9 64 29 30 42 69 89 7 80 55 54 96 100 75 18 73 56 44 84 54 5 48 97 2 21 13 6 7 61 98 55 81 59 73 79 0 6 71 48 21 50 59 39 37 69 
51 86 82 76 34 30 50 37 18 68 84 82 85 3 43 45 79 8 65 99 5 48 97 92 65 96 49 86 69 85 9 85 12 80 53 9 1 58 91 71 6 0 93 96 93 83 64 19 27 10 
36 42 76 65 76 70 100 89 61 65 46 83 94 39 23 59 54 68 62 40 82 55 6 3 36 6 53 50 18 46 9 84 24 11 35 99 13 22 69 38 71 93 0 7 93 36 47 24 59 36 
37 11 64 59 68 88 92 61 5 62 79 21 51 93 69 90 49 11 37 31 71 81 86 25 48 19 71 77 6 17 68 31 35 13 32 34 45 64 75 48 48 96 7 0 71 12 6 32 10 18 
46 73 24 33 71 81 3 59 99 17 4 89 50 28 76 46 12 59 23 35 97 52 4 79 85 54 9 45 91 23 80 72 94 3 46 20 98 28 92 54 21 93 93 71 0 5 67 40 4 88 
60 38 82 35 75 37 32 46 13 21 75 50 3 38 34 2 100 43 4 15 12 88 53 47 99 100 18 79 38 10 45 1 77 91 64 63 17 60 95 70 50 83 36 12 5 0 89 63 78 26 
7 93 28 1 39 84 95 64 59 25 70 73 96 74 85 82 24 87 75 34 58 51 40 21 84 20 97 46 17 16 67 24 28 41 11 88 31 18 89 10 59 64 47 6 67 89 0 83 70 21 
48 90 6 36 93 5 90 40 52 96 96 11 72 15 2 47 24 5 79 62 63 100 84 85 76 8 3 37 13 34 77 29 54 63 99 10 81 88 67 47 39 19 24 32 40 63 83 0 75 5 
94 5 85 31 11 90 92 40 96 99 2 99 13 33 43 76 46 15 19 45 98 52 57 84 1 64 22 16 67 65 30 76 51 65 14 3 63 10 27 61 37 27 59 10 4 78 70 75 0 84 
71 24 99 19 87 85 92 24 66 50 13 45 74 59 93 13 73 82 56 4 19 8 79 77 8 7 93 46 18 74 2 60 5 60 15 2 94 3 41 74 69 10 36 18 88 26 21 5 84 0 
