70
0 71 37 2 65 67 33 19 58 84 51 3 92 66 51 87 8 72 5 99 77 20 26 4 3 20 8 99 63 20 55 94 43 43 47 59 9 79 77 18 14 80 20 58 97 70 44 4 41 100 55 70 19 32 73 22 52 33 72 14 52 78 59 46 20 6 4 81 36 33 
71 0 98 2 12 70 59 60 39 54 15 32 53 69 53 71 1 77 44 52 9 67 17 13 96 28 58 16 85 62 48 20 94 45 21 57 66 31 16 5 84 30 88 36 99 40 59 51 16 54 54 77 73 22 89 68 49 46 35 33 59 82 5 4 79 25 60 44 56 75 
37 98 0 100 91 57 87 79 7 78 89 57 46 42 10 22 66 31 62 34 32 7 68 64 66 50 68 69 80 45 81 23 52 7 23 42 63 61 72 21 91 60 77 36 54 38 9 19 21 70 52 52 28 20 67 45 21 35 66 100 31 46 74 82 4 96 75 19 9 47 
2 2 100 0 39 99 6 68 86 59 57 46 78 77 67 29 80 94 100 47 91 72 33 56 23 63 53 97 96 8 92 70 26 52 68 17 50 74 84 35 84 92 80 61 21 46 42 100 92 93 98 82 65 82 89 87 96 93 83 91 100 27 13 26 78 80 94 28 53 29 
65 12 91 39 0 14 37 20 46 49 40 43 90 92 34 83 89 67 99 23 55 85 18 99 20 9 99 46 73 76 75 52 69 2 57 97 68 45 68 13 93 60 55 35 51 41 69 91 7 67 13 14 3 31 12 22 91 10 19 63 37 94 14 5 47 22 53 14 66 21 
67 70 57 99 14 0 26 59 80 33 45 82 73 13 72 31 31 37 44 85 19 56 7 9 17 77 23 54 70 36 10 69 10 63 82 75 35 60 85 66 92 29 47 16 93 70 46 75 6 90 60 24 97 18 84 65 94 6 70 16 94 80 84 3 94 17 77 28 76 62 
33 59 87 6 37 26 0 93 19 42 91 34 87 60 32 61 66 73 20 41 21 37 25 85 31 30 7 46 23 86 81 77 31 97 54 58 73 67 2 43 60 92 29 46 3 60 7 20 32 26 61 52 63 37 88 45 18 94 42 93 31 22 69 61 70 74 70 42 40 23 
19 60 79 68 20 59 93 0 37 100 66 65 97 69 24 3 88 7 81 100 10 95 88 97 39 6 43 32 98 73 53 18 86 22 92 55 16 31 78 4 82 95 68 79 63 43 33 3 49 13 54 10 7 42 6 97 99 48 28 96 73 32 65 58 6 56 12 21 39 41 
58 39 7 86 46 80 19 37 0 76 72 36 43 2 50 85 35 4 85 99 58 94 58 51 51 54 49 51 82 96 23 65 60 80 70 68 43 42 6 36 17 77 23 59 79 24 95 65 80 31 63 37 24 20 39 27 26 39 77 59 34 51 23 45 82 93 12 24 34 69 
84 54 78 59 49 33 42 100 76 0 11 51 98 85 61 28 61 56 92 40 38 6 28 14 26 66 40 3 4 68 61 89 18 83 33 99 75 97 74 61 17 85 11 14 21 23 41 81 30 84 20 68 90 47 81 67 64 20 69 67 87 81 55 4 63 40 54 90 88 27 
51 15 89 57 40 45 91 66 72 11 0 50 4 63 12 70 84 34 10 16 16 46 88 83 87 34 63 53 98 34 73 16 72 53 23 27 67 14 80 56 1 6 57 56 21 20 25 4 6 87 71 21 32 58 3 18 44 17 22 93 50 46 8 21 98 82 47 16 95 26 
3 32 57 46 43 82 34 65 36 51 50 0 72 95 83 80 51 3 100 75 58 5 13 81 25 44 38 79 13 81 95 34 25 44 79 33 64 28 66 62 44 61 39 67 55 21 46 57 76 45 32 85 49 44 65 25 40 55 3 52 87 97 38 12 40 68 96 55 96 61 
92 53 46 78 90 73 87 97 43 98 4 72 0 68 91 21 6 57 76 79 54 84 6 99 67 90 99 11 7 76 2 61 78 5 47 27 42 58 18 62 53 73 9 14 92 99 86 98 7 13 28 60 97 33 10 63 22 9 25 28 84 26 40 13 83 87 39 24 44 57 
66 69 42 77 92 13 60 69 2 85 63 95 68 0 37 49 81 45 14 72 95 99 21 1 12 48 13 8 32 22 70 6 82 95 85 17 72 25 30 54 11 20 30 6 28 66 6 8 63 19 32 57 70 4 10 81 4 22 40 35 95 61 40 29 7 25 45 79 1 26 
51 53 10 67 34 72 32 24 50 61 12 83 91 37 0 84 11 46 13 68 73 31 74 33 93 44 16 1 13 19 10 45 22 83 84 9 30 45 100 58 51 24 2 81 76 80 65 86 25 77 6 49 59 79 81 51 74 96 52 87 67 13 31 88 96 15 48 77 11 48 
87 71 22 29 83 31 61 3 85 28 70 80 21 49 84 0 34 13 23 87 46 99 66 10 36 42 38 41 91 97 71 71 99 45 19 2 31 85 15 13 24 62 79 72 38 89 19 23 54 41 61 99 39 27 60 75 20 49 67 10 97 38 33 48 34 51 49 64 87 15 
8 1 66 80 89 31 66 88 35 61 84 51 6 81 11 34 0 76 10 28 55 81 17 95 51 39 100 44 100 50 82 78 9 8 97 10 27 59 6 16 91 53 49 93 54 12 79 68 39 40 96 45 21 12 40 23 3 91 66 54 41 100 31 1 59 79 10 85 37 68 
72 77 31 94 67 37 73 7 4 56 34 3 57 45 46 13 76 0 100 79 20 48 71 25 11 1 93 50 41 40 94 13 3 85 35 5 28 1 58 68 52 88 68 10 19 30 95 55 97 46 86 68 94 56 93 4 9 37 5 1 76 51 13 78 35 99 83 62 51 92 
5 44 62 100 99 44 20 81 85 92 10 100 76 14 13 23 10 100 0 81 2 32 49 12 50 78 58 56 26 3 41 93 48 49 85 4 57 21 8 9 48 58 21 26 45 71 60 58 22 3 91 75 34 39 86 83 68 95 91 45 50 31 37 97 31 22 100 39 94 60 
99 52 34 47 23 85 41 100 99 40 16 75 79 72 68 87 28 79 81 0 47 42 17 67 19 13 38 78 23 11 80 13 85 66 3 23 48 22 17 90 66 66 21 2 15 3 75 14 42 69 73 88 10 42 55 28 6 44 57 28 54 88 40 90 53 42 12 53 63 29 
77 9 32 91 55 19 21 10 58 38 16 58 54 95 73 46 55 20 2 47 0 42 28 46 14 82 60 17 56 26 58 24 98 45 85 91 51 12 97 46 20 76 51 8 16 41 60 9 52 12 72 32 6 51 30 19 32 89 35 88 14 44 63 64 89 48 6 91 11 2 
20 67 7 72 85 56 37 95 94 6 46 5 84 99 31 99 81 48 32 42 42 0 37 31 78 39 38 45 79 49 53 83 13 76 66 18 79 95 36 62 36 23 1 1 66 64 64 54 63 22 97 73 75 85 3 52 23 92 48 54 93 53 88 5 28 5 22 6 100 9 
26 17 68 33 18 7 25 88 58 28 88 13 6 21 74 66 17 71 49 17 28 37 0 68 87 31 20 87 97 83 3 2 45 24 98 18 98 34 72 2 57 16 49 62 8 1 49 64 81 5 85 38 4 93 57 42 76 77 29 72 11 83 73 56 6 23 25 3 56 48 
4 13 64 56 99 9 85 97 51 14 83 81 99 1 33 10 95 25 12 67 46 31 68 0 56 12 63 57 25 22 9 25 85 89 30 21 79 85 66 35 27 41 63 7 12 74 89 36 29 94 58 5 48 66 52 56 29 67 12 54 40 20 78 77 61 7 49 39 92 14 
3 96 66 23 20 17 31 39 51 26 87 25 67 12 93 36 51 11 50 19 14 78 87 56 0 25 70 6 88 76 69 61 16 57 41 9 14 97 8 31 100 15 60 18 26 13 58 98 42 86 10 1 34 48 92 100 24 13 57 11 88 26 23 3 82 15 63 47 11 22 
20 28 50 63 9 77 30 6 54 66 34 44 90 48 44 42 39 1 78 13 82 39 31 12 25 0 78 63 37 37 80 14 1 89 63 94 74 72 94 60 19 85 11 95 97 67 5 36 92 80 90 25 46 52 24 57 26 53 19 14 41 50 27 41 39 90 34 12 61 28 
8 58 68 53 99 23 7 43 49 40 63 38 99 13 16 38 100 93 58 38 60 38 20 63 70 78 0 23 32 64 33 26 13 100 82 100 43 13 90 20 59 93 43 67 18 95 37 31 87 86 10 27 76 51 12 88 63 91 62 46 7 95 23 19 46 57 18 40 69 59 
99 16 69 97 46 54 46 32 51 3 53 79 11 8 1 41 44 50 56 78 17 45 87 57 6 63 23 0 59 79 52 53 45 21 99 33 52 85 19 13 63 94 15 27 33 77 17 47 75 23 41 97 93 38 53 63 77 22 21 88 100 72 92 97 93 43 29 96 27 99 
63 85 80 96 73 70 23 98 82 4 98 13 7 32 13 91 100 41 26 23 56 79 97 25 88 37 32 59 0 60 42 45 74 68 29 2 84 75 76 59 67 73 51 56 25 13 33 98 34 72 50 57 15 46 49 57 26 96 84 77 55 77 21 28 44 1 30 27 28 5 
20 62 45 8 76 36 86 73 96 68 34 81 76 22 19 97 50 40 3 11 26 49 83 22 76 37 64 79 60 0 37 94 29 88 2 54 52 86 51 85 57 52 94 71 97 94 28 75 90 63 51 96 39 23 24 82 23 5 60 2 61 97 48 42 36 49 95 87 34 97 
55 48 81 92 75 10 81 53 23 61 73 95 2 70 10 71 82 94 41 80 58 53 3 9 69 80 33 52 42 37 0 24 90 49 69 12 97 62 91 71 51 53 73 99 43 95 22 76 70 78 88 71 90 36 18 31 71 66 77 9 99 26 84 40 26 52 52 74 66 94 
94 20 23 70 52 69 77 18 65 89 16 34 61 6 45 71 78 13 93 13 24 83 2 25 61 14 26 53 45 94 24 0 97 68 99 69 66 41 16 39 69 85 68 56 7 58 43 25 40 65 42 69 73 93 94 9 32 71 12 35 44 77 29 40 97 79 61 62 71 76 
43 94 52 26 69 10 31 86 60 18 72 25 78 82 22 99 9 3 48 85 98 13 45 85 16 1 13 45 74 29 90 97 0 1 39 60 68 46 66 77 88 42 17 52 84 37 77 76 30 37 59 52 100 94 95 77 74 87 25 52 99 86 22 74 86 13 85 6 58 2 
43 45 7 52 2 63 97 22 80 83 53 44 5 95 83 45 8 85 49 66 45 76 24 89 57 89 100 21 68 88 49 68 1 0 82 98 44 50 49 79 86 77 54 67 65 64 18 65 57 65 93 82 3 17 85 1 2 7 26 40 71 10 45 28 11 78 77 6 80 78 
47 21 23 68 57 82 54 92 70 33 23 79 47 85 84 19 97 35 85 3 85 66 98 30 41 63 82 99 29 2 69 99 39 82 0 84 65 54 89 84 19 53 1 83 61 17 27 43 71 43 27 23 44 85 48 35 55 57 31 35 20 9 11 25 40 88 9 4 94 97 
59 57 42 17 97 75 58 55 68 99 27 33 27 17 9 2 10 5 4 23 91 18 18 21 9 94 100 33 2 54 12 69 60 98 84 0 39 64 1 40 98 62 8 24 4 31 66 82 53 61 67 1 48 73 9 78 59 28 38 70 5 77 9 65 33 2 61 71 17 62 
9 66 63 50 68 35 73 16 43 75 67 64 42 72 30 31 27 28 57 48 51 79 98 79 14 74 43 52 84 52 97 66 68 44 65 39 0 62 14 75 70 37 78 100 54 59 4 15 77 4 62 2 13 91 60 92 29 29 48 5 90 12 89 43 25 60 60 38 21 73 
79 31 61 74 45 60 67 31 42 97 14 28 58 25 45 85 59 1 21 22 12 95 34 85 97 72 13 85 75 86 62 41 46 50 54 64 62 0 12 42 62 89 93 15 99 97 81 28 52 94 29 64 85 88 8 65 17 55 21 58 19 10 100 43 69 59 80 41 32 91 
77 16 72 84 68 85 2 78 6 74 80 66 18 30 100 15 6 58 8 17 97 36 72 66 8 94 90 19 76 51 91 16 66 49 89 1 14 12 0 83 93 31 75 59 29 23 40 56 75 85 84 90 21 72 97 85 40 4 6 49 22 67 48 16 35 7 95 75 90 37 
18 5 21 35 13 66 43 4 36 61 56 62 62 54 58 13 16 68 9 90 46 62 2 35 31 60 20 13 59 85 71 39 77 79 84 40 75 42 83 0 9 34 67 84 92 47 58 83 3 32 20 38 22 40 61 70 77 52 25 34 100 98 100 48 13 34 6 7 60 95 
14 84 91 84 93 92 60 82 17 17 1 44 53 11 51 24 91 52 48 66 20 36 57 27 100 19 59 63 67 57 51 69 88 86 19 98 70 62 93 9 0 43 69 80 61 4 23 8 61 58 10 45 77 99 66 68 60 87 44 63 12 77 63 9 76 62 22 61 67 80 
80 30 60 92 60 29 92 95 77 85 6 61 73 20 24 62 53 88 58 66 76 23 16 41 15 85 93 94 73 52 53 85 42 77 53 62 37 89 31 34 43 0 21 13 75 41 92 35 96 14 42 8 71 3 52 47 2 69 15 13 56 10 75 67 87 89 27 14 50 100 
20 88 77 80 55 47 29 68 23 11 57 39 9 30 2 79 49 68 21 21 51 1 49 63 60 11 43 15 51 94 73 68 17 54 1 8 78 93 75 67 69 21 0 75 16 32 47 28 6 39 19 92 34 85 86 41 55 88 45 54 41 13 20 53 68 29 80 86 15 68 
58 36 36 61 35 16 46 79 59 14 56 67 14 6 81 72 93 10 26 2 8 1 62 7 18 95 67 27 56 71 99 56 52 67 83 24 100 15 59 84 80 13 75 0 13 29 18 64 55 85 95 53 65 52 91 83 96 24 19 81 16 74 68 60 79 9 73 98 13 92 
97 99 54 21 51 93 3 63 79 21 21 55 92 28 76 38 54 19 45 15 16 66 8 12 26 97 18 33 25 97 43 7 84 65 61 4 54 99 29 92 61 75 16 13 0 26 44 78 93 12 42 73 81 57 79 65 4 31 29 55 21 64 2 96 82 82 11 7 2 23 
70 40 38 46 41 70 60 43 24 23 20 21 99 66 80 89 12 30 71 3 41 64 1 74 13 67 95 77 13 94 95 58 37 64 17 31 59 97 23 47 4 41 32 29 26 0 85 10 47 34 74 38 60 18 67 4 81 8 76 61 65 6 77 68 36 58 74 56 73 76 
44 59 9 42 69 46 7 33 95 41 25 46 86 6 65 19 79 95 60 75 60 64 49 89 58 5 37 17 33 28 22 43 77 18 27 66 4 81 40 58 23 92 47 18 44 85 0 51 6 57 13 65 58 87 1 19 85 35 45 23 94 62 89 49 94 49 76 54 13 81 
4 51 19 100 91 75 20 3 65 81 4 57 98 8 86 23 68 55 58 14 9 54 64 36 98 36 31 47 98 75 76 25 76 65 43 82 15 28 56 83 8 35 28 64 78 10 51 0 82 32 16 91 5 71 63 32 73 21 89 37 85 98 76 85 69 60 19 13 34 64 
41 16 21 92 7 6 32 49 80 30 6 76 7 63 25 54 39 97 22 42 52 63 81 29 42 92 87 75 34 90 70 40 30 57 71 53 77 52 75 3 61 96 6 55 93 47 6 82 0 26 23 64 19 71 39 24 35 19 5 66 34 96 22 56 10 54 80 30 94 69 
100 54 70 93 67 90 26 13 31 84 87 45 13 19 77 41 40 46 3 69 12 22 5 94 86 80 86 23 72 63 78 65 37 65 43 61 4 94 85 32 58 14 39 85 12 34 57 32 26 0 66 91 96 3 11 55 73 23 89 37 48 63 100 18 85 91 41 19 9 46 
55 54 52 98 13 60 61 54 63 20 71 32 28 32 6 61 96 86 91 73 72 97 85 58 10 90 10 41 50 51 88 42 59 93 27 67 62 29 84 20 10 42 19 95 42 74 13 16 23 66 0 36 95 93 57 2 54 62 34 36 55 2 1 46 97 3 56 3 76 31 
70 77 52 82 14 24 52 10 37 68 21 85 60 57 49 99 45 68 75 88 32 73 38 5 1 25 27 97 57 96 71 69 52 82 23 1 2 64 90 38 45 8 92 53 73 38 65 91 64 91 36 0 43 64 30 5 15 48 89 5 88 59 66 85 46 60 77 55 13 83 
19 73 28 65 3 97 63 7 24 90 32 49 97 70 59 39 21 94 34 10 6 75 4 48 34 46 76 93 15 39 90 73 100 3 44 48 13 85 21 22 77 71 34 65 81 60 58 5 19 96 95 43 0 16 46 18 71 47 18 68 95 73 75 50 100 57 92 63 87 97 
32 22 20 82 31 18 37 42 20 47 58 44 33 4 79 27 12 56 39 42 51 85 93 66 48 52 51 38 46 23 36 93 94 17 85 73 91 88 72 40 99 3 85 52 57 18 87 71 71 3 93 64 16 0 29 34 37 86 73 48 51 58 45 62 86 99 74 68 15 72 
73 89 67 89 12 84 88 6 39 81 3 65 10 10 81 60 40 93 86 55 30 3 57 52 92 24 12 53 49 24 18 94 95 85 48 9 60 8 97 61 66 52 86 91 79 67 1 63 39 11 57 30 46 29 0 85 37 18 55 4 65 27 30 14 26 87 5 40 73 53 
22 68 45 87 22 65 45 97 27 67 18 25 63 81 51 75 23 4 83 28 19 52 42 56 100 57 88 63 57 82 31 9 77 1 35 78 92 65 85 70 68 47 41 83 65 4 19 32 24 55 2 5 18 34 85 0 20 58 42 5 30 41 55 39 85 68 25 84 94 92 
52 49 21 96 91 94 18 99 26 64 44 40 22 4 74 20 3 9 68 6 32 23 76 29 24 26 63 77 26 23 71 32 74 2 55 59 29 17 40 77 60 2 55 96 4 81 85 73 35 73 54 15 71 37 37 20 0 98 65 29 86 34 83 89 50 61 70 63 38 56 
33 46 35 93 10 6 94 48 39 20 17 55 9 22 96 49 91 37 95 44 89 92 77 67 13 53 91 22 96 5 66 71 87 7 57 28 29 55 4 52 87 69 88 24 31 8 35 21 19 23 62 48 47 86 18 58 98 0 20 77 80 24 96 89 65 53 19 5 59 9 
72 35 66 83 19 70 42 28 77 69 22 3 25 40 52 67 66 5 91 57 35 48 29 12 57 19 62 21 84 60 77 12 25 26 31 38 48 21 6 25 44 15 45 19 29 76 45 89 5 89 34 89 18 73 55 42 65 20 0 90 27 33 25 72 77 22 36 5 7 21 
14 33 100 91 63 16 93 96 59 67 93 52 28 35 87 10 54 1 45 28 88 54 72 54 11 14 46 88 77 2 9 35 52 40 35 70 5 58 49 34 63 13 54 81 55 61 23 37 66 37 36 5 68 48 4 5 29 77 90 0 39 47 71 99 68 85 36 24 4 64 
52 59 31 100 37 94 31 73 34 87 50 87 84 95 67 97 41 76 50 54 14 93 11 40 88 41 7 100 55 61 99 44 99 71 20 5 90 19 22 100 12 56 41 16 21 65 94 85 34 48 55 88 95 51 65 30 86 80 27 39 0 55 28 11 44 44 63 14 1 74 
78 82 46 27 94 80 22 32 51 81 46 97 26 61 13 38 100 51 31 88 44 53 83 20 26 50 95 72 77 97 26 77 86 10 9 77 12 10 67 98 77 10 13 74 64 6 62 98 96 63 2 59 73 58 27 41 34 24 33 47 55 0 22 42 100 7 66 23 83 87 
59 5 74 13 14 84 69 65 23 55 8 38 40 40 31 33 31 13 37 40 63 88 73 78 23 27 23 92 21 48 84 29 22 45 11 9 89 100 48 100 63 75 20 68 2 77 89 76 22 100 1 66 75 45 30 55 83 96 25 71 28 22 0 58 39 45 78 29 43 100 
46 4 82 26 5 3 61 58 45 4 21 12 13 29 88 48 1 78 97 90 64 5 56 77 3 41 19 97 28 42 40 40 74 28 25 65 43 43 16 48 9 67 53 60 96 68 49 85 56 18 46 85 50 62 14 39 89 89 72 99 11 42 58 0 79 10 85 66 85 40 
20 79 4 78 47 94 70 6 82 63 98 40 83 7 96 34 59 35 31 53 89 28 6 61 82 39 46 93 44 36 26 97 86 11 40 33 25 69 35 13 76 87 68 79 82 36 94 69 10 85 97 46 100 86 26 85 50 65 77 68 44 100 39 79 0 29 92 19 91 35 
6 25 96 80 22 17 74 56 93 40 82 68 87 25 15 51 79 99 22 42 48 5 23 7 15 90 57 43 1 49 52 79 13 78 88 2 60 59 7 34 62 89 29 9 82 58 49 60 54 91 3 60 57 99 87 68 61 53 22 85 44 7 45 10 29 0 63 6 100 63 
4 60 75 94 53 77 70 12 12 54 47 96 39 45 48 49 10 83 100 12 6 22 25 49 63 34 18 29 30 95 52 61 85 77 9 61 60 80 95 6 22 27 80 73 11 74 76 19 80 41 56 77 92 74 5 25 70 19 36 36 63 66 78 85 92 63 0 79 21 4 
81 44 19 28 14 28 42 21 24 90 16 55 24 79 77 64 85 62 39 53 91 6 3 39 47 12 40 96 27 87 74 62 6 6 4 71 38 41 75 7 61 14 86 98 7 56 54 13 30 19 3 55 63 68 40 84 63 5 5 24 14 23 29 66 19 6 79 0 30 27 
36 56 9 53 66 76 40 39 34 88 95 96 44 1 11 87 37 51 94 63 11 100 56 92 11 61 69 27 28 34 66 71 58 80 94 17 21 32 90 60 67 50 15 13 2 73 13 34 94 9 76 13 87 15 73 94 38 59 7 4 1 83 43 85 91 100 21 30 0 21 
33 75 47 29 21 62 23 41 69 27 26 61 57 26 48 15 68 92 60 29 2 9 48 14 22 28 59 99 5 97 94 76 2 78 97 62 73 91 37 95 80 100 68 92 23 76 81 64 69 46 31 83 97 72 53 92 56 9 21 64 74 87 100 40 35 63 4 27 21 0 
