60
0 10 29 51 36 33 22 4 34 51 38 48 87 41 89 40 47 62 68 92 42 56 14 78 34 88 25 92 84 80 55 6 89 35 57 76 19 30 31 52 32 69 51 18 9 92 9 7 53 29 98 46 36 63 23 69 50 99 60 85 
10 0 78 66 91 18 1 99 45 19 28 76 71 11 44 73 80 52 64 88 10 68 16 60 13 51 22 87 19 24 86 30 8 15 48 98 33 48 48 77 18 75 4 40 37 47 13 16 50 76 56 60 96 23 71 8 26 92 95 44 
29 78 0 15 32 26 75 46 73 72 78 72 20 7 89 46 10 29 35 9 93 2 10 20 57 21 15 80 91 75 57 35 21 52 49 52 77 23 97 1 47 27 72 18 85 13 15 46 93 49 6 85 51 16 56 59 36 23 90 27 
51 66 15 0 97 46 61 17 98 61 20 26 36 68 27 34 46 98 51 30 62 17 28 54 66 33 90 68 48 46 78 36 68 68 62 16 65 74 32 62 86 3 88 73 70 66 6 16 63 8 97 25 25 24 30 42 57 20 61 56 
36 91 32 97 0 65 38 91 84 5 4 99 70 29 82 83 67 84 22 39 53 87 97 68 2 56 17 78 80 40 7 73 48 26 33 4 42 71 46 25 75 50 75 96 30 56 79 96 39 100 35 44 87 83 63 40 38 79 17 70 
33 18 26 46 65 0 19 23 42 66 49 75 21 42 97 67 19 23 68 93 19 97 49 49 45 39 100 31 34 38 13 97 77 50 75 93 19 45 68 13 63 16 39 35 9 35 53 27 57 20 20 27 69 20 75 13 10 27 43 44 
22 1 75 61 38 19 0 64 7 40 93 56 66 85 27 11 4 39 25 71 29 59 80 63 12 6 71 31 77 98 51 96 24 15 6 50 9 1 66 15 40 58 23 57 94 49 67 98 39 91 68 67 2 99 81 13 5 51 95 81 
4 99 46 17 91 23 64 0 48 98 29 24 12 86 25 21 86 90 87 77 99 9 33 45 9 100 94 99 42 13 65 95 12 97 7 68 48 54 48 47 51 28 22 62 13 47 34 50 36 21 26 87 29 59 83 38 10 76 36 3 
34 45 73 98 84 42 7 48 0 88 53 98 99 49 56 66 48 9 66 47 59 45 68 21 10 66 54 59 2 74 85 40 55 95 22 92 4 97 79 58 36 83 55 87 32 11 4 31 19 21 29 30 66 49 50 75 14 55 33 67 
51 19 72 61 5 66 40 98 88 0 81 69 6 35 63 79 78 18 75 56 76 63 39 30 49 22 92 52 4 63 73 33 92 90 33 93 64 46 99 48 13 79 17 70 65 31 49 94 49 75 50 24 37 40 5 37 13 49 89 16 
38 28 78 20 4 49 93 29 53 81 0 11 13 100 54 54 32 98 17 30 96 16 42 27 84 11 43 15 59 37 15 34 38 90 22 77 94 59 41 94 99 56 4 63 8 9 16 91 6 84 20 54 99 13 32 83 76 74 49 34 
48 76 72 26 99 75 56 24 98 69 11 0 62 63 19 99 52 93 27 97 51 67 91 1 75 46 63 34 7 30 76 64 13 96 17 11 60 100 45 35 26 93 21 87 7 91 38 58 83 64 7 85 83 49 37 57 46 99 42 52 
87 71 20 36 70 21 66 12 99 6 13 62 0 80 17 16 92 64 84 55 24 84 99 10 9 44 30 47 50 73 84 60 55 100 66 92 82 66 28 90 11 79 31 63 58 47 30 2 63 13 56 86 48 6 47 56 1 77 3 51 
41 11 7 68 29 42 85 86 49 35 100 63 80 0 49 38 62 55 37 79 46 18 44 26 59 54 4 89 68 61 88 49 62 50 14 69 87 61 27 33 69 27 61 23 77 61 60 38 16 97 68 13 66 11 38 25 17 41 65 36 
89 44 89 27 82 97 27 25 56 63 54 19 17 49 0 54 52 85 67 1 98 88 87 10 14 72 78 40 32 100 69 93 60 58 60 8 26 72 25 36 62 1 4 54 66 40 7 69 76 26 22 25 13 60 34 26 31 64 17 63 
40 73 46 34 83 67 11 21 66 79 54 99 16 38 54 0 63 85 55 74 43 14 33 20 37 58 7 98 10 11 52 75 2 10 96 29 87 17 53 99 76 38 24 7 53 41 21 16 77 75 41 71 40 74 90 76 83 97 26 92 
47 80 10 46 67 19 4 86 48 78 32 52 92 62 52 63 0 59 29 19 60 90 66 40 77 82 44 75 57 33 51 15 86 43 35 53 71 61 93 42 100 18 83 28 100 79 5 44 89 33 14 100 74 79 39 50 60 82 77 68 
62 52 29 98 84 23 39 90 9 18 98 93 64 55 85 85 59 0 15 79 35 52 73 21 4 43 82 48 84 33 66 67 12 17 97 16 12 38 100 25 37 74 55 28 75 66 9 51 86 75 81 20 78 53 40 81 96 73 29 31 
68 64 35 51 22 68 25 87 66 75 17 27 84 37 67 55 29 15 0 6 46 49 17 62 98 85 26 35 84 50 71 9 5 98 84 22 59 86 7 85 67 26 63 19 18 95 66 90 23 97 47 20 45 16 34 42 100 59 28 83 
92 88 9 30 39 93 71 77 47 56 30 97 55 79 1 74 19 79 6 0 8 99 92 64 48 27 38 6 64 44 43 30 22 5 1 39 99 66 80 74 14 27 93 11 94 78 4 93 36 32 75 96 82 18 11 29 96 48 87 60 
42 10 93 62 53 19 29 99 59 76 96 51 24 46 98 43 60 35 46 8 0 92 29 41 13 33 41 3 83 59 34 56 24 12 1 86 5 78 90 97 14 73 24 61 6 93 71 34 89 19 72 100 10 100 40 74 84 33 76 67 
56 68 2 17 87 97 59 9 45 63 16 67 84 18 88 14 90 52 49 99 92 0 43 9 74 18 21 26 4 25 4 45 74 69 69 97 29 74 89 99 7 29 17 31 28 78 30 20 51 14 4 26 32 46 87 57 15 7 83 18 
14 16 10 28 97 49 80 33 68 39 42 91 99 44 87 33 66 73 17 92 29 43 0 83 86 14 56 6 82 4 86 55 93 84 14 21 53 44 1 82 25 72 33 90 75 10 73 72 96 30 86 54 12 56 89 49 21 44 54 3 
78 60 20 54 68 49 63 45 21 30 27 1 10 26 10 20 40 21 62 64 41 9 83 0 48 39 9 92 74 74 64 78 69 16 60 46 87 92 35 13 1 60 84 49 89 22 2 100 29 90 48 49 86 53 3 85 43 64 76 68 
34 13 57 66 2 45 12 9 10 49 84 75 9 59 14 37 77 4 98 48 13 74 86 48 0 89 91 46 58 7 57 55 93 48 89 58 100 48 41 100 88 14 54 87 94 43 86 95 80 90 97 16 32 12 91 100 1 34 97 10 
88 51 21 33 56 39 6 100 66 22 11 46 44 54 72 58 82 43 85 27 33 18 14 39 89 0 40 53 64 84 52 4 41 3 4 34 3 91 47 56 30 93 50 67 87 82 57 35 97 40 99 40 39 99 73 87 60 12 39 23 
25 22 15 90 17 100 71 94 54 92 43 63 30 4 78 7 44 82 26 38 41 21 56 9 91 40 0 95 90 78 36 45 33 21 47 24 19 2 5 11 3 71 49 84 79 84 81 19 82 20 9 32 92 96 91 55 86 65 1 28 
92 87 80 68 78 31 31 99 59 52 15 34 47 89 40 98 75 48 35 6 3 26 6 92 46 53 95 0 94 88 72 27 8 18 2 27 71 6 37 25 28 38 9 7 21 41 77 54 60 85 85 3 32 27 57 70 43 57 97 36 
84 19 91 48 80 34 77 42 2 4 59 7 50 68 32 10 57 84 84 64 83 4 82 74 58 64 90 94 0 45 68 62 4 37 63 30 59 20 19 83 48 56 91 6 28 31 34 81 42 70 17 96 2 95 4 71 37 13 19 72 
80 24 75 46 40 38 98 13 74 63 37 30 73 61 100 11 33 33 50 44 59 25 4 74 7 84 78 88 45 0 9 38 86 12 74 100 42 84 20 12 66 19 19 9 76 46 91 9 78 85 78 46 80 31 40 84 53 76 96 71 
55 86 57 78 7 13 51 65 85 73 15 76 84 88 69 52 51 66 71 43 34 4 86 64 57 52 36 72 68 9 0 99 4 60 84 67 85 36 60 68 7 71 86 77 89 94 52 86 36 12 63 20 41 8 52 24 99 35 76 74 
6 30 35 36 73 97 96 95 40 33 34 64 60 49 93 75 15 67 9 30 56 45 55 78 55 4 45 27 62 38 99 0 82 99 25 37 58 60 3 43 95 63 10 1 85 95 29 26 40 80 11 28 43 26 99 84 85 50 59 84 
89 8 21 68 48 77 24 12 55 92 38 13 55 62 60 2 86 12 5 22 24 74 93 69 93 41 33 8 4 86 4 82 0 36 34 9 17 32 33 5 42 45 60 84 39 74 45 92 58 92 20 83 83 52 46 10 46 71 9 81 
35 15 52 68 26 50 15 97 95 90 90 96 100 50 58 10 43 17 98 5 12 69 84 16 48 3 21 18 37 12 60 99 36 0 7 58 39 90 94 73 51 62 56 35 19 97 79 78 32 70 51 77 13 8 68 32 43 2 35 40 
57 48 49 62 33 75 6 7 22 33 22 17 66 14 60 96 35 97 84 1 1 69 14 60 89 4 47 2 63 74 84 25 34 7 0 12 81 62 72 61 68 29 100 10 74 24 60 88 79 94 6 28 25 83 59 94 85 35 6 92 
76 98 52 16 4 93 50 68 92 93 77 11 92 69 8 29 53 16 22 39 86 97 21 46 58 34 24 27 30 100 67 37 9 58 12 0 54 89 86 56 24 25 19 56 38 90 16 6 18 67 15 44 90 26 31 21 71 88 48 95 
19 33 77 65 42 19 9 48 4 64 94 60 82 87 26 87 71 12 59 99 5 29 53 87 100 3 19 71 59 42 85 58 17 39 81 54 0 22 6 88 6 93 45 49 46 34 87 53 9 11 71 64 49 60 31 6 30 50 20 73 
30 48 23 74 71 45 1 54 97 46 59 100 66 61 72 17 61 38 86 66 78 74 44 92 48 91 2 6 20 84 36 60 32 90 62 89 22 0 91 97 55 11 67 94 58 62 15 16 1 20 8 46 20 5 31 6 58 91 69 80 
31 48 97 32 46 68 66 48 79 99 41 45 28 27 25 53 93 100 7 80 90 89 1 35 41 47 5 37 19 20 60 3 33 94 72 86 6 91 0 6 69 40 88 74 69 37 45 93 28 41 99 90 7 92 48 20 58 15 21 77 
52 77 1 62 25 13 15 47 58 48 94 35 90 33 36 99 42 25 85 74 97 99 82 13 100 56 11 25 83 12 68 43 5 73 61 56 88 97 6 0 74 18 48 30 100 54 39 90 22 19 95 90 58 82 63 78 71 59 70 98 
32 18 47 86 75 63 40 51 36 13 99 26 11 69 62 76 100 37 67 14 14 7 25 1 88 30 3 28 48 66 7 95 42 51 68 24 6 55 69 74 0 99 20 87 57 11 86 77 68 52 49 96 25 18 43 7 17 48 45 6 
69 75 27 3 50 16 58 28 83 79 56 93 79 27 1 38 18 74 26 27 73 29 72 60 14 93 71 38 56 19 71 63 45 62 29 25 93 11 40 18 99 0 69 63 52 10 72 85 24 49 55 82 70 52 32 89 91 89 51 28 
51 4 72 88 75 39 23 22 55 17 4 21 31 61 4 24 83 55 63 93 24 17 33 84 54 50 49 9 91 19 86 10 60 56 100 19 45 67 88 48 20 69 0 17 70 80 65 17 56 34 12 62 50 59 7 7 80 21 58 89 
18 40 18 73 96 35 57 62 87 70 63 87 63 23 54 7 28 28 19 11 61 31 90 49 87 67 84 7 6 9 77 1 84 35 10 56 49 94 74 30 87 63 17 0 93 42 13 93 49 46 15 52 78 3 42 66 6 70 34 27 
9 37 85 70 30 9 94 13 32 65 8 7 58 77 66 53 100 75 18 94 6 28 75 89 94 87 79 21 28 76 89 85 39 19 74 38 46 58 69 100 57 52 70 93 0 1 50 44 56 83 55 18 32 65 76 38 44 96 47 85 
92 47 13 66 56 35 49 47 11 31 9 91 47 61 40 41 79 66 95 78 93 78 10 22 43 82 84 41 31 46 94 95 74 97 24 90 34 62 37 54 11 10 80 42 1 0 88 40 49 33 88 94 47 40 71 1 33 88 6 2 
9 13 15 6 79 53 67 34 4 49 16 38 30 60 7 21 5 9 66 4 71 30 73 2 86 57 81 77 34 91 52 29 45 79 60 16 87 15 45 39 86 72 65 13 50 88 0 21 85 54 70 28 10 52 34 79 35 50 54 72 
7 16 46 16 96 27 98 50 31 94 91 58 2 38 69 16 44 51 90 93 34 20 72 100 95 35 19 54 81 9 86 26 92 78 88 6 53 16 93 90 77 85 17 93 44 40 21 0 46 1 18 30 89 10 30 73 97 23 19 36 
53 50 93 63 39 57 39 36 19 49 6 83 63 16 76 77 89 86 23 36 89 51 96 29 80 97 82 60 42 78 36 40 58 32 79 18 9 1 28 22 68 24 56 49 56 49 85 46 0 46 19 69 85 77 22 6 61 76 27 40 
29 76 49 8 100 20 91 21 21 75 84 64 13 97 26 75 33 75 97 32 19 14 30 90 90 40 20 85 70 85 12 80 92 70 94 67 11 20 41 19 52 49 34 46 83 33 54 1 46 0 37 31 73 15 65 22 20 89 67 20 
98 56 6 97 35 20 68 26 29 50 20 7 56 68 22 41 14 81 47 75 72 4 86 48 97 99 9 85 17 78 63 11 20 51 6 15 71 8 99 95 49 55 12 15 55 88 70 18 19 37 0 6 48 60 67 77 32 64 52 50 
46 60 85 25 44 27 67 87 30 24 54 85 86 13 25 71 100 20 20 96 100 26 54 49 16 40 32 3 96 46 20 28 83 77 28 44 64 46 90 90 96 82 62 52 18 94 28 30 69 31 6 0 51 49 21 71 33 97 93 90 
36 96 51 25 87 69 2 29 66 37 99 83 48 66 13 40 74 78 45 82 10 32 12 86 32 39 92 32 2 80 41 43 83 13 25 90 49 20 7 58 25 70 50 78 32 47 10 89 85 73 48 51 0 9 20 17 48 56 47 20 
63 23 16 24 83 20 99 59 49 40 13 49 6 11 60 74 79 53 16 18 100 46 56 53 12 99 96 27 95 31 8 26 52 8 83 26 60 5 92 82 18 52 59 3 65 40 52 10 77 15 60 49 9 0 22 63 93 93 51 12 
23 71 56 30 63 75 81 83 50 5 32 37 47 38 34 90 39 40 34 11 40 87 89 3 91 73 91 57 4 40 52 99 46 68 59 31 31 31 48 63 43 32 7 42 76 71 34 30 22 65 67 21 20 22 0 12 9 59 24 75 
69 8 59 42 40 13 13 38 75 37 83 57 56 25 26 76 50 81 42 29 74 57 49 85 100 87 55 70 71 84 24 84 10 32 94 21 6 6 20 78 7 89 7 66 38 1 79 73 6 22 77 71 17 63 12 0 88 7 38 39 
50 26 36 57 38 10 5 10 14 13 76 46 1 17 31 83 60 96 100 96 84 15 21 43 1 60 86 43 37 53 99 85 46 43 85 71 30 58 58 71 17 91 80 6 44 33 35 97 61 20 32 33 48 93 9 88 0 9 89 87 
99 92 23 20 79 27 51 76 55 49 74 99 77 41 64 97 82 73 59 48 33 7 44 64 34 12 65 57 13 76 35 50 71 2 35 88 50 91 15 59 48 89 21 70 96 88 50 23 76 89 64 97 56 93 59 7 9 0 29 59 
60 95 90 61 17 43 95 36 33 89 49 42 3 65 17 26 77 29 28 87 76 83 54 76 97 39 1 97 19 96 76 59 9 35 6 48 20 69 21 70 45 51 58 34 47 6 54 19 27 67 52 93 47 51 24 38 89 29 0 71 
85 44 27 56 70 44 81 3 67 16 34 52 51 36 63 92 68 31 83 60 67 18 3 68 10 23 28 36 72 71 74 84 81 40 92 95 73 80 77 98 6 28 89 27 85 2 72 36 40 20 50 90 20 12 75 39 87 59 71 0 
