40
0 47 3 84 91 50 66 16 35 86 61 93 68 90 47 60 83 83 98 37 85 20 5 31 90 12 80 65 91 51 71 52 97 73 87 39 75 4 55 9 
47 0 42 15 54 9 56 100 69 90 34 18 27 71 90 83 1 79 94 33 43 36 83 65 39 79 90 77 69 64 80 75 24 21 42 77 30 97 29 50 
3 42 0 87 14 67 65 84 56 99 85 87 44 69 81 31 51 46 69 81 87 97 49 50 76 24 73 49 65 2 30 13 82 79 51 95 97 67 79 5 
84 15 87 0 65 15 91 60 35 71 90 85 68 10 17 54 6 65 55 34 40 80 82 56 33 11 69 14 41 71 60 89 38 90 93 54 56 35 14 90 
91 54 14 65 0 58 3 26 25 13 42 31 70 59 37 3 50 16 36 6 100 98 74 65 38 44 77 79 33 66 71 87 74 6 100 15 15 2 41 91 
50 9 67 15 58 0 66 34 73 88 44 10 42 46 77 78 51 77 75 76 93 65 71 69 43 4 87 65 90 60 22 41 74 36 94 66 27 60 52 99 
66 56 65 91 3 66 0 99 47 60 40 92 37 17 94 65 44 69 57 60 40 26 54 95 64 18 36 23 92 76 48 79 69 66 57 80 17 56 78 15 
16 100 84 60 26 34 99 0 67 70 59 55 38 52 19 81 73 28 92 64 5 45 58 68 15 93 90 6 68 89 84 88 54 41 68 22 48 97 37 66 
35 69 56 35 25 73 47 67 0 66 47 21 4 98 39 84 22 66 28 85 22 72 94 89 86 86 30 43 5 19 79 45 24 71 12 46 18 8 34 35 
86 90 99 71 13 88 60 70 66 0 74 80 55 77 29 94 12 51 11 39 87 85 63 81 73 100 18 55 43 23 25 21 67 48 91 30 93 60 37 78 
61 34 85 90 42 44 40 59 47 74 0 94 62 9 1 90 38 46 54 40 8 44 26 92 6 6 17 6 76 71 100 50 95 20 68 94 62 97 39 73 
93 18 87 85 31 10 92 55 21 80 94 0 85 16 18 99 25 18 88 14 63 41 53 71 85 30 14 42 88 30 99 63 100 98 12 46 69 79 40 82 
68 27 44 68 70 42 37 38 4 55 62 85 0 27 78 54 11 93 24 9 69 41 97 82 56 89 34 78 25 16 91 19 3 21 17 65 72 15 76 18 
90 71 69 10 59 46 17 52 98 77 9 16 27 0 35 6 57 17 32 86 22 42 78 45 3 47 38 51 80 45 39 66 22 16 81 64 34 83 84 50 
47 90 81 17 37 77 94 19 39 29 1 18 78 35 0 47 8 16 74 25 51 31 33 19 62 18 40 55 47 85 9 45 22 59 25 66 50 90 39 65 
60 83 31 54 3 78 65 81 84 94 90 99 54 6 47 0 70 2 50 4 38 99 2 45 67 27 21 69 57 53 87 70 22 26 76 68 10 85 65 83 
83 1 51 6 50 51 44 73 22 12 38 25 11 57 8 70 0 43 89 100 44 30 90 8 99 92 9 54 81 60 55 77 26 81 97 94 89 1 80 58 
83 79 46 65 16 77 69 28 66 51 46 18 93 17 16 2 43 0 74 57 33 41 19 17 5 1 12 45 53 55 74 42 15 24 85 23 77 65 82 83 
98 94 69 55 36 75 57 92 28 11 54 88 24 32 74 50 89 74 0 41 7 63 89 52 51 89 83 60 62 40 93 55 58 61 11 10 72 56 62 27 
37 33 81 34 6 76 60 64 85 39 40 14 9 86 25 4 100 57 41 0 81 56 41 5 40 63 81 5 45 64 97 3 78 86 55 81 26 89 40 40 
85 43 87 40 100 93 40 5 22 87 8 63 69 22 51 38 44 33 7 81 0 28 32 94 37 45 56 99 16 11 60 94 92 15 34 48 7 49 80 63 
20 36 97 80 98 65 26 45 72 85 44 41 41 42 31 99 30 41 63 56 28 0 45 95 59 99 73 96 5 5 22 94 44 61 73 28 6 10 72 13 
5 83 49 82 74 71 54 58 94 63 26 53 97 78 33 2 90 19 89 41 32 45 0 8 87 24 19 81 67 86 66 66 92 66 45 6 62 40 64 61 
31 65 50 56 65 69 95 68 89 81 92 71 82 45 19 45 8 17 52 5 94 95 8 0 64 60 65 68 33 10 11 45 83 90 2 44 61 14 3 100 
90 39 76 33 38 43 64 15 86 73 6 85 56 3 62 67 99 5 51 40 37 59 87 64 0 89 73 32 7 58 49 72 1 15 17 6 76 8 22 88 
12 79 24 11 44 4 18 93 86 100 6 30 89 47 18 27 92 1 89 63 45 99 24 60 89 0 71 81 53 90 65 62 100 9 96 90 10 39 2 75 
80 90 73 69 77 87 36 90 30 18 17 14 34 38 40 21 9 12 83 81 56 73 19 65 73 71 0 93 1 64 66 84 70 75 33 42 76 47 58 33 
65 77 49 14 79 65 23 6 43 55 6 42 78 51 55 69 54 45 60 5 99 96 81 68 32 81 93 0 74 17 54 62 87 86 66 76 2 79 27 10 
91 69 65 41 33 90 92 68 5 43 76 88 25 80 47 57 81 53 62 45 16 5 67 33 7 53 1 74 0 27 68 71 17 70 46 10 22 9 75 6 
51 64 2 71 66 60 76 89 19 23 71 30 16 45 85 53 60 55 40 64 11 5 86 10 58 90 64 17 27 0 78 49 38 71 76 36 80 61 61 96 
71 80 30 60 71 22 48 84 79 25 100 99 91 39 9 87 55 74 93 97 60 22 66 11 49 65 66 54 68 78 0 66 74 34 52 39 61 5 70 88 
52 75 13 89 87 41 79 88 45 21 50 63 19 66 45 70 77 42 55 3 94 94 66 45 72 62 84 62 71 49 66 0 15 96 7 37 12 28 82 21 
97 24 82 38 74 74 69 54 24 67 95 100 3 22 22 22 26 15 58 78 92 44 92 83 1 100 70 87 17 38 74 15 0 2 42 47 7 72 48 96 
73 21 79 90 6 36 66 41 71 48 20 98 21 16 59 26 81 24 61 86 15 61 66 90 15 9 75 86 70 71 34 96 2 0 42 75 83 22 35 43 
87 42 51 93 100 94 57 68 12 91 68 12 17 81 25 76 97 85 11 55 34 73 45 2 17 96 33 66 46 76 52 7 42 42 0 17 1 69 3 4 
39 77 95 54 15 66 80 22 46 30 94 46 65 64 66 68 94 23 10 81 48 28 6 44 6 90 42 76 10 36 39 37 47 75 17 0 7 63 8 28 
75 30 97 56 15 27 17 48 18 93 62 69 72 34 50 10 89 77 72 26 7 6 62 61 76 10 76 2 22 80 61 12 7 83 1 7 0 50 74 23 
4 97 67 35 2 60 56 97 8 60 97 79 15 83 90 85 1 65 56 89 49 10 40 14 8 39 47 79 9 61 5 28 72 22 69 63 50 0 9 11 
55 29 79 14 41 52 78 37 34 37 39 40 76 84 39 65 80 82 62 40 80 72 64 3 22 2 58 27 75 61 70 82 48 35 3 8 74 9 0 35 
9 50 5 90 91 99 15 66 35 78 73 82 18 50 65 83 58 83 27 40 63 13 61 100 88 75 33 10 6 96 88 21 96 43 4 28 23 11 35 0 
