90
0 9 64 31 89 92 9 40 18 51 78 76 55 71 89 72 71 66 80 100 33 12 85 4 57 84 87 39 61 37 48 16 46 64 46 86 55 6 25 72 56 54 99 62 76 87 86 46 4 65 45 37 28 82 92 84 17 31 22 29 67 22 97 64 37 94 49 43 100 25 14 7 30 65 21 5 3 6 3 7 22 99 95 49 32 38 84 49 68 58 
9 0 77 35 79 25 50 67 19 51 9 18 75 74 76 57 38 48 61 93 53 15 51 26 14 45 74 45 34 58 45 2 67 74 88 97 98 37 63 16 87 71 85 14 44 13 22 34 60 82 26 65 49 28 90 14 72 64 10 57 73 55 58 91 80 45 87 77 34 49 45 72 71 81 37 14 93 58 47 53 92 24 17 40 51 58 53 74 73 14 
64 77 0 31 97 68 40 87 47 37 73 76 70 73 72 93 43 52 30 57 45 39 55 49 30 31 65 21 33 74 25 7 47 39 89 43 6 28 30 5 16 54 32 85 27 3 30 69 54 59 77 98 49 84 46 79 14 62 51 98 88 76 4 34 14 44 28 71 24 9 27 39 63 10 76 41 12 5 9 18 15 38 67 63 73 65 93 38 26 44 
31 35 31 0 35 65 71 91 98 84 34 26 6 9 34 33 48 48 42 75 88 6 79 49 23 45 38 89 59 10 53 52 47 31 47 81 47 17 71 45 52 57 22 57 65 7 41 64 55 35 38 94 92 68 42 66 64 79 6 23 88 11 26 86 93 72 67 39 40 89 83 91 45 56 99 62 15 92 25 21 78 15 14 69 34 8 34 98 86 39 
89 79 97 35 0 20 26 49 45 11 41 68 29 80 7 18 14 49 14 22 47 75 36 90 52 56 67 18 21 87 51 28 20 100 66 11 19 43 11 15 5 4 82 34 35 40 3 100 88 68 21 87 43 8 28 46 15 95 15 36 81 65 15 53 65 80 15 35 22 25 2 27 80 83 12 14 75 66 14 14 33 86 100 27 46 28 24 60 74 38 
92 25 68 65 20 0 47 6 55 62 58 71 93 24 5 67 49 6 45 80 41 8 94 67 73 59 80 57 96 32 84 41 59 7 53 84 45 99 89 99 12 99 21 57 22 25 75 22 83 19 2 75 26 47 41 50 5 72 6 100 3 41 93 13 48 45 96 44 95 37 94 7 35 14 15 8 90 89 82 72 7 83 98 84 81 90 85 37 62 42 
9 50 40 71 26 47 0 36 64 83 80 29 82 24 76 25 19 12 18 77 98 83 91 6 72 31 87 96 89 21 45 24 1 35 8 37 48 49 24 63 83 56 91 64 79 67 88 49 30 57 77 28 91 19 85 63 49 23 10 37 95 54 60 47 40 19 35 87 20 10 2 2 65 92 66 96 10 5 96 40 14 73 19 4 43 3 18 92 77 27 
40 67 87 91 49 6 36 0 80 71 33 92 17 24 10 51 11 29 60 12 31 77 55 48 72 17 52 67 56 65 91 26 69 34 28 86 77 4 65 56 74 49 47 42 72 9 44 82 37 3 45 19 31 52 18 2 68 70 21 75 86 63 100 6 96 79 44 24 82 8 80 7 56 78 100 27 38 43 61 27 97 57 45 28 60 63 81 79 84 1 
18 19 47 98 45 55 64 80 0 53 69 64 4 27 11 82 70 35 15 77 66 73 84 95 24 10 33 66 22 11 63 31 55 42 90 69 22 69 4 23 73 25 38 77 51 100 10 20 86 77 48 51 1 31 98 25 92 82 90 14 92 4 96 98 45 85 19 67 53 22 41 78 98 30 6 48 29 15 19 15 43 66 17 44 96 14 20 40 47 61 
51 51 37 84 11 62 83 71 53 0 5 38 65 100 88 61 84 6 79 89 79 71 66 29 100 23 28 29 37 47 43 32 64 59 75 12 25 46 51 71 6 55 61 22 6 48 83 41 5 13 29 83 84 46 63 83 68 91 11 57 37 5 88 100 16 14 11 92 59 13 62 64 19 74 86 24 21 20 65 77 32 45 12 67 43 74 50 62 64 12 
78 9 73 34 41 58 80 33 69 5 0 70 100 69 57 52 84 22 14 27 80 79 88 96 97 14 33 21 86 4 37 63 87 33 74 54 75 47 55 89 63 66 58 14 86 15 65 69 88 31 95 20 9 35 15 5 100 99 77 85 2 65 99 40 98 72 93 24 71 47 12 33 65 70 98 50 36 63 71 23 45 17 42 53 3 8 9 2 58 38 
76 18 76 26 68 71 29 92 64 38 70 0 39 11 2 37 51 51 61 43 75 31 42 86 15 58 55 12 7 42 26 29 65 70 46 58 74 48 18 83 2 75 72 40 86 73 76 36 24 36 30 50 18 23 87 84 80 94 48 87 35 25 67 99 47 12 9 20 12 26 54 13 100 25 52 85 50 79 72 25 67 2 74 36 24 60 20 56 53 19 
55 75 70 6 29 93 82 17 4 65 100 39 0 94 40 43 60 90 89 72 98 61 83 23 14 47 75 91 50 11 40 28 83 16 46 36 89 82 11 100 1 66 5 19 59 44 13 19 33 2 90 31 14 24 5 27 70 31 69 71 42 8 98 76 23 44 11 63 25 21 15 77 87 19 47 45 62 59 15 46 12 56 28 25 79 85 4 100 15 72 
71 74 73 9 80 24 24 24 27 100 69 11 94 0 70 56 32 20 31 6 15 93 69 91 14 83 67 52 53 65 48 66 23 63 11 87 70 91 63 49 75 18 100 89 42 22 97 73 41 79 78 7 72 98 97 37 32 15 40 84 79 87 49 53 1 12 39 71 2 54 71 76 71 22 16 12 43 64 36 35 95 66 41 18 63 89 54 47 3 93 
89 76 72 34 7 5 76 10 11 88 57 2 40 70 0 82 81 31 83 34 84 94 24 54 47 77 76 74 100 97 89 63 40 5 99 26 99 64 67 16 78 55 21 76 10 65 58 90 95 40 23 78 85 47 83 31 75 58 56 74 55 44 37 46 100 87 71 98 2 89 13 79 96 33 7 5 97 64 94 44 55 69 73 91 67 56 21 41 65 76 
72 57 93 33 18 67 25 51 82 61 52 37 43 56 82 0 67 19 71 55 16 71 41 39 20 42 27 33 72 22 17 78 78 66 93 24 9 99 92 81 89 58 88 61 50 53 36 16 23 59 22 39 81 62 77 100 55 55 84 27 29 53 56 6 18 1 29 26 99 20 58 88 29 46 48 79 50 36 46 72 46 68 62 26 81 90 77 36 45 61 
71 38 43 48 14 49 19 11 70 84 84 51 60 32 81 67 0 14 73 13 69 30 82 69 59 59 20 30 16 7 11 13 6 41 62 41 38 86 38 5 99 63 38 89 40 73 33 52 86 57 16 6 38 97 27 96 55 46 78 22 4 88 35 61 28 48 54 17 33 91 22 32 54 11 72 45 83 56 48 20 12 63 77 1 59 3 97 65 100 26 
66 48 52 48 49 6 12 29 35 6 22 51 90 20 31 19 14 0 86 55 65 20 16 44 20 21 60 52 11 33 35 16 43 58 60 25 13 59 96 76 21 73 77 31 27 25 95 79 50 81 33 14 52 100 9 71 20 68 75 83 1 61 98 43 19 10 20 31 68 15 59 41 39 35 71 66 59 66 44 60 98 28 25 49 80 33 20 51 100 46 
80 61 30 42 14 45 18 60 15 79 14 61 89 31 83 71 73 86 0 33 100 6 83 95 24 44 14 7 63 28 65 3 67 51 26 84 61 91 27 20 88 6 96 36 85 28 7 36 79 52 20 31 10 2 25 33 97 38 91 60 17 7 14 35 57 39 18 17 29 96 36 68 2 83 56 86 10 14 73 41 66 93 71 27 46 95 59 43 84 2 
100 93 57 75 22 80 77 12 77 89 27 43 72 6 34 55 13 55 33 0 2 52 8 67 87 65 6 4 81 86 100 69 6 1 3 61 38 13 74 11 5 91 3 75 17 48 21 28 42 56 81 95 7 88 62 93 4 67 97 37 4 96 57 9 48 59 69 85 71 95 47 27 37 1 1 6 1 73 85 42 28 65 37 35 52 98 27 8 16 75 
33 53 45 88 47 41 98 31 66 79 80 75 98 15 84 16 69 65 100 2 0 44 19 22 100 28 69 58 48 6 81 94 52 7 83 5 60 88 5 32 72 46 60 88 82 94 91 31 72 98 46 99 41 65 20 92 44 41 50 43 98 82 37 49 88 19 5 47 58 9 79 81 55 90 68 88 35 58 19 6 8 64 56 48 80 76 92 23 68 41 
12 15 39 6 75 8 83 77 73 71 79 31 61 93 94 71 30 20 6 52 44 0 66 65 22 54 65 61 72 70 8 81 78 38 61 84 27 28 72 61 37 90 18 44 5 26 44 85 1 35 59 20 75 76 84 48 29 48 8 52 17 67 32 95 56 92 30 34 71 1 94 8 42 64 51 47 41 94 83 41 28 93 60 54 69 95 53 49 42 13 
85 51 55 79 36 94 91 55 84 66 88 42 83 69 24 41 82 16 83 8 19 66 0 1 59 79 84 5 35 28 86 20 98 87 66 5 28 29 8 26 69 1 60 61 81 53 72 86 73 66 39 21 59 51 21 69 81 57 25 67 84 11 87 81 97 52 38 76 32 45 54 52 97 65 64 29 17 87 15 89 4 5 62 62 7 34 31 39 90 7 
4 26 49 49 90 67 6 48 95 29 96 86 23 91 54 39 69 44 95 67 22 65 1 0 58 25 17 44 6 65 47 95 93 30 39 98 81 87 62 96 16 31 82 82 19 37 38 32 98 96 66 80 34 7 87 91 32 55 86 37 20 84 83 64 13 21 61 45 59 22 92 26 52 25 7 23 61 96 54 11 91 71 90 77 78 28 19 9 35 57 
57 14 30 23 52 73 72 72 24 100 97 15 14 14 47 20 59 20 24 87 100 22 59 58 0 97 6 40 79 69 5 51 29 49 9 2 93 35 6 17 93 28 78 89 33 88 31 4 29 7 81 9 26 41 43 82 37 48 73 15 68 77 65 48 78 25 49 70 59 6 86 4 33 63 92 18 2 22 21 31 81 53 39 58 93 33 91 81 32 63 
84 45 31 45 56 59 31 17 10 23 14 58 47 83 77 42 59 21 44 65 28 54 79 25 97 0 95 99 40 11 46 17 35 46 38 46 52 23 49 36 38 92 53 39 65 25 21 45 29 11 2 73 43 92 53 74 55 47 24 46 9 69 14 96 67 51 41 70 73 41 5 62 32 10 1 96 86 73 93 15 84 94 87 78 38 40 4 44 38 27 
87 74 65 38 67 80 87 52 33 28 33 55 75 67 76 27 20 60 14 6 69 65 84 17 6 95 0 89 47 48 54 42 14 4 34 35 28 74 91 42 57 100 94 4 86 66 96 52 1 42 38 79 79 29 82 74 67 60 14 65 7 67 6 72 22 91 6 1 64 97 42 72 48 35 75 85 53 71 36 53 64 26 31 94 54 64 67 20 24 80 
39 45 21 89 18 57 96 67 66 29 21 12 91 52 74 33 30 52 7 4 58 61 5 44 40 99 89 0 36 82 98 41 54 71 31 11 71 46 7 13 17 7 99 92 91 51 14 27 4 29 52 86 22 57 2 40 29 25 71 64 58 68 5 11 38 87 22 60 85 80 24 1 86 23 44 29 25 9 7 28 37 10 66 10 66 67 49 94 91 19 
61 34 33 59 21 96 89 56 22 37 86 7 50 53 100 72 16 11 63 81 48 72 35 6 79 40 47 36 0 58 100 38 14 11 75 52 84 87 36 15 10 89 53 32 84 81 57 93 87 36 81 96 1 91 61 67 91 7 9 10 64 9 47 77 71 74 80 54 12 16 20 21 4 72 5 39 52 61 31 90 48 64 85 49 6 98 67 96 4 28 
37 58 74 10 87 32 21 65 11 47 4 42 11 65 97 22 7 33 28 86 6 70 28 65 69 11 48 82 58 0 57 19 88 56 47 58 81 26 63 92 41 82 12 96 54 16 35 57 28 17 47 76 32 31 76 37 80 94 85 83 21 41 1 60 48 47 17 28 73 79 71 65 13 83 13 66 50 99 22 30 15 20 57 47 51 84 35 30 77 19 
48 45 25 53 51 84 45 91 63 43 37 26 40 48 89 17 11 35 65 100 81 8 86 47 5 46 54 98 100 57 0 65 50 12 65 9 59 64 78 39 88 8 9 4 20 43 16 37 93 14 11 74 81 30 30 27 32 65 13 14 41 32 78 42 43 94 3 1 9 80 91 96 39 100 100 59 42 67 47 86 33 57 59 13 39 40 91 70 4 3 
16 2 7 52 28 41 24 26 31 32 63 29 28 66 63 78 13 16 3 69 94 81 20 95 51 17 42 41 38 19 65 0 35 97 34 12 90 28 6 92 81 66 23 71 62 62 70 13 72 64 31 18 49 63 27 60 75 17 51 65 38 7 20 73 3 5 84 44 33 41 36 13 7 10 35 20 71 57 84 42 20 14 12 20 29 38 31 3 54 82 
46 67 47 47 20 59 1 69 55 64 87 65 83 23 40 78 6 43 67 6 52 78 98 93 29 35 14 54 14 88 50 35 0 20 91 40 91 63 94 95 99 37 27 91 24 91 49 34 26 68 4 82 3 98 53 69 9 72 97 98 55 51 51 36 22 93 27 12 8 20 7 6 56 33 48 80 24 97 65 1 16 20 34 19 17 86 87 77 9 35 
64 74 39 31 100 7 35 34 42 59 33 70 16 63 5 66 41 58 51 1 7 38 87 30 49 46 4 71 11 56 12 97 20 0 74 63 85 76 50 7 69 76 18 28 95 24 85 3 9 32 34 84 28 98 36 96 17 69 66 86 6 4 14 14 38 88 77 22 15 26 80 35 54 50 62 100 25 46 2 33 30 35 68 9 84 3 4 53 23 69 
46 88 89 47 66 53 8 28 90 75 74 46 46 11 99 93 62 60 26 3 83 61 66 39 9 38 34 31 75 47 65 34 91 74 0 90 28 72 3 42 61 42 70 35 57 95 14 91 100 63 5 100 40 2 1 72 31 88 92 40 23 46 43 27 69 64 16 96 87 71 37 48 12 58 82 20 5 47 63 4 10 67 3 1 20 56 72 51 95 15 
86 97 43 81 11 84 37 86 69 12 54 58 36 87 26 24 41 25 84 61 5 84 5 98 2 46 35 11 52 58 9 12 40 63 90 0 90 17 61 84 44 29 47 11 76 86 33 65 33 45 22 66 16 26 12 30 30 21 48 84 21 68 39 45 18 33 11 7 2 71 42 97 51 41 59 79 26 92 43 58 88 64 23 3 42 34 85 71 7 32 
55 98 6 47 19 45 48 77 22 25 75 74 89 70 99 9 38 13 61 38 60 27 28 81 93 52 28 71 84 81 59 90 91 85 28 90 0 6 79 99 45 75 16 29 86 74 82 8 68 78 11 8 37 89 33 28 83 90 15 98 64 69 39 49 53 9 7 85 15 86 35 11 12 3 91 49 28 73 9 95 50 19 2 38 59 34 17 93 75 83 
6 37 28 17 43 99 49 4 69 46 47 48 82 91 64 99 86 59 91 13 88 28 29 87 35 23 74 46 87 26 64 28 63 76 72 17 6 0 90 38 4 29 39 56 89 45 92 55 30 79 65 42 81 8 42 8 80 50 3 81 68 4 71 78 90 87 70 64 22 12 54 25 40 92 32 28 36 24 35 18 54 51 11 34 58 52 93 37 2 95 
25 63 30 71 11 89 24 65 4 51 55 18 11 63 67 92 38 96 27 74 5 72 8 62 6 49 91 7 36 63 78 6 94 50 3 61 79 90 0 70 21 51 92 51 40 78 72 55 99 83 8 75 74 51 7 2 39 82 36 56 35 86 18 20 96 69 12 84 22 59 53 95 9 44 45 100 74 68 6 24 51 14 51 76 64 57 77 54 38 64 
72 16 5 45 15 99 63 56 23 71 89 83 100 49 16 81 5 76 20 11 32 61 26 96 17 36 42 13 15 92 39 92 95 7 42 84 99 38 70 0 9 24 2 26 43 49 47 6 32 20 64 37 14 24 32 10 75 57 30 81 81 32 94 31 7 9 39 36 63 28 51 23 51 4 1 45 52 99 2 84 18 66 72 84 41 3 45 16 60 26 
56 87 16 52 5 12 83 74 73 6 63 2 1 75 78 89 99 21 88 5 72 37 69 16 93 38 57 17 10 41 88 81 99 69 61 44 45 4 21 9 0 96 92 57 41 74 64 49 64 51 63 91 1 38 93 5 38 89 8 36 90 43 5 55 14 40 48 69 85 63 28 10 58 71 19 98 96 34 98 59 84 13 49 84 50 93 40 87 81 100 
54 71 54 57 4 99 56 49 25 55 66 75 66 18 55 58 63 73 6 91 46 90 1 31 28 92 100 7 89 82 8 66 37 76 42 29 75 29 51 24 96 0 74 70 42 30 77 56 70 24 24 6 38 3 67 95 25 85 44 20 18 41 78 53 53 78 89 54 70 28 40 50 27 65 71 21 95 99 76 64 22 51 21 59 5 87 5 29 72 48 
99 85 32 22 82 21 91 47 38 61 58 72 5 100 21 88 38 77 96 3 60 18 60 82 78 53 94 99 53 12 9 23 27 18 70 47 16 39 92 2 92 74 0 48 41 41 77 94 45 54 82 99 23 61 90 24 40 55 94 60 1 93 87 16 66 37 36 77 93 74 33 21 45 81 68 38 73 44 83 17 49 16 67 71 28 57 94 67 63 39 
62 14 85 57 34 57 64 42 77 22 14 40 19 89 76 61 89 31 36 75 88 44 61 82 89 39 4 92 32 96 4 71 91 28 35 11 29 56 51 26 57 70 48 0 78 15 31 64 30 49 52 17 25 44 90 9 64 87 89 83 76 13 78 58 30 26 25 48 48 52 4 93 19 18 32 96 32 14 12 61 62 63 29 38 59 19 47 22 5 87 
76 44 27 65 35 22 79 72 51 6 86 86 59 42 10 50 40 27 85 17 82 5 81 19 33 65 86 91 84 54 20 62 24 95 57 76 86 89 40 43 41 42 41 78 0 57 80 100 86 89 81 64 13 28 11 64 84 4 34 1 87 82 85 100 93 97 62 7 26 51 65 44 49 39 100 36 47 31 87 84 19 19 47 83 98 58 46 33 13 32 
87 13 3 7 40 25 67 9 100 48 15 73 44 22 65 53 73 25 28 48 94 26 53 37 88 25 66 51 81 16 43 62 91 24 95 86 74 45 78 49 74 30 41 15 57 0 86 99 13 70 98 57 66 11 15 91 14 32 86 62 70 85 49 68 67 87 51 85 57 98 67 7 7 65 39 71 96 24 21 60 93 70 16 11 81 30 53 46 61 39 
86 22 30 41 3 75 88 44 10 83 65 76 13 97 58 36 33 95 7 21 91 44 72 38 31 21 96 14 57 35 16 70 49 85 14 33 82 92 72 47 64 77 77 31 80 86 0 7 82 75 8 1 42 94 52 78 3 1 97 9 59 61 47 29 8 23 49 67 67 18 82 29 50 63 82 95 76 20 54 57 46 13 10 87 58 13 17 60 13 13 
46 34 69 64 100 22 49 82 20 41 69 36 19 73 90 16 52 79 36 28 31 85 86 32 4 45 52 27 93 57 37 13 34 3 91 65 8 55 55 6 49 56 94 64 100 99 7 0 68 23 25 67 3 32 41 51 50 59 20 83 88 22 45 69 68 72 88 21 81 33 85 90 72 43 2 88 54 66 52 74 88 76 40 90 59 32 92 8 90 63 
4 60 54 55 88 83 30 37 86 5 88 24 33 41 95 23 86 50 79 42 72 1 73 98 29 29 1 4 87 28 93 72 26 9 100 33 68 30 99 32 64 70 45 30 86 13 82 68 0 90 77 84 86 97 52 58 84 24 38 69 9 27 92 3 80 31 56 45 82 29 84 9 20 25 19 3 16 78 93 78 67 21 14 4 18 65 61 53 40 50 
65 82 59 35 68 19 57 3 77 13 31 36 2 79 40 59 57 81 52 56 98 35 66 96 7 11 42 29 36 17 14 64 68 32 63 45 78 79 83 20 51 24 54 49 89 70 75 23 90 0 73 100 28 16 2 7 46 10 3 79 38 86 39 10 10 57 12 77 34 56 55 52 29 20 56 46 84 68 50 75 70 75 75 97 90 76 56 88 37 58 
45 26 77 38 21 2 77 45 48 29 95 30 90 78 23 22 16 33 20 81 46 59 39 66 81 2 38 52 81 47 11 31 4 34 5 22 11 65 8 64 63 24 82 52 81 98 8 25 77 73 0 66 75 96 57 36 5 13 47 82 99 55 88 2 83 7 57 80 42 77 81 16 98 55 90 94 97 18 49 84 54 59 1 80 54 57 67 58 22 14 
37 65 98 94 87 75 28 19 51 83 20 50 31 7 78 39 6 14 31 95 99 20 21 80 9 73 79 86 96 76 74 18 82 84 100 66 8 42 75 37 91 6 99 17 64 57 1 67 84 100 66 0 91 20 20 30 21 2 36 30 81 29 58 61 97 55 68 86 100 64 55 1 99 61 59 99 92 12 8 59 21 29 24 64 100 43 93 72 44 81 
28 49 49 92 43 26 91 31 1 84 9 18 14 72 85 81 38 52 10 7 41 75 59 34 26 43 79 22 1 32 81 49 3 28 40 16 37 81 74 14 1 38 23 25 13 66 42 3 86 28 75 91 0 1 76 9 10 88 5 16 55 43 16 70 49 16 68 61 74 67 53 37 74 63 57 54 86 20 53 80 65 24 75 45 77 50 5 86 89 62 
82 28 84 68 8 47 19 52 31 46 35 23 24 98 47 62 97 100 2 88 65 76 51 7 41 92 29 57 91 31 30 63 98 98 2 26 89 8 51 24 38 3 61 44 28 11 94 32 97 16 96 20 1 0 2 96 56 69 65 4 84 33 65 57 51 69 45 76 83 1 29 68 73 33 99 89 56 73 33 84 74 89 70 14 50 23 9 5 91 74 
92 90 46 42 28 41 85 18 98 63 15 87 5 97 83 77 27 9 25 62 20 84 21 87 43 53 82 2 61 76 30 27 53 36 1 12 33 42 7 32 93 67 90 90 11 15 52 41 52 2 57 20 76 2 0 9 26 58 25 34 60 45 78 35 27 30 15 46 54 99 44 42 54 68 74 90 41 63 59 6 64 33 15 69 75 88 29 100 97 5 
84 14 79 66 46 50 63 2 25 83 5 84 27 37 31 100 96 71 33 93 92 48 69 91 82 74 74 40 67 37 27 60 69 96 72 30 28 8 2 10 5 95 24 9 64 91 78 51 58 7 36 30 9 96 9 0 33 56 49 62 42 75 91 8 72 45 6 15 86 11 82 12 100 74 26 10 79 89 42 45 9 68 32 89 67 80 93 51 35 41 
17 72 14 64 15 5 49 68 92 68 100 80 70 32 75 55 55 20 97 4 44 29 81 32 37 55 67 29 91 80 32 75 9 17 31 30 83 80 39 75 38 25 40 64 84 14 3 50 84 46 5 21 10 56 26 33 0 12 28 67 55 35 38 99 40 4 36 51 85 99 50 10 24 60 41 65 53 85 25 21 69 14 39 48 6 42 35 47 5 62 
31 64 62 79 95 72 23 70 82 91 99 94 31 15 58 55 46 68 38 67 41 48 57 55 48 47 60 25 7 94 65 17 72 69 88 21 90 50 82 57 89 85 55 87 4 32 1 59 24 10 13 2 88 69 58 56 12 0 65 59 49 55 9 88 58 45 90 95 43 92 4 19 3 96 83 55 81 7 27 1 20 18 48 78 11 34 76 15 48 40 
22 10 51 6 15 6 10 21 90 11 77 48 69 40 56 84 78 75 91 97 50 8 25 86 73 24 14 71 9 85 13 51 97 66 92 48 15 3 36 30 8 44 94 89 34 86 97 20 38 3 47 36 5 65 25 49 28 65 0 74 96 94 34 83 52 78 25 46 73 16 1 91 18 97 25 24 29 83 51 29 55 20 28 32 30 62 7 44 9 98 
29 57 98 23 36 100 37 75 14 57 85 87 71 84 74 27 22 83 60 37 43 52 67 37 15 46 65 64 10 83 14 65 98 86 40 84 98 81 56 81 36 20 60 83 1 62 9 83 69 79 82 30 16 4 34 62 67 59 74 0 69 4 44 3 38 47 32 62 44 56 29 44 98 46 92 74 70 20 57 72 100 63 91 28 94 72 41 52 15 49 
67 73 88 88 81 3 95 86 92 37 2 35 42 79 55 29 4 1 17 4 98 17 84 20 68 9 7 58 64 21 41 38 55 6 23 21 64 68 35 81 90 18 1 76 87 70 59 88 9 38 99 81 55 84 60 42 55 49 96 69 0 1 36 4 44 90 41 90 73 55 33 29 83 29 78 81 20 52 2 92 8 25 91 70 15 70 15 38 10 18 
22 55 76 11 65 41 54 63 4 5 65 25 8 87 44 53 88 61 7 96 82 67 11 84 77 69 67 68 9 41 32 7 51 4 46 68 69 4 86 32 43 41 93 13 82 85 61 22 27 86 55 29 43 33 45 75 35 55 94 4 1 0 4 10 18 39 13 62 80 6 51 53 60 36 33 94 64 62 74 35 13 27 26 72 51 69 93 17 38 59 
97 58 4 26 15 93 60 100 96 88 99 67 98 49 37 56 35 98 14 57 37 32 87 83 65 14 6 5 47 1 78 20 51 14 43 39 39 71 18 94 5 78 87 78 85 49 47 45 92 39 88 58 16 65 78 91 38 9 34 44 36 4 0 54 100 76 58 9 94 48 22 7 28 27 57 32 38 44 16 31 7 29 57 42 42 83 19 65 86 39 
64 91 34 86 53 13 47 6 98 100 40 99 76 53 46 6 61 43 35 9 49 95 81 64 48 96 72 11 77 60 42 73 36 14 27 45 49 78 20 31 55 53 16 58 100 68 29 69 3 10 2 61 70 57 35 8 99 88 83 3 4 10 54 0 10 2 29 68 56 28 44 65 36 89 64 9 95 91 87 3 74 24 47 41 7 5 22 63 98 15 
37 80 14 93 65 48 40 96 45 16 98 47 23 1 100 18 28 19 57 48 88 56 97 13 78 67 22 38 71 48 43 3 22 38 69 18 53 90 96 7 14 53 66 30 93 67 8 68 80 10 83 97 49 51 27 72 40 58 52 38 44 18 100 10 0 97 17 79 82 7 88 84 35 8 91 62 3 7 50 91 70 10 37 13 97 39 38 72 37 31 
94 45 44 72 80 45 19 79 85 14 72 12 44 12 87 1 48 10 39 59 19 92 52 21 25 51 91 87 74 47 94 5 93 88 64 33 9 87 69 9 40 78 37 26 97 87 23 72 31 57 7 55 16 69 30 45 4 45 78 47 90 39 76 2 97 0 78 94 52 92 91 66 89 59 44 22 66 84 57 100 43 47 14 45 53 15 87 75 24 23 
49 87 28 67 15 96 35 44 19 11 93 9 11 39 71 29 54 20 18 69 5 30 38 61 49 41 6 22 80 17 3 84 27 77 16 11 7 70 12 39 48 89 36 25 62 51 49 88 56 12 57 68 68 45 15 6 36 90 25 32 41 13 58 29 17 78 0 87 72 13 24 44 2 54 21 95 5 65 85 70 5 96 66 26 61 1 83 12 43 81 
43 77 71 39 35 44 87 24 67 92 24 20 63 71 98 26 17 31 17 85 47 34 76 45 70 70 1 60 54 28 1 44 12 22 96 7 85 64 84 36 69 54 77 48 7 85 67 21 45 77 80 86 61 76 46 15 51 95 46 62 90 62 9 68 79 94 87 0 25 87 86 39 73 60 63 47 46 34 11 21 29 12 75 2 58 31 66 95 53 70 
100 34 24 40 22 95 20 82 53 59 71 12 25 2 2 99 33 68 29 71 58 71 32 59 59 73 64 85 12 73 9 33 8 15 87 2 15 22 22 63 85 70 93 48 26 57 67 81 82 34 42 100 74 83 54 86 85 43 73 44 73 80 94 56 82 52 72 25 0 90 18 95 50 70 29 61 12 10 38 50 95 76 74 54 90 20 51 76 82 71 
25 49 9 89 25 37 10 8 22 13 47 26 21 54 89 20 91 15 96 95 9 1 45 22 6 41 97 80 16 79 80 41 20 26 71 71 86 12 59 28 63 28 74 52 51 98 18 33 29 56 77 64 67 1 99 11 99 92 16 56 55 6 48 28 7 92 13 87 90 0 4 46 97 5 3 28 22 97 80 91 86 49 38 87 18 66 100 81 75 37 
14 45 27 83 2 94 2 80 41 62 12 54 15 71 13 58 22 59 36 47 79 94 54 92 86 5 42 24 20 71 91 36 7 80 37 42 35 54 53 51 28 40 33 4 65 67 82 85 84 55 81 55 53 29 44 82 50 4 1 29 33 51 22 44 88 91 24 86 18 4 0 30 69 64 3 74 54 22 24 81 55 47 36 100 43 41 55 22 14 51 
7 72 39 91 27 7 2 7 78 64 33 13 77 76 79 88 32 41 68 27 81 8 52 26 4 62 72 1 21 65 96 13 6 35 48 97 11 25 95 23 10 50 21 93 44 7 29 90 9 52 16 1 37 68 42 12 10 19 91 44 29 53 7 65 84 66 44 39 95 46 30 0 53 5 89 53 42 27 70 7 26 50 82 62 79 2 26 33 28 31 
30 71 63 45 80 35 65 56 98 19 65 100 87 71 96 29 54 39 2 37 55 42 97 52 33 32 48 86 4 13 39 7 56 54 12 51 12 40 9 51 58 27 45 19 49 7 50 72 20 29 98 99 74 73 54 100 24 3 18 98 83 60 28 36 35 89 2 73 50 97 69 53 0 6 3 11 61 49 46 60 44 38 66 17 52 69 70 8 57 22 
65 81 10 56 83 14 92 78 30 74 70 25 19 22 33 46 11 35 83 1 90 64 65 25 63 10 35 23 72 83 100 10 33 50 58 41 3 92 44 4 71 65 81 18 39 65 63 43 25 20 55 61 63 33 68 74 60 96 97 46 29 36 27 89 8 59 54 60 70 5 64 5 6 0 49 83 44 7 61 45 40 22 76 94 99 8 21 29 14 23 
21 37 76 99 12 15 66 100 6 86 98 52 47 16 7 48 72 71 56 1 68 51 64 7 92 1 75 44 5 13 100 35 48 62 82 59 91 32 45 1 19 71 68 32 100 39 82 2 19 56 90 59 57 99 74 26 41 83 25 92 78 33 57 64 91 44 21 63 29 3 3 89 3 49 0 91 74 24 89 85 67 26 51 35 29 19 4 36 27 78 
5 14 41 62 14 8 96 27 48 24 50 85 45 12 5 79 45 66 86 6 88 47 29 23 18 96 85 29 39 66 59 20 80 100 20 79 49 28 100 45 98 21 38 96 36 71 95 88 3 46 94 99 54 89 90 10 65 55 24 74 81 94 32 9 62 22 95 47 61 28 74 53 11 83 91 0 36 61 21 43 21 17 34 95 92 27 93 100 47 74 
3 93 12 15 75 90 10 38 29 21 36 50 62 43 97 50 83 59 10 1 35 41 17 61 2 86 53 25 52 50 42 71 24 25 5 26 28 36 74 52 96 95 73 32 47 96 76 54 16 84 97 92 86 56 41 79 53 81 29 70 20 64 38 95 3 66 5 46 12 22 54 42 61 44 74 36 0 13 22 16 38 45 4 22 11 82 24 45 10 94 
6 58 5 92 66 89 5 43 15 20 63 79 59 64 64 36 56 66 14 73 58 94 87 96 22 73 71 9 61 99 67 57 97 46 47 92 73 24 68 99 34 99 44 14 31 24 20 66 78 68 18 12 20 73 63 89 85 7 83 20 52 62 44 91 7 84 65 34 10 97 22 27 49 7 24 61 13 0 1 98 20 30 33 33 2 27 5 18 61 99 
3 47 9 25 14 82 96 61 19 65 71 72 15 36 94 46 48 44 73 85 19 83 15 54 21 93 36 7 31 22 47 84 65 2 63 43 9 35 6 2 98 76 83 12 87 21 54 52 93 50 49 8 53 33 59 42 25 27 51 57 2 74 16 87 50 57 85 11 38 80 24 70 46 61 89 21 22 1 0 10 39 44 9 86 69 73 59 84 10 3 
7 53 18 21 14 72 40 27 15 77 23 25 46 35 44 72 20 60 41 42 6 41 89 11 31 15 53 28 90 30 86 42 1 33 4 58 95 18 24 84 59 64 17 61 84 60 57 74 78 75 84 59 80 84 6 45 21 1 29 72 92 35 31 3 91 100 70 21 50 91 81 7 60 45 85 43 16 98 10 0 40 83 65 21 7 61 30 100 61 79 
22 92 15 78 33 7 14 97 43 32 45 67 12 95 55 46 12 98 66 28 8 28 4 91 81 84 64 37 48 15 33 20 16 30 10 88 50 54 51 18 84 22 49 62 19 93 46 88 67 70 54 21 65 74 64 9 69 20 55 100 8 13 7 74 70 43 5 29 95 86 55 26 44 40 67 21 38 20 39 40 0 72 90 64 56 91 90 60 61 2 
99 24 38 15 86 83 73 57 66 45 17 2 56 66 69 68 63 28 93 65 64 93 5 71 53 94 26 10 64 20 57 14 20 35 67 64 19 51 14 66 13 51 16 63 19 70 13 76 21 75 59 29 24 89 33 68 14 18 20 63 25 27 29 24 10 47 96 12 76 49 47 50 38 22 26 17 45 30 44 83 72 0 11 70 41 6 30 78 74 2 
95 17 67 14 100 98 19 45 17 12 42 74 28 41 73 62 77 25 71 37 56 60 62 90 39 87 31 66 85 57 59 12 34 68 3 23 2 11 51 72 49 21 67 29 47 16 10 40 14 75 1 24 75 70 15 32 39 48 28 91 91 26 57 47 37 14 66 75 74 38 36 82 66 76 51 34 4 33 9 65 90 11 0 36 9 63 90 48 45 54 
49 40 63 69 27 84 4 28 44 67 53 36 25 18 91 26 1 49 27 35 48 54 62 77 58 78 94 10 49 47 13 20 19 9 1 3 38 34 76 84 84 59 71 38 83 11 87 90 4 97 80 64 45 14 69 89 48 78 32 28 70 72 42 41 13 45 26 2 54 87 100 62 17 94 35 95 22 33 86 21 64 70 36 0 20 3 14 2 55 27 
32 51 73 34 46 81 43 60 96 43 3 24 79 63 67 81 59 80 46 52 80 69 7 78 93 38 54 66 6 51 39 29 17 84 20 42 59 58 64 41 50 5 28 59 98 81 58 59 18 90 54 100 77 50 75 67 6 11 30 94 15 51 42 7 97 53 61 58 90 18 43 79 52 99 29 92 11 2 69 7 56 41 9 20 0 80 26 68 43 81 
38 58 65 8 28 90 3 63 14 74 8 60 85 89 56 90 3 33 95 98 76 95 34 28 33 40 64 67 98 84 40 38 86 3 56 34 34 52 57 3 93 87 57 19 58 30 13 32 65 76 57 43 50 23 88 80 42 34 62 72 70 69 83 5 39 15 1 31 20 66 41 2 69 8 19 27 82 27 73 61 91 6 63 3 80 0 59 85 92 71 
84 53 93 34 24 85 18 81 20 50 9 20 4 54 21 77 97 20 59 27 92 53 31 19 91 4 67 49 67 35 91 31 87 4 72 85 17 93 77 45 40 5 94 47 46 53 17 92 61 56 67 93 5 9 29 93 35 76 7 41 15 93 19 22 38 87 83 66 51 100 55 26 70 21 4 93 24 5 59 30 90 30 90 14 26 59 0 86 2 40 
49 74 38 98 60 37 92 79 40 62 2 56 100 47 41 36 65 51 43 8 23 49 39 9 81 44 20 94 96 30 70 3 77 53 51 71 93 37 54 16 87 29 67 22 33 46 60 8 53 88 58 72 86 5 100 51 47 15 44 52 38 17 65 63 72 75 12 95 76 81 22 33 8 29 36 100 45 18 84 100 60 78 48 2 68 85 86 0 78 59 
68 73 26 86 74 62 77 84 47 64 58 53 15 3 65 45 100 100 84 16 68 42 90 35 32 38 24 91 4 77 4 54 9 23 95 7 75 2 38 60 81 72 63 5 13 61 13 90 40 37 22 44 89 91 97 35 5 48 9 15 10 38 86 98 37 24 43 53 82 75 14 28 57 14 27 47 10 61 10 61 61 74 45 55 43 92 2 78 0 69 
58 14 44 39 38 42 27 1 61 12 38 19 72 93 76 61 26 46 2 75 41 13 7 57 63 27 80 19 28 19 3 82 35 69 15 32 83 95 64 26 100 48 39 87 32 39 13 63 50 58 14 81 62 74 5 41 62 40 98 49 18 59 39 15 31 23 81 70 71 37 51 31 22 23 78 74 94 99 3 79 2 2 54 27 81 71 40 59 69 0 
