70
0 80 7 17 85 2 71 1 32 82 12 80 99 54 45 18 25 97 58 23 65 70 58 87 77 99 70 37 1 93 21 9 24 28 26 8 81 96 8 12 77 72 43 76 77 39 93 1 36 2 75 100 23 85 38 51 83 59 39 83 51 60 92 74 39 17 82 71 12 41 
80 0 82 40 12 76 67 88 67 11 40 54 13 15 5 87 99 42 38 81 1 76 16 3 87 7 77 25 75 10 95 38 2 28 77 66 56 44 5 22 54 45 75 18 59 79 5 9 72 94 41 24 69 56 27 8 14 55 32 88 16 79 77 17 58 54 82 13 97 87 
7 82 0 86 2 83 60 20 93 90 76 1 14 21 93 37 41 1 15 48 66 69 80 54 36 10 82 5 67 35 38 80 83 24 65 85 58 77 56 50 18 83 2 31 3 47 20 43 47 34 91 12 55 22 17 90 31 99 94 97 85 32 28 68 7 45 52 17 21 59 
17 40 86 0 66 90 41 20 21 43 66 92 37 64 25 27 75 31 100 44 21 30 42 66 79 26 49 6 45 8 2 48 24 22 6 89 64 98 60 36 92 25 27 29 40 3 7 15 34 7 10 54 88 3 71 66 80 20 24 25 27 25 72 2 99 30 90 62 27 2 
85 12 2 66 0 97 19 78 75 47 18 77 5 84 10 11 93 15 99 95 86 64 74 57 39 50 35 64 22 36 62 51 77 23 77 78 71 47 8 45 45 25 21 50 60 83 60 52 97 10 98 34 26 23 42 64 73 76 27 94 63 40 96 40 62 24 69 84 71 76 
2 76 83 90 97 0 28 15 52 1 16 11 35 28 62 83 37 11 17 62 34 10 78 6 86 4 51 100 44 98 39 57 21 8 41 43 35 20 10 87 72 25 49 6 52 11 89 41 21 57 54 6 66 31 11 3 87 13 3 30 10 41 38 31 100 30 25 87 2 34 
71 67 60 41 19 28 0 25 73 11 73 31 14 35 19 54 8 27 8 13 92 38 24 95 76 88 49 57 98 41 95 80 93 76 4 79 77 90 3 50 100 27 32 13 62 50 19 69 76 26 81 19 15 56 65 91 44 13 47 93 54 93 72 46 69 75 76 97 16 30 
1 88 20 20 78 15 25 0 46 15 56 29 80 17 78 98 37 5 75 70 24 41 77 88 83 72 53 82 64 6 74 87 51 94 14 26 91 29 55 88 44 62 17 23 31 46 72 67 51 46 88 26 86 65 65 69 88 17 50 52 74 75 38 76 69 51 53 11 80 59 
32 67 93 21 75 52 73 46 0 98 75 21 66 49 51 12 20 69 14 65 57 39 2 73 55 22 60 24 71 11 97 46 1 73 66 3 77 76 34 36 25 8 56 91 56 58 2 27 26 15 43 82 5 45 6 11 18 66 34 89 76 83 86 28 7 3 31 83 78 16 
82 11 90 43 47 1 11 15 98 0 18 54 24 25 44 31 82 45 10 60 11 52 93 67 48 99 78 66 64 63 6 91 45 91 19 3 93 1 38 22 68 55 75 91 32 71 74 65 67 83 24 78 86 17 96 34 15 25 99 78 88 4 20 84 46 38 87 90 90 24 
12 40 76 66 18 16 73 56 75 18 0 63 58 30 89 100 13 59 25 78 26 7 1 55 93 17 50 78 31 75 28 60 14 83 80 97 80 69 35 69 11 10 31 20 92 19 19 4 78 44 81 55 2 82 9 46 50 10 75 33 84 2 92 97 84 23 46 63 44 80 
80 54 1 92 77 11 31 29 21 54 63 0 83 54 90 65 73 33 84 43 36 13 38 17 19 40 50 27 37 99 36 12 31 72 13 75 20 49 49 65 63 92 97 98 97 38 62 69 70 97 64 5 61 1 73 79 40 22 57 29 73 45 40 55 16 4 29 87 4 30 
99 13 14 37 5 35 14 80 66 24 58 83 0 4 67 73 100 16 70 89 77 90 58 74 53 14 34 54 87 65 45 60 21 73 32 65 64 87 32 68 67 19 71 48 74 89 21 25 4 90 13 33 31 22 6 84 35 91 89 73 7 85 85 28 58 16 44 21 54 76 
54 15 21 64 84 28 35 17 49 25 30 54 4 0 40 73 46 11 20 71 51 40 95 55 81 7 39 12 28 44 47 14 86 87 87 93 71 71 72 80 38 15 1 44 42 92 16 39 2 87 9 53 79 3 59 59 61 97 22 88 92 20 2 29 58 40 73 29 62 44 
45 5 93 25 10 62 19 78 51 44 89 90 67 40 0 8 99 11 60 42 52 52 9 43 5 96 51 9 74 6 19 84 66 67 58 6 10 29 7 39 87 46 63 15 7 7 74 57 69 86 51 72 89 11 14 45 6 17 54 31 22 24 67 39 91 76 44 100 4 50 
18 87 37 27 11 83 54 98 12 31 100 65 73 73 8 0 90 90 47 53 56 5 11 30 14 79 67 64 50 55 74 64 51 32 32 4 14 53 28 32 43 70 7 87 21 11 88 11 100 87 15 8 91 25 89 4 3 55 19 4 61 93 67 11 76 98 67 89 2 46 
25 99 41 75 93 37 8 37 20 82 13 73 100 46 99 90 0 21 45 15 27 83 35 89 70 97 41 56 11 48 99 87 36 54 89 90 73 45 2 65 63 64 92 61 30 80 14 75 52 10 41 31 92 28 19 14 24 59 21 87 6 19 73 93 73 14 34 97 58 35 
97 42 1 31 15 11 27 5 69 45 59 33 16 11 11 90 21 0 13 20 99 4 32 80 83 98 7 87 59 47 17 3 74 87 16 50 46 36 88 3 7 12 48 31 77 81 27 86 68 39 6 18 42 89 97 76 38 3 14 97 2 82 99 27 69 66 28 66 53 15 
58 38 15 100 99 17 8 75 14 10 25 84 70 20 60 47 45 13 0 68 11 79 67 41 55 48 19 41 15 9 98 84 50 38 80 78 76 35 43 24 88 25 74 14 93 39 94 58 43 60 77 54 38 44 46 93 43 65 85 9 73 82 92 75 71 23 4 46 9 46 
23 81 48 44 95 62 13 70 65 60 78 43 89 71 42 53 15 20 68 0 21 96 70 94 62 14 84 55 71 27 66 100 32 4 95 77 48 37 41 32 45 66 65 88 40 35 10 43 33 19 40 5 66 62 99 79 75 34 85 98 60 51 97 91 54 91 20 53 79 60 
65 1 66 21 86 34 92 24 57 11 26 36 77 51 52 56 27 99 11 21 0 36 75 25 100 62 16 86 23 10 70 93 50 75 59 63 25 37 37 58 74 34 70 24 82 12 29 24 31 81 2 43 16 28 67 67 89 35 4 64 44 26 56 45 100 14 7 76 3 96 
70 76 69 30 64 10 38 41 39 52 7 13 90 40 52 5 83 4 79 96 36 0 33 76 81 54 51 63 66 79 38 48 59 92 90 26 19 9 92 60 43 47 23 86 72 78 83 23 44 89 98 98 36 83 25 17 36 75 79 53 53 16 1 63 59 90 88 78 98 31 
58 16 80 42 74 78 24 77 2 93 1 38 58 95 9 11 35 32 67 70 75 33 0 37 40 29 11 78 1 88 12 23 83 52 73 80 88 55 56 4 42 30 34 95 34 1 95 96 60 36 35 89 86 17 25 77 46 87 54 98 74 17 20 9 69 44 40 56 98 96 
87 3 54 66 57 6 95 88 73 67 55 17 74 55 43 30 89 80 41 94 25 76 37 0 11 40 77 44 34 11 44 80 58 55 67 93 43 52 61 19 29 6 5 34 3 31 51 75 39 19 18 78 26 68 73 36 7 50 31 92 12 26 23 69 81 89 13 75 41 26 
77 87 36 79 39 86 76 83 55 48 93 19 53 81 5 14 70 83 55 62 100 81 40 11 0 94 21 31 98 54 86 80 4 60 18 74 29 48 99 96 72 86 54 73 68 97 84 94 19 5 26 60 69 100 52 94 45 72 77 95 77 62 74 81 73 44 6 53 91 57 
99 7 10 26 50 4 88 72 22 99 17 40 14 7 96 79 97 98 48 14 62 54 29 40 94 0 1 62 94 54 87 62 3 22 7 21 26 84 32 47 83 83 92 80 6 68 74 83 81 47 15 5 90 20 58 32 28 10 46 22 63 32 83 17 53 41 38 31 24 21 
70 77 82 49 35 51 49 53 60 78 50 50 34 39 51 67 41 7 19 84 16 51 11 77 21 1 0 77 58 56 20 37 61 88 10 95 20 9 61 25 50 81 34 34 60 95 79 81 57 10 15 74 14 55 63 44 78 35 72 36 90 92 24 3 31 86 97 50 94 58 
37 25 5 6 64 100 57 82 24 66 78 27 54 12 9 64 56 87 41 55 86 63 78 44 31 62 77 0 26 95 90 11 28 49 5 58 82 14 19 96 39 33 51 53 28 80 87 52 15 77 43 39 79 25 76 27 74 69 36 52 15 25 62 95 26 19 52 7 32 23 
1 75 67 45 22 44 98 64 71 64 31 37 87 28 74 50 11 59 15 71 23 66 1 34 98 94 58 26 0 2 70 55 4 22 34 84 60 85 98 88 79 88 66 3 63 45 29 83 80 80 50 57 93 44 82 11 47 40 42 69 41 63 75 45 36 61 80 96 45 77 
93 10 35 8 36 98 41 6 11 63 75 99 65 44 6 55 48 47 9 27 10 79 88 11 54 54 56 95 2 0 83 24 17 1 78 31 45 6 66 76 85 15 32 78 10 13 88 8 52 82 29 45 44 55 41 80 15 20 27 12 48 61 35 16 61 12 47 57 70 64 
21 95 38 2 62 39 95 74 97 6 28 36 45 47 19 74 99 17 98 66 70 38 12 44 86 87 20 90 70 83 0 33 54 30 64 83 39 29 23 98 32 4 78 76 99 33 16 30 99 87 56 10 35 17 44 50 29 8 48 86 29 11 18 82 40 33 17 30 13 39 
9 38 80 48 51 57 80 87 46 91 60 12 60 14 84 64 87 3 84 100 93 48 23 80 80 62 37 11 55 24 33 0 28 45 94 57 20 92 89 88 22 40 74 77 49 60 45 45 10 74 4 57 59 32 68 28 65 59 12 81 89 25 19 68 69 12 24 40 56 65 
24 2 83 24 77 21 93 51 1 45 14 31 21 86 66 51 36 74 50 32 50 59 83 58 4 3 61 28 4 17 54 28 0 79 77 4 53 5 4 64 50 48 73 75 51 82 85 34 49 12 99 59 75 79 47 99 50 14 19 13 90 59 68 6 37 96 61 41 1 64 
28 28 24 22 23 8 76 94 73 91 83 72 73 87 67 32 54 87 38 4 75 92 52 55 60 22 88 49 22 1 30 45 79 0 5 2 64 29 76 66 10 60 100 10 23 98 69 97 76 15 96 77 81 66 90 22 24 57 27 13 53 39 5 5 2 61 6 65 90 81 
26 77 65 6 77 41 4 14 66 19 80 13 32 87 58 32 89 16 80 95 59 90 73 67 18 7 10 5 34 78 64 94 77 5 0 31 99 92 82 61 14 79 29 62 6 95 57 83 75 75 24 48 98 80 26 62 84 64 19 88 66 79 45 82 20 77 64 71 68 45 
8 66 85 89 78 43 79 26 3 3 97 75 65 93 6 4 90 50 78 77 63 26 80 93 74 21 95 58 84 31 83 57 4 2 31 0 31 33 75 59 95 33 53 3 67 80 77 90 79 27 69 5 40 5 68 58 44 33 37 89 67 8 65 82 78 33 27 8 17 53 
81 56 58 64 71 35 77 91 77 93 80 20 64 71 10 14 73 46 76 48 25 19 88 43 29 26 20 82 60 45 39 20 53 64 99 31 0 18 11 85 23 14 51 54 42 92 32 68 61 36 8 17 4 65 60 88 53 48 6 61 65 88 38 97 14 98 13 18 15 76 
96 44 77 98 47 20 90 29 76 1 69 49 87 71 29 53 45 36 35 37 37 9 55 52 48 84 9 14 85 6 29 92 5 29 92 33 18 0 55 89 41 5 42 82 97 74 50 9 61 9 77 64 73 36 4 78 36 9 90 100 96 27 48 61 76 12 79 43 87 85 
8 5 56 60 8 10 3 55 34 38 35 49 32 72 7 28 2 88 43 41 37 92 56 61 99 32 61 19 98 66 23 89 4 76 82 75 11 55 0 31 27 89 25 61 37 50 10 97 10 18 25 26 42 61 29 19 48 37 8 47 85 87 46 45 14 57 75 56 96 59 
12 22 50 36 45 87 50 88 36 22 69 65 68 80 39 32 65 3 24 32 58 60 4 19 96 47 25 96 88 76 98 88 64 66 61 59 85 89 31 0 39 74 100 63 34 88 12 95 37 73 12 61 98 6 73 26 76 20 15 36 18 99 74 15 95 87 72 22 95 19 
77 54 18 92 45 72 100 44 25 68 11 63 67 38 87 43 63 7 88 45 74 43 42 29 72 83 50 39 79 85 32 22 50 10 14 95 23 41 27 39 0 32 85 92 83 47 78 23 10 72 59 82 36 71 32 41 44 57 68 15 23 3 85 73 28 99 68 15 22 41 
72 45 83 25 25 25 27 62 8 55 10 92 19 15 46 70 64 12 25 66 34 47 30 6 86 83 81 33 88 15 4 40 48 60 79 33 14 5 89 74 32 0 61 40 24 45 84 59 43 13 81 4 36 91 37 71 61 68 63 56 25 31 71 47 85 7 20 13 5 39 
43 75 2 27 21 49 32 17 56 75 31 97 71 1 63 7 92 48 74 65 70 23 34 5 54 92 34 51 66 32 78 74 73 100 29 53 51 42 25 100 85 61 0 79 79 31 91 70 54 35 5 64 77 17 44 80 53 34 16 23 47 36 38 2 60 20 24 58 56 30 
76 18 31 29 50 6 13 23 91 91 20 98 48 44 15 87 61 31 14 88 24 86 95 34 73 80 34 53 3 78 76 77 75 10 62 3 54 82 61 63 92 40 79 0 29 20 87 19 98 65 49 88 34 55 74 39 18 2 55 14 33 59 99 1 34 45 36 71 99 95 
77 59 3 40 60 52 62 31 56 32 92 97 74 42 7 21 30 77 93 40 82 72 34 3 68 6 60 28 63 10 99 49 51 23 6 67 42 97 37 34 83 24 79 29 0 42 74 4 97 56 33 17 42 3 66 6 52 54 91 58 79 29 27 81 36 40 13 94 39 13 
39 79 47 3 83 11 50 46 58 71 19 38 89 92 7 11 80 81 39 35 12 78 1 31 97 68 95 80 45 13 33 60 82 98 95 80 92 74 50 88 47 45 31 20 42 0 79 35 48 1 85 94 42 59 50 39 14 34 7 7 36 72 64 39 77 54 96 56 35 75 
93 5 20 7 60 89 19 72 2 74 19 62 21 16 74 88 14 27 94 10 29 83 95 51 84 74 79 87 29 88 16 45 85 69 57 77 32 50 10 12 78 84 91 87 74 79 0 36 70 66 48 15 56 13 46 91 12 46 27 6 88 85 55 78 50 88 84 56 75 55 
1 9 43 15 52 41 69 67 27 65 4 69 25 39 57 11 75 86 58 43 24 23 96 75 94 83 81 52 83 8 30 45 34 97 83 90 68 9 97 95 23 59 70 19 4 35 36 0 19 14 32 25 61 39 59 35 74 28 1 73 94 56 85 39 98 49 37 25 54 24 
36 72 47 34 97 21 76 51 26 67 78 70 4 2 69 100 52 68 43 33 31 44 60 39 19 81 57 15 80 52 99 10 49 76 75 79 61 61 10 37 10 43 54 98 97 48 70 19 0 61 60 1 11 99 36 18 73 42 89 86 73 13 47 63 71 33 36 50 85 61 
2 94 34 7 10 57 26 46 15 83 44 97 90 87 86 87 10 39 60 19 81 89 36 19 5 47 10 77 80 82 87 74 12 15 75 27 36 9 18 73 72 13 35 65 56 1 66 14 61 0 95 41 97 34 90 45 70 66 98 45 27 9 97 89 7 32 58 80 73 46 
75 41 91 10 98 54 81 88 43 24 81 64 13 9 51 15 41 6 77 40 2 98 35 18 26 15 15 43 50 29 56 4 99 96 24 69 8 77 25 12 59 81 5 49 33 85 48 32 60 95 0 65 98 58 63 60 28 96 48 29 80 8 24 72 4 9 14 49 78 79 
100 24 12 54 34 6 19 26 82 78 55 5 33 53 72 8 31 18 54 5 43 98 89 78 60 5 74 39 57 45 10 57 59 77 48 5 17 64 26 61 82 4 64 88 17 94 15 25 1 41 65 0 98 74 57 7 70 97 13 53 55 92 77 52 9 26 10 71 38 89 
23 69 55 88 26 66 15 86 5 86 2 61 31 79 89 91 92 42 38 66 16 36 86 26 69 90 14 79 93 44 35 59 75 81 98 40 4 73 42 98 36 36 77 34 42 42 56 61 11 97 98 98 0 18 85 18 50 44 41 73 47 49 38 47 78 17 45 3 25 51 
85 56 22 3 23 31 56 65 45 17 82 1 22 3 11 25 28 89 44 62 28 83 17 68 100 20 55 25 44 55 17 32 79 66 80 5 65 36 61 6 71 91 17 55 3 59 13 39 99 34 58 74 18 0 24 22 15 76 28 7 4 79 67 30 40 89 67 29 7 3 
38 27 17 71 42 11 65 65 6 96 9 73 6 59 14 89 19 97 46 99 67 25 25 73 52 58 63 76 82 41 44 68 47 90 26 68 60 4 29 73 32 37 44 74 66 50 46 59 36 90 63 57 85 24 0 98 8 46 90 32 92 90 70 91 67 38 35 21 62 37 
51 8 90 66 64 3 91 69 11 34 46 79 84 59 45 4 14 76 93 79 67 17 77 36 94 32 44 27 11 80 50 28 99 22 62 58 88 78 19 26 41 71 80 39 6 39 91 35 18 45 60 7 18 22 98 0 44 35 51 19 62 57 74 93 75 3 32 64 21 60 
83 14 31 80 73 87 44 88 18 15 50 40 35 61 6 3 24 38 43 75 89 36 46 7 45 28 78 74 47 15 29 65 50 24 84 44 53 36 48 76 44 61 53 18 52 14 12 74 73 70 28 70 50 15 8 44 0 70 23 9 29 68 98 60 12 87 29 2 5 66 
59 55 99 20 76 13 13 17 66 25 10 22 91 97 17 55 59 3 65 34 35 75 87 50 72 10 35 69 40 20 8 59 14 57 64 33 48 9 37 20 57 68 34 2 54 34 46 28 42 66 96 97 44 76 46 35 70 0 36 25 80 24 20 14 74 90 28 83 64 20 
39 32 94 24 27 3 47 50 34 99 75 57 89 22 54 19 21 14 85 85 4 79 54 31 77 46 72 36 42 27 48 12 19 27 19 37 6 90 8 15 68 63 16 55 91 7 27 1 89 98 48 13 41 28 90 51 23 36 0 57 66 51 20 87 63 41 61 23 69 29 
83 88 97 25 94 30 93 52 89 78 33 29 73 88 31 4 87 97 9 98 64 53 98 92 95 22 36 52 69 12 86 81 13 13 88 89 61 100 47 36 15 56 23 14 58 7 6 73 86 45 29 53 73 7 32 19 9 25 57 0 21 81 40 7 9 93 64 27 80 40 
51 16 85 27 63 10 54 74 76 88 84 73 7 92 22 61 6 2 73 60 44 53 74 12 77 63 90 15 41 48 29 89 90 53 66 67 65 96 85 18 23 25 47 33 79 36 88 94 73 27 80 55 47 4 92 62 29 80 66 21 0 58 3 60 71 76 49 50 58 12 
60 79 32 25 40 41 93 75 83 4 2 45 85 20 24 93 19 82 82 51 26 16 17 26 62 32 92 25 63 61 11 25 59 39 79 8 88 27 87 99 3 31 36 59 29 72 85 56 13 9 8 92 49 79 90 57 68 24 51 81 58 0 69 67 30 72 86 68 86 27 
92 77 28 72 96 38 72 38 86 20 92 40 85 2 67 67 73 99 92 97 56 1 20 23 74 83 24 62 75 35 18 19 68 5 45 65 38 48 46 74 85 71 38 99 27 64 55 85 47 97 24 77 38 67 70 74 98 20 20 40 3 69 0 28 8 47 56 80 27 47 
74 17 68 2 40 31 46 76 28 84 97 55 28 29 39 11 93 27 75 91 45 63 9 69 81 17 3 95 45 16 82 68 6 5 82 82 97 61 45 15 73 47 2 1 81 39 78 39 63 89 72 52 47 30 91 93 60 14 87 7 60 67 28 0 39 88 39 2 66 18 
39 58 7 99 62 100 69 69 7 46 84 16 58 58 91 76 73 69 71 54 100 59 69 81 73 53 31 26 36 61 40 69 37 2 20 78 14 76 14 95 28 85 60 34 36 77 50 98 71 7 4 9 78 40 67 75 12 74 63 9 71 30 8 39 0 41 23 72 52 45 
17 54 45 30 24 30 75 51 3 38 23 4 16 40 76 98 14 66 23 91 14 90 44 89 44 41 86 19 61 12 33 12 96 61 77 33 98 12 57 87 99 7 20 45 40 54 88 49 33 32 9 26 17 89 38 3 87 90 41 93 76 72 47 88 41 0 48 1 95 57 
82 82 52 90 69 25 76 53 31 87 46 29 44 73 44 67 34 28 4 20 7 88 40 13 6 38 97 52 80 47 17 24 61 6 64 27 13 79 75 72 68 20 24 36 13 96 84 37 36 58 14 10 45 67 35 32 29 28 61 64 49 86 56 39 23 48 0 64 15 75 
71 13 17 62 84 87 97 11 83 90 63 87 21 29 100 89 97 66 46 53 76 78 56 75 53 31 50 7 96 57 30 40 41 65 71 8 18 43 56 22 15 13 58 71 94 56 56 25 50 80 49 71 3 29 21 64 2 83 23 27 50 68 80 2 72 1 64 0 93 38 
12 97 21 27 71 2 16 80 78 90 44 4 54 62 4 2 58 53 9 79 3 98 98 41 91 24 94 32 45 70 13 56 1 90 68 17 15 87 96 95 22 5 56 99 39 35 75 54 85 73 78 38 25 7 62 21 5 64 69 80 58 86 27 66 52 95 15 93 0 61 
41 87 59 2 76 34 30 59 16 24 80 30 76 44 50 46 35 15 46 60 96 31 96 26 57 21 58 23 77 64 39 65 64 81 45 53 76 85 59 19 41 39 30 95 13 75 55 24 61 46 79 89 51 3 37 60 66 20 29 40 12 27 47 18 45 57 75 38 61 0 
