100
0 580 584 487 482 734 736 281 14 150 548 501 261 961 317 88 606 619 658 641 870 232 93 985 103 247 274 237 515 244 225 774 175 160 260 8 245 347 288 258 848 835 111 108 147 427 547 753 46 556 393 915 787 837 899 890 435 524 478 949 119 55 74 293 214 685 300 459 31 939 68 879 774 530 338 920 957 885 24 354 440 417 268 227 605 518 468 392 393 297 340 512 351 414 804 917 450 456 727 481 
580 0 394 146 359 167 676 48 439 632 932 462 985 724 230 604 950 187 473 769 578 865 65 269 376 768 34 532 36 484 987 762 964 380 259 674 899 934 721 337 917 5 798 253 728 380 856 29 566 328 797 495 545 213 763 920 332 797 451 367 632 789 480 595 169 739 620 67 672 692 755 941 696 904 193 775 283 401 803 200 80 951 694 624 516 457 896 847 605 698 214 236 487 693 182 655 783 153 73 455 
584 394 0 844 827 395 892 730 939 666 13 339 821 212 419 771 258 394 286 714 289 485 670 987 698 905 473 742 438 479 525 590 551 331 433 729 77 324 810 15 342 822 354 162 386 124 284 995 517 922 60 806 406 729 144 455 985 968 196 422 446 72 11 348 402 795 428 478 471 237 845 812 411 550 325 148 673 960 142 541 233 201 698 638 929 841 444 265 808 992 686 605 63 696 304 817 490 83 646 312 
487 146 844 0 320 490 123 730 39 799 877 63 759 370 604 991 570 301 981 850 494 776 114 653 767 799 610 830 846 913 646 687 348 291 999 667 133 473 748 171 272 976 234 382 345 189 724 914 841 56 115 334 832 580 339 598 378 948 779 575 212 776 613 559 419 963 225 551 436 324 73 59 299 658 792 643 846 515 908 687 923 22 372 106 601 710 55 330 9 834 256 221 961 221 131 379 183 356 281 618 
482 359 827 320 0 31 354 28 330 11 819 972 209 686 232 247 608 253 970 65 206 680 119 887 40 952 495 260 913 715 391 643 897 98 924 867 128 277 894 809 639 713 781 847 750 12 445 357 616 415 421 173 446 891 412 485 843 906 745 107 972 487 749 220 936 672 86 415 300 332 224 939 396 356 137 145 367 582 853 334 996 273 859 441 515 270 925 357 527 21 815 850 859 564 69 794 587 507 561 887 
734 167 395 490 31 0 838 784 177 233 139 313 377 857 894 229 190 241 853 400 681 367 21 958 76 547 330 890 748 189 453 817 334 40 675 894 278 512 29 454 96 167 766 472 23 12 52 565 252 904 316 285 622 337 242 697 235 923 939 983 463 391 151 797 782 825 42 411 688 423 864 783 589 982 606 964 993 657 880 244 912 195 880 885 531 121 934 118 44 872 100 506 614 602 654 748 426 48 158 465 
736 676 892 123 354 838 0 470 22 247 410 355 204 725 347 212 604 942 123 151 174 359 33 294 292 150 689 163 601 547 777 202 552 524 979 599 681 443 420 54 41 830 760 244 906 458 455 510 752 929 12 925 288 44 218 931 194 259 94 794 157 222 996 708 745 326 659 777 769 430 183 161 611 942 757 517 752 563 378 503 492 389 427 131 432 996 61 977 606 506 771 762 727 118 822 823 443 832 952 563 
281 48 730 730 28 784 470 0 261 134 724 872 427 480 740 530 42 117 32 885 505 458 367 288 806 780 265 411 285 35 525 12 504 346 186 298 177 137 861 789 622 936 660 401 767 751 930 160 867 962 45 723 771 763 11 928 542 275 339 827 661 863 190 516 560 375 813 736 864 673 524 485 960 536 885 726 286 167 886 505 128 282 579 250 396 589 178 938 215 868 116 227 82 657 742 641 383 555 728 246 
14 439 939 39 330 177 22 261 0 579 603 83 891 138 319 616 776 485 853 632 612 486 210 214 882 151 391 171 365 610 638 944 691 294 685 331 676 239 58 274 170 660 356 60 150 674 27 277 159 880 908 122 717 469 335 598 619 77 120 336 686 757 279 376 50 963 58 78 554 467 351 75 479 58 486 980 83 512 256 241 743 515 715 460 983 49 409 954 478 529 641 163 637 919 891 39 233 948 116 138 
150 632 666 799 11 233 247 134 579 0 767 818 564 245 875 49 224 957 561 831 550 655 345 264 466 679 664 875 984 141 755 624 304 391 894 194 781 479 493 896 616 259 65 180 855 939 580 430 248 492 260 149 147 956 412 612 987 75 838 970 216 592 946 871 335 839 416 115 669 260 363 285 871 427 816 725 718 395 507 965 887 766 113 385 74 876 996 60 302 186 381 869 777 678 739 463 869 506 930 537 
548 932 13 877 819 139 410 724 603 767 0 766 292 821 988 718 988 712 787 735 218 751 973 336 215 357 409 442 704 820 744 241 552 612 18 230 703 832 98 560 761 634 325 404 807 312 474 146 376 260 880 945 363 204 280 929 912 40 371 616 211 466 208 763 77 225 992 131 409 441 691 521 426 367 925 232 31 750 730 758 9 609 702 371 165 334 300 76 725 22 43 936 487 251 698 915 827 41 46 235 
501 462 339 63 972 313 355 872 83 818 766 0 481 88 756 906 454 32 490 836 781 219 593 141 179 295 512 343 980 163 419 704 536 813 639 22 63 688 936 890 80 333 124 560 420 231 818 226 614 307 61 746 877 654 887 407 300 750 750 279 912 520 982 799 332 973 820 395 12 107 636 92 440 111 3 211 342 820 436 307 478 849 53 354 502 939 113 153 688 862 431 951 733 764 749 416 88 920 162 100 
261 985 821 759 209 377 204 427 891 564 292 481 0 26 797 543 817 908 545 28 601 717 815 907 194 663 311 900 516 601 12 668 288 225 450 590 309 214 690 724 653 609 886 104 987 34 646 803 941 543 830 893 259 645 152 804 659 462 55 175 63 66 194 702 642 644 644 950 209 333 26 861 294 911 965 280 944 962 434 237 504 616 129 762 260 280 918 270 94 972 444 508 38 990 209 31 633 204 333 841 
961 724 212 370 686 857 725 480 138 245 821 88 26 0 889 358 701 182 268 17 813 563 979 598 151 482 213 632 596 824 263 513 94 356 484 889 863 873 878 424 904 510 979 236 350 867 593 403 400 212 419 564 126 397 162 629 231 374 260 826 198 522 338 291 230 173 179 92 46 409 867 301 918 846 536 620 64 480 374 464 43 144 27 520 541 188 148 123 562 407 948 759 929 637 401 158 809 931 601 854 
317 230 419 604 232 894 347 740 319 875 988 756 797 889 0 339 820 154 609 17 41 228 80 872 953 895 914 96 922 434 988 461 581 110 22 988 57 132 268 45 532 777 854 815 729 59 153 548 565 761 916 605 340 996 477 644 242 742 740 163 175 727 624 108 837 997 447 245 129 66 290 12 842 143 178 922 553 331 470 117 443 737 74 135 84 902 778 326 643 517 488 170 596 463 629 432 460 75 28 940 
88 604 771 991 247 229 212 530 616 49 718 906 543 358 339 0 492 317 303 685 811 481 606 716 811 427 832 605 164 905 739 247 806 869 572 801 385 412 322 332 874 950 115 685 376 143 624 867 811 927 551 974 407 156 689 569 583 520 173 746 777 264 344 934 132 268 734 868 679 55 200 904 356 314 589 731 808 212 597 619 490 499 592 896 655 280 464 589 151 989 686 927 252 29 213 383 296 946 250 326 
606 950 258 570 608 190 604 42 776 224 988 454 817 701 820 492 0 353 801 230 708 115 818 791 922 381 739 892 871 238 483 766 892 114 582 480 265 570 165 543 821 545 755 203 841 53 804 518 757 605 747 816 719 564 606 992 945 345 884 167 582 718 932 825 832 513 656 448 82 172 990 254 716 745 456 908 149 612 426 905 216 524 720 286 88 326 277 384 22 512 550 603 230 833 779 413 698 434 860 779 
619 187 394 301 253 241 942 117 485 957 712 32 908 182 154 317 353 0 957 849 33 672 945 840 932 93 451 709 997 18 232 717 303 671 394 932 406 415 795 955 369 24 140 147 788 837 932 647 967 888 496 999 911 792 191 842 885 993 902 233 363 134 949 665 156 694 948 562 108 743 868 476 118 7 622 258 843 905 904 810 792 399 160 703 543 702 896 427 695 798 11 57 283 312 73 790 5 373 351 113 
658 473 286 981 970 853 123 32 853 561 787 490 545 268 609 303 801 957 0 467 219 940 936 577 914 193 772 818 97 581 610 847 92 312 389 794 559 167 840 356 178 248 990 489 672 780 493 396 130 957 862 700 897 150 629 162 342 400 979 438 332 588 637 423 251 377 568 810 544 759 517 73 358 507 561 382 638 405 777 767 714 639 819 962 788 799 123 481 198 101 271 529 41 907 303 643 283 871 804 178 
641 769 714 850 65 400 151 885 632 831 735 836 28 17 17 685 230 849 467 0 981 321 250 339 179 162 720 816 919 848 934 632 486 104 593 625 902 67 106 99 519 728 979 559 634 282 554 268 504 357 798 836 29 399 174 207 561 245 22 479 93 308 462 930 411 406 907 313 472 364 411 990 91 742 901 724 23 806 343 878 162 140 713 191 539 239 749 451 483 771 281 927 78 742 209 840 147 115 152 970 
870 578 289 494 206 681 174 505 612 550 218 781 601 813 41 811 708 33 219 981 0 478 915 959 568 656 211 643 30 16 337 907 530 829 971 720 367 209 468 169 44 590 449 970 19 190 178 859 688 644 362 657 121 628 967 40 635 178 682 664 545 371 922 74 199 893 793 917 101 613 85 496 554 533 466 573 74 995 783 113 639 496 769 111 124 87 503 758 264 536 422 809 906 695 234 104 939 27 20 392 
232 865 485 776 680 367 359 458 486 655 751 219 717 563 228 481 115 672 940 321 478 0 991 104 887 544 988 352 468 413 699 250 525 689 98 645 151 221 84 653 978 347 189 751 507 94 446 93 198 384 119 217 775 461 673 14 356 12 365 824 425 415 425 301 103 522 298 606 742 381 258 72 79 446 822 938 540 619 30 89 355 500 657 481 312 681 494 667 693 211 490 469 625 267 121 80 140 418 685 882 
93 65 670 114 119 21 33 367 210 345 973 593 815 979 80 606 818 945 936 250 915 991 0 150 942 305 581 740 478 870 631 449 251 719 803 102 727 635 413 408 129 431 100 691 273 568 667 539 688 746 678 458 782 911 959 76 215 539 167 45 760 797 493 10 867 295 463 593 281 875 1000 409 306 99 451 930 18 118 468 706 215 497 515 997 408 473 424 974 364 590 18 475 738 510 837 604 156 299 196 437 
985 269 987 653 887 958 294 288 214 264 336 141 907 598 872 716 791 840 577 339 959 104 150 0 526 196 197 183 646 648 112 664 765 579 721 979 427 235 327 834 59 102 160 422 43 177 249 780 39 85 383 546 383 931 982 260 126 531 442 771 178 553 786 294 483 506 624 910 740 303 95 799 404 606 572 799 783 172 578 173 256 313 718 991 243 52 250 720 582 44 842 759 596 628 404 431 133 27 692 225 
103 376 698 767 40 76 292 806 882 466 215 179 194 151 953 811 922 932 914 179 568 887 942 526 0 329 138 375 85 744 298 883 878 470 812 50 77 124 119 67 718 522 669 437 103 712 631 213 659 610 616 441 94 995 132 318 675 622 44 759 365 694 993 242 515 805 643 591 928 113 10 998 635 30 786 89 741 416 302 751 25 269 192 471 615 675 788 290 296 184 48 660 877 41 253 743 197 247 333 124 
247 768 905 799 952 547 150 780 151 679 357 295 663 482 895 427 381 93 193 162 656 544 305 196 329 0 360 694 473 346 723 259 434 815 674 87 918 51 708 109 521 322 135 660 611 431 195 11 442 423 403 47 165 599 293 498 74 4 543 547 349 266 157 135 432 182 221 349 232 928 809 104 602 944 116 564 726 310 926 167 733 328 565 897 278 858 746 704 213 289 602 562 906 758 696 689 939 268 38 523 
274 34 473 610 495 330 689 265 391 664 409 512 311 213 914 832 739 451 772 720 211 988 581 197 138 360 0 548 846 626 149 141 93 712 866 403 990 33 487 317 949 383 947 158 481 650 371 121 251 284 378 360 979 66 298 598 103 820 145 301 798 293 441 890 357 307 292 346 691 130 14 639 865 960 797 345 961 519 465 563 802 194 922 132 259 572 729 714 391 874 14 188 518 806 430 874 112 721 571 154 
237 532 742 830 260 890 163 411 171 875 442 343 900 632 96 605 892 709 818 816 643 352 740 183 375 694 548 0 203 585 145 67 896 293 411 209 811 227 123 612 420 45 743 30 968 823 743 358 696 108 898 214 914 327 439 377 399 10 883 601 946 27 667 193 319 429 401 481 7 876 444 426 272 538 456 239 360 550 596 56 658 845 621 571 523 59 299 922 68 181 874 365 207 893 558 877 321 310 709 328 
515 36 438 846 913 748 601 285 365 984 704 980 516 596 922 164 871 997 97 919 30 468 478 646 85 473 846 203 0 185 152 105 456 689 912 694 401 462 642 456 119 838 428 41 361 486 339 634 906 872 507 270 78 399 179 307 72 489 15 751 25 519 855 833 559 119 878 959 580 871 766 50 709 193 442 69 31 132 702 936 3 560 205 81 959 384 739 382 224 105 132 248 623 338 432 534 456 310 844 35 
244 484 479 913 715 189 547 35 610 141 820 163 601 824 434 905 238 18 581 848 16 413 870 648 744 346 626 585 185 0 180 962 436 240 506 877 308 536 9 361 471 11 921 676 443 231 411 181 964 986 638 95 585 612 432 17 145 888 678 341 274 209 302 710 449 807 938 108 343 946 821 165 957 741 192 751 323 602 284 286 587 921 732 524 532 163 540 29 402 217 369 676 777 22 737 225 828 674 685 522 
225 987 525 646 391 453 777 525 638 755 744 419 12 263 988 739 483 232 610 934 337 699 631 112 298 723 149 145 152 180 0 620 505 687 928 597 878 30 919 832 313 556 770 585 287 293 117 801 184 497 203 752 217 230 529 238 966 753 417 991 789 939 962 293 977 241 889 854 271 159 37 935 714 807 520 352 99 636 153 283 484 355 34 700 936 914 289 901 19 705 243 807 995 205 100 971 797 340 177 67 
774 762 590 687 643 817 202 12 944 624 241 704 668 513 461 247 766 717 847 632 907 250 449 664 883 259 141 67 105 962 620 0 499 213 2 564 371 521 916 822 508 68 456 343 774 841 42 709 755 682 961 773 386 203 931 733 759 30 55 556 722 231 974 220 796 327 135 518 847 50 339 706 117 794 400 890 635 441 950 389 474 910 513 860 113 443 944 223 825 998 778 546 581 104 117 376 430 251 245 277 
175 964 551 348 897 334 552 504 691 304 552 536 288 94 581 806 892 303 92 486 530 525 251 765 878 434 93 896 456 436 505 499 0 653 584 334 121 377 734 363 363 526 312 103 1000 222 615 211 686 58 154 908 234 151 38 131 731 141 247 458 570 849 55 198 501 638 884 974 366 969 336 729 494 647 183 845 868 798 407 905 207 560 813 440 63 202 922 145 342 168 955 263 368 9 461 221 998 696 194 363 
160 380 331 291 98 40 524 346 294 391 612 813 225 356 110 869 114 671 312 104 829 689 719 579 470 815 712 293 689 240 687 213 653 0 664 529 443 509 175 626 354 395 775 760 299 333 672 463 124 734 664 45 230 357 564 184 620 931 544 432 151 541 127 344 256 790 224 698 298 751 675 3 145 801 763 795 133 786 258 256 871 273 300 100 630 863 284 601 146 827 384 296 720 510 992 975 651 567 24 300 
260 259 433 999 924 675 979 186 685 894 18 639 450 484 22 572 582 394 389 593 971 98 803 721 812 674 866 411 912 506 928 2 584 664 0 317 51 303 813 851 417 608 336 202 217 591 72 489 243 523 470 457 158 422 954 985 805 602 56 314 945 30 316 511 405 616 828 455 270 992 306 38 599 641 591 167 583 14 656 177 536 477 986 694 899 939 30 55 540 85 721 484 466 36 995 870 3 174 325 624 
8 674 729 667 867 894 599 298 331 194 230 22 590 889 988 801 480 932 794 625 720 645 102 979 50 87 403 209 694 877 597 564 334 529 317 0 517 982 661 116 622 251 634 556 264 641 733 800 118 70 845 368 8 874 774 548 958 494 383 775 530 729 644 884 254 968 508 771 301 168 238 922 771 871 830 34 512 914 185 981 983 29 700 990 902 473 889 211 967 624 337 848 352 981 731 606 300 590 728 601 
245 899 77 133 128 278 681 177 676 781 703 63 309 863 57 385 265 406 559 902 367 151 727 427 77 918 990 811 401 308 878 371 121 443 51 517 0 758 965 874 528 187 703 913 50 616 98 30 950 478 729 292 732 202 180 294 168 155 631 15 507 611 97 464 262 687 543 862 796 859 88 323 45 790 587 95 758 36 124 59 514 205 350 597 406 882 890 925 36 520 939 894 482 387 357 744 73 899 957 220 
347 934 324 473 277 512 443 137 239 479 832 688 214 873 132 412 570 415 167 67 209 221 635 235 124 51 33 227 462 536 30 521 377 509 303 982 758 0 109 44 894 154 186 481 600 295 516 75 353 381 279 703 977 36 584 867 960 971 738 250 865 572 637 573 315 61 824 623 281 932 19 174 85 204 6 36 498 522 111 202 254 741 904 231 777 839 449 736 810 186 986 26 757 974 598 423 386 421 398 666 
288 721 810 748 894 29 420 861 58 493 98 936 690 878 268 322 165 795 840 106 468 84 413 327 119 708 487 123 642 9 919 916 734 175 813 661 965 109 0 353 416 192 789 971 549 825 820 422 287 21 676 27 277 906 803 115 706 891 276 891 228 301 1000 201 251 422 938 671 819 604 375 586 147 164 556 695 340 375 117 978 748 144 4 24 401 159 490 106 401 766 996 628 418 995 180 668 769 117 691 939 
258 337 15 171 809 454 54 789 274 896 560 890 724 424 45 332 543 955 356 99 169 653 408 834 67 109 317 612 456 361 832 822 363 626 851 116 874 44 353 0 72 65 525 570 580 432 617 919 159 85 896 906 228 252 929 628 762 770 733 162 535 80 789 305 427 320 972 195 436 14 133 860 79 9 429 658 441 45 929 599 129 824 856 356 427 784 335 188 905 67 349 440 499 489 744 925 160 67 119 948 
848 917 342 272 639 96 41 622 170 616 761 80 653 904 532 874 821 369 178 519 44 978 129 59 718 521 949 420 119 471 313 508 363 354 417 622 528 894 416 72 0 81 603 807 511 612 587 168 52 632 448 2 112 624 857 820 50 992 154 238 896 573 938 335 71 779 430 995 290 849 113 237 281 67 395 791 678 982 310 729 965 758 82 76 381 938 895 782 929 401 371 825 973 661 511 43 791 293 389 80 
835 5 822 976 713 167 830 936 660 259 634 333 609 510 777 950 545 24 248 728 590 347 431 102 522 322 383 45 838 11 556 68 526 395 608 251 187 154 192 65 81 0 493 853 317 125 919 63 915 597 44 576 677 8 685 759 436 417 696 330 199 977 730 569 153 54 581 15 96 371 307 836 451 151 688 119 275 607 181 541 555 577 117 231 584 153 341 19 570 389 701 120 365 782 40 517 836 621 531 283 
111 798 354 234 781 766 760 660 356 65 325 124 886 979 854 115 755 140 990 979 449 189 100 160 669 135 947 743 428 921 770 456 312 775 336 634 703 186 789 525 603 493 0 991 190 119 441 692 158 911 967 764 92 507 670 668 975 253 603 480 593 974 49 981 26 520 345 807 559 213 994 179 96 277 522 637 747 314 328 904 225 294 20 316 153 689 335 479 941 289 958 886 262 358 866 639 877 563 446 788 
108 253 162 382 847 472 244 401 60 180 404 560 104 236 815 685 203 147 489 559 970 751 691 422 437 660 158 30 41 676 585 343 103 760 202 556 913 481 971 570 807 853 991 0 127 439 318 222 67 839 210 813 153 538 69 377 183 88 44 335 128 730 814 69 18 771 954 632 129 171 270 357 733 715 144 860 506 462 433 924 300 643 737 804 532 805 180 714 244 575 49 371 304 214 439 674 336 744 305 816 
147 728 386 345 750 23 906 767 150 855 807 420 987 350 729 376 841 788 672 634 19 507 273 43 103 611 481 968 361 443 287 774 1000 299 217 264 50 600 549 580 511 317 190 127 0 915 926 173 999 641 668 210 498 129 995 421 781 637 509 584 520 665 116 233 908 42 633 279 698 198 69 371 534 813 675 349 79 600 873 429 592 893 639 441 21 985 214 153 973 722 89 492 387 204 724 294 597 709 924 294 
427 380 124 189 12 12 458 751 674 939 312 231 34 867 59 143 53 837 780 282 190 94 568 177 712 431 650 823 486 231 293 841 222 333 591 641 616 295 825 432 612 125 119 439 915 0 906 993 664 791 157 690 492 587 642 364 15 585 256 5 26 629 989 591 133 961 312 221 804 50 776 880 696 373 588 619 666 845 963 330 636 119 371 127 705 12 842 72 597 450 76 974 430 417 564 562 729 227 783 533 
547 856 284 724 445 52 455 930 27 580 474 818 646 593 153 624 804 932 493 554 178 446 667 249 631 195 371 743 339 411 117 42 615 672 72 733 98 516 820 617 587 919 441 318 926 906 0 629 558 764 324 930 351 294 948 547 257 277 182 375 999 660 432 11 854 503 959 303 930 284 732 346 199 645 427 777 427 311 405 337 74 728 266 776 22 565 322 630 193 856 356 192 515 787 554 368 641 512 22 571 
753 29 995 914 357 565 510 160 277 430 146 226 803 403 548 867 518 647 396 268 859 93 539 780 213 11 121 358 634 181 801 709 211 463 489 800 30 75 422 919 168 63 692 222 173 993 629 0 147 105 268 345 750 694 121 528 4 526 864 429 605 482 204 978 46 526 607 239 381 315 430 247 453 983 615 94 846 988 16 344 93 635 688 842 681 160 369 36 37 585 465 994 66 668 971 463 545 930 701 925 
46 566 517 841 616 252 752 867 159 248 376 614 941 400 565 811 757 967 130 504 688 198 688 39 659 442 251 696 906 964 184 755 686 124 243 118 950 353 287 159 52 915 158 67 999 664 558 147 0 244 482 524 696 816 138 141 661 125 156 4 569 143 43 762 823 555 483 858 591 67 322 584 484 342 907 946 886 836 647 163 431 128 686 126 296 175 619 956 651 774 312 220 916 706 981 90 260 463 948 203 
556 328 922 56 415 904 929 962 880 492 260 307 543 212 761 927 605 888 957 357 644 384 746 85 610 423 284 108 872 986 497 682 58 734 523 70 478 381 21 85 632 597 911 839 641 791 764 105 244 0 881 621 138 364 314 44 310 200 231 308 714 661 787 399 139 82 925 757 390 575 882 701 146 150 758 127 239 370 941 538 572 822 159 61 537 824 105 846 23 335 153 88 348 940 838 486 21 762 242 410 
393 797 60 115 421 316 12 45 908 260 880 61 830 419 916 551 747 496 862 798 362 119 678 383 616 403 378 898 507 638 203 961 154 664 470 845 729 279 676 896 448 44 967 210 668 157 324 268 482 881 0 337 123 462 482 272 572 960 863 941 253 400 864 426 910 924 962 734 380 160 108 67 312 196 414 603 33 899 624 147 140 385 483 614 199 316 238 770 628 100 62 880 499 277 657 761 200 618 494 932 
915 495 806 334 173 285 925 723 122 149 945 746 893 564 605 974 816 999 700 836 657 217 458 546 441 47 360 214 270 95 752 773 908 45 457 368 292 703 27 906 2 576 764 813 210 690 930 345 524 621 337 0 777 953 998 441 148 411 43 533 661 18 679 800 403 513 765 953 180 2 74 807 453 135 38 304 411 694 64 962 312 909 893 440 861 242 880 361 652 275 245 312 292 275 463 46 139 580 998 318 
787 545 406 832 446 622 288 771 717 147 363 877 259 126 340 407 719 911 897 29 121 775 782 383 94 165 979 914 78 585 217 386 234 230 158 8 732 977 277 228 112 677 92 153 498 492 351 750 696 138 123 777 0 933 71 477 386 557 514 689 319 208 104 281 871 12 525 662 224 767 542 584 770 168 180 82 459 454 896 505 592 475 854 262 760 277 738 145 185 251 185 504 810 288 136 32 651 660 694 874 
837 213 729 580 891 337 44 763 469 956 204 654 645 397 996 156 564 792 150 399 628 461 911 931 995 599 66 327 399 612 230 203 151 357 422 874 202 36 906 252 624 8 507 538 129 587 294 694 816 364 462 953 933 0 778 587 810 548 754 989 981 212 795 876 68 738 703 274 999 462 550 736 958 734 339 142 589 148 781 724 180 431 384 225 656 161 811 817 708 564 158 688 127 952 916 547 689 970 820 40 
899 763 144 339 412 242 218 11 335 412 280 887 152 162 477 689 606 191 629 174 967 673 959 982 132 293 298 439 179 432 529 931 38 564 954 774 180 584 803 929 857 685 670 69 995 642 948 121 138 314 482 998 71 778 0 431 721 775 740 806 113 881 395 613 661 118 144 443 853 368 450 14 530 619 73 445 776 113 571 79 380 469 119 349 288 158 131 8 933 870 814 397 102 560 9 114 677 504 556 530 
890 920 455 598 485 697 931 928 598 612 929 407 804 629 644 569 992 842 162 207 40 14 76 260 318 498 598 377 307 17 238 733 131 184 985 548 294 867 115 628 820 759 668 377 421 364 547 528 141 44 272 441 477 587 431 0 871 357 895 400 975 967 844 102 431 767 180 810 235 299 158 875 808 640 234 740 509 47 489 610 958 849 723 635 353 630 516 223 339 410 975 313 728 170 415 159 936 946 968 523 
435 332 985 378 843 235 194 542 619 987 912 300 659 231 242 583 945 885 342 561 635 356 215 126 675 74 103 399 72 145 966 759 731 620 805 958 168 960 706 762 50 436 975 183 781 15 257 4 661 310 572 148 386 810 721 871 0 596 478 397 404 117 630 495 978 29 983 939 986 832 14 972 184 995 487 758 333 896 732 646 624 254 412 134 189 357 101 63 953 930 459 708 399 441 202 728 469 185 666 806 
524 797 968 948 906 923 259 275 77 75 40 750 462 374 742 520 345 993 400 245 178 12 539 531 622 4 820 10 489 888 753 30 141 931 602 494 155 971 891 770 992 417 253 88 637 585 277 526 125 200 960 411 557 548 775 357 596 0 368 679 778 903 674 264 660 358 512 744 3 487 997 766 620 537 475 72 952 779 354 410 486 752 850 687 479 670 223 496 476 942 527 253 844 552 868 856 909 731 951 912 
478 451 196 779 745 939 94 339 120 838 371 750 55 260 740 173 884 902 979 22 682 365 167 442 44 543 145 883 15 678 417 55 247 544 56 383 631 738 276 733 154 696 603 44 509 256 182 864 156 231 863 43 514 754 740 895 478 368 0 217 947 29 188 835 503 260 786 281 613 548 118 716 749 157 546 419 379 41 246 673 567 850 516 118 69 723 27 800 673 290 16 971 670 204 158 173 815 943 805 779 
949 367 422 575 107 983 794 827 336 970 616 279 175 826 163 746 167 233 438 479 664 824 45 771 759 547 301 601 751 341 991 556 458 432 314 775 15 250 891 162 238 330 480 335 584 5 375 429 4 308 941 533 689 989 806 400 397 679 217 0 842 923 494 591 431 39 361 809 431 958 833 998 807 701 115 875 423 493 674 448 134 42 418 804 245 575 976 411 870 132 189 711 406 682 653 836 72 365 997 502 
119 632 446 212 972 463 157 661 686 216 211 912 63 198 175 777 582 363 332 93 545 425 760 178 365 349 798 946 25 274 789 722 570 151 945 530 507 865 228 535 896 199 593 128 520 26 999 605 569 714 253 661 319 981 113 975 404 778 947 842 0 322 829 851 128 529 318 355 304 810 380 751 944 421 520 747 17 95 74 427 316 557 967 26 963 1000 31 798 71 395 794 925 717 975 775 196 855 92 902 158 
55 789 72 776 487 391 222 863 757 592 466 520 66 522 727 264 718 134 588 308 371 415 797 553 694 266 293 27 519 209 939 231 849 541 30 729 611 572 301 80 573 977 974 730 665 629 660 482 143 661 400 18 208 212 881 967 117 903 29 923 322 0 254 282 260 549 54 780 647 71 226 720 849 541 628 168 918 590 167 948 740 238 343 885 514 411 859 288 958 714 732 860 223 985 493 483 533 546 614 179 
74 480 11 613 749 151 996 190 279 946 208 982 194 338 624 344 932 949 637 462 922 425 493 786 993 157 441 667 855 302 962 974 55 127 316 644 97 637 1000 789 938 730 49 814 116 989 432 204 43 787 864 679 104 795 395 844 630 674 188 494 829 254 0 968 839 250 169 379 877 336 296 819 502 596 558 91 290 442 604 700 653 244 9 718 975 868 940 311 712 774 195 258 739 725 577 577 974 745 307 202 
293 595 348 559 220 797 708 516 376 871 763 799 702 291 108 934 825 665 423 930 74 301 10 294 242 135 890 193 833 710 293 220 198 344 511 884 464 573 201 305 335 569 981 69 233 591 11 978 762 399 426 800 281 876 613 102 495 264 835 591 851 282 968 0 80 955 372 934 550 281 24 839 723 980 890 727 223 898 444 549 118 735 859 829 861 53 438 599 777 15 528 102 111 834 655 543 788 27 476 337 
214 169 402 419 936 782 745 560 50 335 77 332 642 230 837 132 832 156 251 411 199 103 867 483 515 432 357 319 559 449 977 796 501 256 405 254 262 315 251 427 71 153 26 18 908 133 854 46 823 139 910 403 871 68 661 431 978 660 503 431 128 260 839 80 0 307 851 527 381 830 768 459 52 666 902 952 135 989 810 315 849 214 105 799 990 471 326 443 581 160 98 123 299 124 598 988 782 449 514 515 
685 739 795 963 672 825 326 375 963 839 225 973 644 173 997 268 513 694 377 406 893 522 295 506 805 182 307 429 119 807 241 327 638 790 616 968 687 61 422 320 779 54 520 771 42 961 503 526 555 82 924 513 12 738 118 767 29 358 260 39 529 549 250 955 307 0 630 282 973 682 299 227 633 785 215 795 99 415 8 555 565 350 25 891 792 606 402 889 80 700 364 678 687 498 478 553 12 107 186 984 
300 620 428 225 86 42 659 813 58 416 992 820 644 179 447 734 656 948 568 907 793 298 463 624 643 221 292 401 878 938 889 135 884 224 828 508 543 824 938 972 430 581 345 954 633 312 959 607 483 925 962 765 525 703 144 180 983 512 786 361 318 54 169 372 851 630 0 140 484 210 125 620 776 919 70 190 278 625 755 627 649 997 419 606 398 307 686 449 23 715 136 520 192 688 531 650 225 866 790 708 
459 67 478 551 415 411 777 736 78 115 131 395 950 92 245 868 448 562 810 313 917 606 593 910 591 349 346 481 959 108 854 518 974 698 455 771 862 623 671 195 995 15 807 632 279 221 303 239 858 757 734 953 662 274 443 810 939 744 281 809 355 780 379 934 527 282 140 0 428 914 327 203 184 748 745 461 372 851 88 373 847 506 978 596 164 15 44 538 729 179 57 272 218 939 922 442 805 711 501 232 
31 672 471 436 300 688 769 864 554 669 409 12 209 46 129 679 82 108 544 472 101 742 281 740 928 232 691 7 580 343 271 847 366 298 270 301 796 281 819 436 290 96 559 129 698 804 930 381 591 390 380 180 224 999 853 235 986 3 613 431 304 647 877 550 381 973 484 428 0 976 179 786 159 927 530 619 650 380 58 22 578 915 1000 173 431 366 217 968 95 747 25 366 317 315 287 110 119 349 611 702 
939 692 237 324 332 423 430 673 467 260 441 107 333 409 66 55 172 743 759 364 613 381 875 303 113 928 130 876 871 946 159 50 969 751 992 168 859 932 604 14 849 371 213 171 198 50 284 315 67 575 160 2 767 462 368 299 832 487 548 958 810 71 336 281 830 682 210 914 976 0 324 141 488 834 67 369 805 69 101 862 90 678 129 441 203 559 807 771 526 901 517 902 618 185 217 257 295 687 605 257 
68 755 845 73 224 864 183 524 351 363 691 636 26 867 290 200 990 868 517 411 85 258 1000 95 10 809 14 444 766 821 37 339 336 675 306 238 88 19 375 133 113 307 994 270 69 776 732 430 322 882 108 74 542 550 450 158 14 997 118 833 380 226 296 24 768 299 125 327 179 324 0 389 281 397 228 114 816 948 918 884 48 132 325 726 260 766 280 818 572 50 695 824 918 597 793 455 165 49 749 851 
879 941 812 59 939 783 161 485 75 285 521 92 861 301 12 904 254 476 73 990 496 72 409 799 998 104 639 426 50 165 935 706 729 3 38 922 323 174 586 860 237 836 179 357 371 880 346 247 584 701 67 807 584 736 14 875 972 766 716 998 751 720 819 839 459 227 620 203 786 141 389 0 6 357 591 286 105 818 399 272 766 669 155 165 800 832 242 59 597 521 228 520 922 274 695 840 222 487 646 386 
774 696 411 299 396 589 611 960 479 871 426 440 294 918 842 356 716 118 358 91 554 79 306 404 635 602 865 272 709 957 714 117 494 145 599 771 45 85 147 79 281 451 96 733 534 696 199 453 484 146 312 453 770 958 530 808 184 620 749 807 944 849 502 723 52 633 776 184 159 488 281 6 0 888 394 237 893 102 179 530 206 997 280 478 114 948 984 630 99 815 872 509 411 392 736 282 666 362 976 857 
530 904 550 658 356 982 942 536 58 427 367 111 911 846 143 314 745 7 507 742 533 446 99 606 30 944 960 538 193 741 807 794 647 801 641 871 790 204 164 9 67 151 277 715 813 373 645 983 342 150 196 135 168 734 619 640 995 537 157 701 421 541 596 980 666 785 919 748 927 834 397 357 888 0 583 815 502 969 702 895 557 946 348 735 475 553 83 754 30 548 54 366 178 152 180 49 661 943 792 748 
338 193 325 792 137 606 757 885 486 816 925 3 965 536 178 589 456 622 561 901 466 822 451 572 786 116 797 456 442 192 520 400 183 763 591 830 587 6 556 429 395 688 522 144 675 588 427 615 907 758 414 38 180 339 73 234 487 475 546 115 520 628 558 890 902 215 70 745 530 67 228 591 394 583 0 224 457 109 200 313 44 14 814 12 67 60 568 12 407 654 838 312 737 943 693 284 996 58 461 500 
920 775 148 643 145 964 517 726 980 725 232 211 280 620 922 731 908 258 382 724 573 938 930 799 89 564 345 239 69 751 352 890 845 795 167 34 95 36 695 658 791 119 637 860 349 619 777 94 946 127 603 304 82 142 445 740 758 72 419 875 747 168 91 727 952 795 190 461 619 369 114 286 237 815 224 0 238 861 512 180 653 611 403 109 72 954 774 115 319 587 126 385 999 45 396 757 698 585 68 786 
957 283 673 846 367 993 752 286 83 718 31 342 944 64 553 808 149 843 638 23 74 540 18 783 741 726 961 360 31 323 99 635 868 133 583 512 758 498 340 441 678 275 747 506 79 666 427 846 886 239 33 411 459 589 776 509 333 952 379 423 17 918 290 223 135 99 278 372 650 805 816 105 893 502 457 238 0 528 761 70 875 818 882 374 407 743 885 586 395 848 341 855 919 294 628 33 613 567 510 349 
885 401 960 515 582 657 563 167 512 395 750 820 962 480 331 212 612 905 405 806 995 619 118 172 416 310 519 550 132 602 636 441 798 786 14 914 36 522 375 45 982 607 314 462 600 845 311 988 836 370 899 694 454 148 113 47 896 779 41 493 95 590 442 898 989 415 625 851 380 69 948 818 102 969 109 861 528 0 917 906 745 673 955 681 741 741 208 501 162 83 670 43 808 77 785 45 14 531 892 354 
24 803 142 908 853 880 378 886 256 507 730 436 434 374 470 597 426 904 777 343 783 30 468 578 302 926 465 596 702 284 153 950 407 258 656 185 124 111 117 929 310 181 328 433 873 963 405 16 647 941 624 64 896 781 571 489 732 354 246 674 74 167 604 444 810 8 755 88 58 101 918 399 179 702 200 512 761 917 0 386 810 1000 365 194 964 283 703 312 199 960 408 872 914 89 964 6 296 816 167 730 
354 200 541 687 334 244 503 505 241 965 758 307 237 464 117 619 905 810 767 878 113 89 706 173 751 167 563 56 936 286 283 389 905 256 177 981 59 202 978 599 729 541 904 924 429 330 337 344 163 538 147 962 505 724 79 610 646 410 673 448 427 948 700 549 315 555 627 373 22 862 884 272 530 895 313 180 70 906 386 0 485 562 538 913 346 582 927 229 473 632 614 634 631 330 827 946 613 881 258 163 
440 80 233 923 996 912 492 128 743 887 9 478 504 43 443 490 216 792 714 162 639 355 215 256 25 733 802 658 3 587 484 474 207 871 536 983 514 254 748 129 965 555 225 300 592 636 74 93 431 572 140 312 592 180 380 958 624 486 567 134 316 740 653 118 849 565 649 847 578 90 48 766 206 557 44 653 875 745 810 485 0 840 17 34 753 105 349 111 753 164 277 834 1 838 371 265 536 304 191 764 
417 951 201 22 273 195 389 282 515 766 609 849 616 144 737 499 524 399 639 140 496 500 497 313 269 328 194 845 560 921 355 910 560 273 477 29 205 741 144 824 758 577 294 643 893 119 728 635 128 822 385 909 475 431 469 849 254 752 850 42 557 238 244 735 214 350 997 506 915 678 132 669 997 946 14 611 818 673 1000 562 840 0 776 175 729 409 805 58 587 103 22 467 360 185 306 728 570 411 833 919 
268 694 698 372 859 880 427 579 715 113 702 53 129 27 74 592 720 160 819 713 769 657 515 718 192 565 922 621 205 732 34 513 813 300 986 700 350 904 4 856 82 117 20 737 639 371 266 688 686 159 483 893 854 384 119 723 412 850 516 418 967 343 9 859 105 25 419 978 1000 129 325 155 280 348 814 403 882 955 365 538 17 776 0 521 937 434 797 770 786 987 493 51 522 796 593 637 572 767 365 332 
227 624 638 106 441 885 131 250 460 385 371 354 762 520 135 896 286 703 962 191 111 481 997 991 471 897 132 571 81 524 700 860 440 100 694 990 597 231 24 356 76 231 316 804 441 127 776 842 126 61 614 440 262 225 349 635 134 687 118 804 26 885 718 829 799 891 606 596 173 441 726 165 478 735 12 109 374 681 194 913 34 175 521 0 924 774 271 26 148 737 737 684 43 464 253 805 648 523 325 936 
605 516 929 601 515 531 432 396 983 74 165 502 260 541 84 655 88 543 788 539 124 312 408 243 615 278 259 523 959 532 936 113 63 630 899 902 406 777 401 427 381 584 153 532 21 705 22 681 296 537 199 861 760 656 288 353 189 479 69 245 963 514 975 861 990 792 398 164 431 203 260 800 114 475 67 72 407 741 964 346 753 729 937 924 0 309 121 706 94 459 550 496 332 345 441 968 268 207 684 952 
518 457 841 710 270 121 996 589 49 876 334 939 280 188 902 280 326 702 799 239 87 681 473 52 675 858 572 59 384 163 914 443 202 863 939 473 882 839 159 784 938 153 689 805 985 12 565 160 175 824 316 242 277 161 158 630 357 670 723 575 1000 411 868 53 471 606 307 15 366 559 766 832 948 553 60 954 743 741 283 582 105 409 434 774 309 0 482 810 222 507 957 958 243 640 352 59 244 156 706 767 
468 896 444 55 925 934 61 178 409 996 300 113 918 148 778 464 277 896 123 749 503 494 424 250 788 746 729 299 739 540 289 944 922 284 30 889 890 449 490 335 895 341 335 180 214 842 322 369 619 105 238 880 738 811 131 516 101 223 27 976 31 859 940 438 326 402 686 44 217 807 280 242 984 83 568 774 885 208 703 927 349 805 797 271 121 482 0 480 642 427 953 699 872 763 248 368 95 592 808 62 
392 847 265 330 357 118 977 938 954 60 76 153 270 123 326 589 384 427 481 451 758 667 974 720 290 704 714 922 382 29 901 223 145 601 55 211 925 736 106 188 782 19 479 714 153 72 630 36 956 846 770 361 145 817 8 223 63 496 800 411 798 288 311 599 443 889 449 538 968 771 818 59 630 754 12 115 586 501 312 229 111 58 770 26 706 810 480 0 212 366 98 163 848 907 384 706 863 693 949 854 
393 605 808 9 527 44 606 215 478 302 725 688 94 562 643 151 22 695 198 483 264 693 364 582 296 213 391 68 224 402 19 825 342 146 540 967 36 810 401 905 929 570 941 244 973 597 193 37 651 23 628 652 185 708 933 339 953 476 673 870 71 958 712 777 581 80 23 729 95 526 572 597 99 30 407 319 395 162 199 473 753 587 786 148 94 222 642 212 0 45 7 97 552 64 215 384 57 993 688 755 
297 698 992 834 21 872 506 868 529 186 22 862 972 407 517 989 512 798 101 771 536 211 590 44 184 289 874 181 105 217 705 998 168 827 85 624 520 186 766 67 401 389 289 575 722 450 856 585 774 335 100 275 251 564 870 410 930 942 290 132 395 714 774 15 160 700 715 179 747 901 50 521 815 548 654 587 848 83 960 632 164 103 987 737 459 507 427 366 45 0 865 450 354 584 544 298 743 958 509 108 
340 214 686 256 815 100 771 116 641 381 43 431 444 948 488 686 550 11 271 281 422 490 18 842 48 602 14 874 132 369 243 778 955 384 721 337 939 986 996 349 371 701 958 49 89 76 356 465 312 153 62 245 185 158 814 975 459 527 16 189 794 732 195 528 98 364 136 57 25 517 695 228 872 54 838 126 341 670 408 614 277 22 493 737 550 957 953 98 7 865 0 55 671 307 961 406 13 175 98 313 
512 236 605 221 850 506 762 227 163 869 936 951 508 759 170 927 603 57 529 927 809 469 475 759 660 562 188 365 248 676 807 546 263 296 484 848 894 26 628 440 825 120 886 371 492 974 192 994 220 88 880 312 504 688 397 313 708 253 971 711 925 860 258 102 123 678 520 272 366 902 824 520 509 366 312 385 855 43 872 634 834 467 51 684 496 958 699 163 97 450 55 0 380 494 671 828 398 734 395 781 
351 487 63 961 859 614 727 82 637 777 487 733 38 929 596 252 230 283 41 78 906 625 738 596 877 906 518 207 623 777 995 581 368 720 466 352 482 757 418 499 973 365 262 304 387 430 515 66 916 348 499 292 810 127 102 728 399 844 670 406 717 223 739 111 299 687 192 218 317 618 918 922 411 178 737 999 919 808 914 631 1 360 522 43 332 243 872 848 552 354 671 380 0 791 387 468 897 251 917 603 
414 693 696 221 564 602 118 657 919 678 251 764 990 637 463 29 833 312 907 742 695 267 510 628 41 758 806 893 338 22 205 104 9 510 36 981 387 974 995 489 661 782 358 214 204 417 787 668 706 940 277 275 288 952 560 170 441 552 204 682 975 985 725 834 124 498 688 939 315 185 597 274 392 152 943 45 294 77 89 330 838 185 796 464 345 640 763 907 64 584 307 494 791 0 834 461 900 576 418 408 
804 182 304 131 69 654 822 742 891 739 698 749 209 401 629 213 779 73 303 209 234 121 837 404 253 696 430 558 432 737 100 117 461 992 995 731 357 598 180 744 511 40 866 439 724 564 554 971 981 838 657 463 136 916 9 415 202 868 158 653 775 493 577 655 598 478 531 922 287 217 793 695 736 180 693 396 628 785 964 827 371 306 593 253 441 352 248 384 215 544 961 671 387 834 0 36 824 430 342 784 
917 655 817 379 794 748 823 641 39 463 915 416 31 158 432 383 413 790 643 840 104 80 604 431 743 689 874 877 534 225 971 376 221 975 870 606 744 423 668 925 43 517 639 674 294 562 368 463 90 486 761 46 32 547 114 159 728 856 173 836 196 483 577 543 988 553 650 442 110 257 455 840 282 49 284 757 33 45 6 946 265 728 637 805 968 59 368 706 384 298 406 828 468 461 36 0 835 354 310 284 
450 783 490 183 587 426 443 383 233 869 827 88 633 809 460 296 698 5 283 147 939 140 156 133 197 939 112 321 456 828 797 430 998 651 3 300 73 386 769 160 791 836 877 336 597 729 641 545 260 21 200 139 651 689 677 936 469 909 815 72 855 533 974 788 782 12 225 805 119 295 165 222 666 661 996 698 613 14 296 613 536 570 572 648 268 244 95 863 57 743 13 398 897 900 824 835 0 18 689 778 
456 153 83 356 507 48 832 555 948 506 41 920 204 931 75 946 434 373 871 115 27 418 299 27 247 268 721 310 310 674 340 251 696 567 174 590 899 421 117 67 293 621 563 744 709 227 512 930 463 762 618 580 660 970 504 946 185 731 943 365 92 546 745 27 449 107 866 711 349 687 49 487 362 943 58 585 567 531 816 881 304 411 767 523 207 156 592 693 993 958 175 734 251 576 430 354 18 0 688 516 
727 73 646 281 561 158 952 728 116 930 46 162 333 601 28 250 860 351 804 152 20 685 196 692 333 38 571 709 844 685 177 245 194 24 325 728 957 398 691 119 389 531 446 305 924 783 22 701 948 242 494 998 694 820 556 968 666 951 805 997 902 614 307 476 514 186 790 501 611 605 749 646 976 792 461 68 510 892 167 258 191 833 365 325 684 706 808 949 688 509 98 395 917 418 342 310 689 688 0 527 
481 455 312 618 887 465 563 246 138 537 235 100 841 854 940 326 779 113 178 970 392 882 437 225 124 523 154 328 35 522 67 277 363 300 624 601 220 666 939 948 80 283 788 816 294 533 571 925 203 410 932 318 874 40 530 523 806 912 779 502 158 179 202 337 515 984 708 232 702 257 851 386 857 748 500 786 349 354 730 163 764 919 332 936 952 767 62 854 755 108 313 781 603 408 784 284 778 516 527 0 
