70
0 52 61 7 61 99 3 90 27 97 90 57 58 74 22 95 13 50 86 84 93 72 46 98 71 60 28 43 15 57 70 35 60 82 93 20 33 47 9 59 43 50 16 52 23 89 46 88 39 31 71 83 2 68 32 72 79 59 67 93 67 88 79 26 69 71 45 1 69 5 
52 0 12 63 55 79 14 29 67 60 68 57 90 38 39 44 57 70 67 35 80 33 79 46 20 57 71 89 79 67 89 47 24 52 9 78 30 23 6 97 34 74 53 23 63 44 18 20 65 85 6 45 69 85 90 89 41 13 29 20 31 17 18 54 69 27 31 50 1 89 
61 12 0 46 34 14 51 8 28 94 26 47 58 62 5 54 30 89 96 70 81 8 98 100 90 67 70 44 35 48 26 36 48 66 34 33 79 84 40 7 29 17 5 38 30 61 92 60 49 87 29 30 46 79 81 35 45 50 30 31 97 56 66 96 73 99 28 52 82 20 
7 63 46 0 10 62 88 66 100 18 27 43 29 27 81 9 56 26 87 89 12 31 38 42 61 87 49 27 82 21 77 62 24 11 81 33 72 68 51 23 37 29 65 65 55 97 74 63 74 12 51 86 43 88 79 55 26 27 33 8 47 10 21 71 20 1 55 43 20 57 
61 55 34 10 0 66 57 85 82 21 92 31 46 54 4 10 4 89 4 43 67 58 69 45 91 28 92 52 48 14 23 48 20 17 67 77 34 75 13 68 48 4 98 93 57 1 54 60 42 57 55 8 15 23 53 57 50 96 60 97 9 34 44 80 50 62 56 84 89 69 
99 79 14 62 66 0 51 36 24 100 80 81 100 34 92 41 90 46 1 4 20 5 12 69 52 71 65 12 56 60 91 6 74 47 89 62 67 91 97 90 90 28 22 41 61 66 34 51 63 34 6 83 90 70 51 41 92 68 4 48 79 94 53 52 40 93 65 58 35 13 
3 14 51 88 57 51 0 100 76 41 21 16 1 38 49 3 1 34 9 35 75 30 37 67 21 4 70 68 35 64 20 38 55 64 3 65 98 67 64 73 7 36 41 60 74 89 62 26 75 22 60 1 51 48 68 72 4 37 91 38 52 11 75 7 26 29 71 24 96 86 
90 29 8 66 85 36 100 0 48 2 21 88 13 46 29 75 71 55 48 82 55 99 30 22 22 33 11 12 22 62 74 48 20 100 77 42 75 72 27 22 25 100 62 38 45 90 64 68 44 11 1 50 61 82 72 82 66 34 94 87 95 19 35 67 70 63 60 44 34 87 
27 67 28 100 82 24 76 48 0 18 10 38 79 99 34 20 62 53 15 25 54 64 85 87 87 67 53 20 12 91 67 82 77 33 52 39 92 95 24 30 64 34 19 42 84 53 13 98 5 27 22 10 91 6 97 29 24 1 49 87 43 15 69 20 99 20 58 90 66 82 
97 60 94 18 21 100 41 2 18 0 72 30 67 90 23 2 94 36 99 99 62 72 60 4 78 8 33 53 60 81 40 3 47 60 22 45 79 31 86 96 12 57 25 30 99 48 32 92 83 82 42 96 54 2 52 83 61 84 35 21 16 26 23 62 85 96 58 15 26 43 
90 68 26 27 92 80 21 21 10 72 0 11 90 52 87 71 50 86 2 41 20 36 83 16 89 36 67 71 96 2 57 16 17 35 90 30 71 85 87 86 63 29 48 52 80 86 22 81 72 76 22 91 11 56 58 51 91 24 73 86 25 81 54 93 15 43 22 86 80 8 
57 57 47 43 31 81 16 88 38 30 11 0 23 42 89 22 93 20 7 14 1 30 41 74 73 3 29 30 53 19 54 77 56 30 58 9 23 24 52 96 9 31 56 83 72 44 56 16 15 15 81 67 44 22 40 16 24 20 46 29 38 51 57 46 32 14 54 6 38 5 
58 90 58 29 46 100 1 13 79 67 90 23 0 2 98 87 57 33 58 100 88 25 66 2 6 33 98 27 24 13 2 44 10 82 33 12 39 78 44 52 32 49 41 88 2 91 75 58 23 84 9 62 9 75 64 14 59 13 92 82 77 45 77 87 27 10 50 65 87 45 
74 38 62 27 54 34 38 46 99 90 52 42 2 0 68 70 46 61 58 47 51 84 57 25 19 65 86 27 91 1 92 49 13 83 83 90 80 59 28 6 20 77 70 7 74 89 28 19 49 37 17 99 20 73 23 39 38 61 17 80 61 61 81 26 95 63 15 74 73 94 
22 39 5 81 4 92 49 29 34 23 87 89 98 68 0 79 93 22 100 51 95 89 78 65 37 67 82 88 86 54 62 76 43 22 45 23 35 5 3 60 99 17 74 73 41 67 3 33 40 3 35 35 91 65 99 79 31 80 18 68 86 80 96 28 53 40 50 87 96 4 
95 44 54 9 10 41 3 75 20 2 71 22 87 70 79 0 46 94 72 71 18 65 89 21 97 29 75 84 15 17 48 13 95 78 45 65 97 30 44 92 57 96 83 59 35 78 14 80 24 38 3 41 2 43 13 50 71 87 33 85 3 32 50 50 61 46 14 58 75 9 
13 57 30 56 4 90 1 71 62 94 50 93 57 46 93 46 0 1 83 56 84 93 90 61 7 22 84 96 76 77 97 18 41 46 41 80 31 77 34 62 26 83 23 71 48 32 97 8 32 80 64 15 72 53 28 30 26 11 25 1 39 73 19 80 71 59 59 53 35 92 
50 70 89 26 89 46 34 55 53 36 86 20 33 61 22 94 1 0 14 13 27 88 35 26 71 32 34 3 63 97 69 86 1 96 68 27 59 44 79 49 17 49 28 39 7 38 91 94 82 56 58 60 44 92 85 66 75 70 20 89 66 89 75 19 36 42 97 46 85 75 
86 67 96 87 4 1 9 48 15 99 2 7 58 58 100 72 83 14 0 95 53 24 74 91 82 12 81 27 45 89 84 4 84 28 40 49 54 10 69 43 27 9 69 45 44 62 93 90 46 68 84 51 43 57 93 76 20 26 3 16 14 38 19 97 17 11 45 23 72 65 
84 35 70 89 43 4 35 82 25 99 41 14 100 47 51 71 56 13 95 0 65 98 73 33 95 17 94 87 58 91 6 93 93 48 49 86 24 21 63 78 36 76 67 7 72 36 69 68 58 40 85 74 37 57 58 83 25 3 70 34 45 75 26 38 75 27 75 50 47 37 
93 80 81 12 67 20 75 55 54 62 20 1 88 51 95 18 84 27 53 65 0 79 34 64 45 92 35 32 60 54 41 99 38 14 88 47 23 70 23 25 91 57 70 66 82 59 40 8 33 41 6 21 19 92 84 15 83 70 47 43 23 39 93 13 53 80 11 27 2 33 
72 33 8 31 58 5 30 99 64 72 36 30 25 84 89 65 93 88 24 98 79 0 52 92 41 73 9 23 31 100 82 63 40 40 83 58 31 66 73 65 35 71 59 9 9 52 73 13 31 35 40 32 68 91 76 8 63 84 82 45 84 16 7 23 7 41 81 89 58 5 
46 79 98 38 69 12 37 30 85 60 83 41 66 57 78 89 90 35 74 73 34 52 0 53 44 75 12 4 35 15 77 48 45 63 87 29 30 29 56 90 43 39 23 87 22 90 45 97 96 37 29 84 94 33 37 37 59 100 92 45 14 20 92 10 83 30 90 64 10 45 
98 46 100 42 45 69 67 22 87 4 16 74 2 25 65 21 61 26 91 33 64 92 53 0 5 4 84 28 90 57 17 86 5 13 22 33 48 67 17 84 55 27 35 47 72 48 66 63 10 48 45 99 64 54 44 68 58 79 95 99 87 64 37 92 28 10 76 75 77 93 
71 20 90 61 91 52 21 22 87 78 89 73 6 19 37 97 7 71 82 95 45 41 44 5 0 11 31 19 45 77 90 45 95 5 54 94 1 4 57 54 99 25 63 29 71 14 16 86 2 59 13 11 34 40 87 78 50 70 97 46 46 38 90 92 94 95 86 94 51 94 
60 57 67 87 28 71 4 33 67 8 36 3 33 65 67 29 22 32 12 17 92 73 75 4 11 0 100 1 70 14 30 93 79 97 78 80 7 43 43 40 82 81 18 31 50 66 76 48 55 18 39 1 64 76 46 66 70 45 67 91 11 96 83 89 92 61 21 98 3 63 
28 71 70 49 92 65 70 11 53 33 67 29 98 86 82 75 84 34 81 94 35 9 12 84 31 100 0 89 84 43 58 66 45 75 93 92 82 62 30 82 26 58 79 43 79 24 9 69 86 4 52 26 47 12 46 96 66 60 37 1 55 94 66 99 21 10 90 2 72 71 
43 89 44 27 52 12 68 12 20 53 71 30 27 27 88 84 96 3 27 87 32 23 4 28 19 1 89 0 35 49 28 13 91 6 88 100 27 73 55 78 99 54 41 96 49 6 56 85 58 62 31 75 60 51 84 1 4 7 71 90 7 51 54 50 8 42 1 34 66 55 
15 79 35 82 48 56 35 22 12 60 96 53 24 91 86 15 76 63 45 58 60 31 35 90 45 70 84 35 0 63 16 8 3 12 9 60 19 45 17 80 75 91 91 77 27 91 80 33 13 21 40 15 75 89 75 16 89 8 33 95 23 49 3 25 12 63 37 82 7 53 
57 67 48 21 14 60 64 62 91 81 2 19 13 1 54 17 77 97 89 91 54 100 15 57 77 14 43 49 63 0 13 34 96 3 10 22 45 42 54 9 62 45 24 36 33 98 3 73 57 88 68 79 36 22 56 99 84 44 80 42 48 92 75 43 46 37 64 42 78 70 
70 89 26 77 23 91 20 74 67 40 57 54 2 92 62 48 97 69 84 6 41 82 77 17 90 30 58 28 16 13 0 50 91 14 25 79 99 74 33 23 31 20 90 61 7 11 68 5 46 63 36 40 11 79 14 53 76 50 69 17 79 90 19 22 55 95 100 5 69 32 
35 47 36 62 48 6 38 48 82 3 16 77 44 49 76 13 18 86 4 93 99 63 48 86 45 93 66 13 8 34 50 0 28 51 4 17 63 10 80 31 67 77 93 54 16 55 85 82 8 60 83 28 29 14 17 99 35 71 93 86 28 61 69 55 11 72 71 74 34 2 
60 24 48 24 20 74 55 20 77 47 17 56 10 13 43 95 41 1 84 93 38 40 45 5 95 79 45 91 3 96 91 28 0 56 52 31 100 57 46 55 41 79 14 53 14 93 33 27 9 31 61 31 23 46 58 36 14 12 98 38 35 23 23 88 30 74 18 30 30 16 
82 52 66 11 17 47 64 100 33 60 35 30 82 83 22 78 46 96 28 48 14 40 63 13 5 97 75 6 12 3 14 51 56 0 36 23 94 1 27 59 93 59 85 53 89 97 35 63 42 93 50 8 56 48 97 42 70 19 30 100 44 99 81 25 14 68 47 60 68 25 
93 9 34 81 67 89 3 77 52 22 90 58 33 83 45 45 41 68 40 49 88 83 87 22 54 78 93 88 9 10 25 4 52 36 0 18 12 83 55 64 23 51 98 86 45 42 35 4 50 34 100 91 4 70 72 55 13 71 35 37 36 54 36 47 73 60 17 84 95 71 
20 78 33 33 77 62 65 42 39 45 30 9 12 90 23 65 80 27 49 86 47 58 29 33 94 80 92 100 60 22 79 17 31 23 18 0 99 17 21 48 54 65 42 41 68 91 74 19 33 29 88 5 83 52 27 69 41 62 22 28 61 94 87 77 77 33 99 27 50 71 
33 30 79 72 34 67 98 75 92 79 71 23 39 80 35 97 31 59 54 24 23 31 30 48 1 7 82 27 19 45 99 63 100 94 12 99 0 75 55 36 68 95 55 58 21 26 90 49 65 46 84 17 72 52 57 86 74 84 98 19 22 74 96 7 24 74 8 94 100 62 
47 23 84 68 75 91 67 72 95 31 85 24 78 59 5 30 77 44 10 21 70 66 29 67 4 43 62 73 45 42 74 10 57 1 83 17 75 0 81 67 9 88 76 81 13 18 29 77 63 64 45 35 16 1 72 41 36 69 59 10 94 6 16 17 80 23 10 31 36 91 
9 6 40 51 13 97 64 27 24 86 87 52 44 28 3 44 34 79 69 63 23 73 56 17 57 43 30 55 17 54 33 80 46 27 55 21 55 81 0 98 44 30 25 24 42 42 5 70 5 68 15 91 35 67 62 75 55 82 34 16 75 91 31 43 70 5 52 1 92 94 
59 97 7 23 68 90 73 22 30 96 86 96 52 6 60 92 62 49 43 78 25 65 90 84 54 40 82 78 80 9 23 31 55 59 64 48 36 67 98 0 50 88 23 74 63 16 16 67 38 72 87 52 62 73 70 75 48 76 56 33 91 82 23 73 24 45 77 27 97 69 
43 34 29 37 48 90 7 25 64 12 63 9 32 20 99 57 26 17 27 36 91 35 43 55 99 82 26 99 75 62 31 67 41 93 23 54 68 9 44 50 0 73 98 56 47 71 18 63 38 37 100 9 75 3 22 47 24 96 46 100 3 30 90 84 5 15 59 49 91 86 
50 74 17 29 4 28 36 100 34 57 29 31 49 77 17 96 83 49 9 76 57 71 39 27 25 81 58 54 91 45 20 77 79 59 51 65 95 88 30 88 73 0 97 11 58 94 18 4 16 88 18 54 76 69 14 2 71 88 100 47 83 46 46 38 27 87 21 31 1 80 
16 53 5 65 98 22 41 62 19 25 48 56 41 70 74 83 23 28 69 67 70 59 23 35 63 18 79 41 91 24 90 93 14 85 98 42 55 76 25 23 98 97 0 31 44 17 27 6 74 20 76 29 36 63 47 41 90 15 6 91 38 93 90 84 28 87 81 65 14 19 
52 23 38 65 93 41 60 38 42 30 52 83 88 7 73 59 71 39 45 7 66 9 87 47 29 31 43 96 77 36 61 54 53 53 86 41 58 81 24 74 56 11 31 0 37 44 20 68 27 15 84 53 20 57 25 95 86 12 9 84 52 98 98 57 40 35 2 30 70 29 
23 63 30 55 57 61 74 45 84 99 80 72 2 74 41 35 48 7 44 72 82 9 22 72 71 50 79 49 27 33 7 16 14 89 45 68 21 13 42 63 47 58 44 37 0 16 50 93 29 69 29 25 40 97 51 6 80 55 25 89 79 72 26 90 32 9 93 82 6 2 
89 44 61 97 1 66 89 90 53 48 86 44 91 89 67 78 32 38 62 36 59 52 90 48 14 66 24 6 91 98 11 55 93 97 42 91 26 18 42 16 71 94 17 44 16 0 21 93 3 2 62 31 18 12 75 98 32 3 74 71 51 76 76 31 31 52 71 61 75 96 
46 18 92 74 54 34 62 64 13 32 22 56 75 28 3 14 97 91 93 69 40 73 45 66 16 76 9 56 80 3 68 85 33 35 35 74 90 29 5 16 18 18 27 20 50 21 0 51 59 56 95 40 61 96 12 5 50 14 67 32 83 30 6 32 61 61 6 83 11 81 
88 20 60 63 60 51 26 68 98 92 81 16 58 19 33 80 8 94 90 68 8 13 97 63 86 48 69 85 33 73 5 82 27 63 4 19 49 77 70 67 63 4 6 68 93 93 51 0 58 93 63 61 63 24 88 10 26 46 65 20 37 78 68 48 82 69 13 100 1 95 
39 65 49 74 42 63 75 44 5 83 72 15 23 49 40 24 32 82 46 58 33 31 96 10 2 55 86 58 13 57 46 8 9 42 50 33 65 63 5 38 38 16 74 27 29 3 59 58 0 29 58 79 89 18 36 71 29 16 80 73 31 93 88 54 80 97 31 77 14 50 
31 85 87 12 57 34 22 11 27 82 76 15 84 37 3 38 80 56 68 40 41 35 37 48 59 18 4 62 21 88 63 60 31 93 34 29 46 64 68 72 37 88 20 15 69 2 56 93 29 0 13 43 69 12 76 38 25 76 38 71 4 95 1 93 65 36 15 45 4 95 
71 6 29 51 55 6 60 1 22 42 22 81 9 17 35 3 64 58 84 85 6 40 29 45 13 39 52 31 40 68 36 83 61 50 100 88 84 45 15 87 100 18 76 84 29 62 95 63 58 13 0 17 34 87 4 39 18 53 69 94 18 70 6 60 39 69 87 76 93 62 
83 45 30 86 8 83 1 50 10 96 91 67 62 99 35 41 15 60 51 74 21 32 84 99 11 1 26 75 15 79 40 28 31 8 91 5 17 35 91 52 9 54 29 53 25 31 40 61 79 43 17 0 65 16 66 11 16 10 75 52 76 71 55 22 88 40 8 43 78 77 
2 69 46 43 15 90 51 61 91 54 11 44 9 20 91 2 72 44 43 37 19 68 94 64 34 64 47 60 75 36 11 29 23 56 4 83 72 16 35 62 75 76 36 20 40 18 61 63 89 69 34 65 0 95 98 70 64 67 27 75 5 96 62 32 88 23 48 55 40 11 
68 85 79 88 23 70 48 82 6 2 56 22 75 73 65 43 53 92 57 57 92 91 33 54 40 76 12 51 89 22 79 14 46 48 70 52 52 1 67 73 3 69 63 57 97 12 96 24 18 12 87 16 95 0 23 1 37 74 77 8 80 98 95 71 58 37 48 34 84 45 
32 90 81 79 53 51 68 72 97 52 58 40 64 23 99 13 28 85 93 58 84 76 37 44 87 46 46 84 75 56 14 17 58 97 72 27 57 72 62 70 22 14 47 25 51 75 12 88 36 76 4 66 98 23 0 56 47 63 82 74 20 77 35 51 17 57 51 71 49 61 
72 89 35 55 57 41 72 82 29 83 51 16 14 39 79 50 30 66 76 83 15 8 37 68 78 66 96 1 16 99 53 99 36 42 55 69 86 41 75 75 47 2 41 95 6 98 5 10 71 38 39 11 70 1 56 0 93 1 49 18 77 56 49 27 50 19 36 39 18 69 
79 41 45 26 50 92 4 66 24 61 91 24 59 38 31 71 26 75 20 25 83 63 59 58 50 70 66 4 89 84 76 35 14 70 13 41 74 36 55 48 24 71 90 86 80 32 50 26 29 25 18 16 64 37 47 93 0 74 14 24 72 77 58 45 96 34 79 98 50 88 
59 13 50 27 96 68 37 34 1 84 24 20 13 61 80 87 11 70 26 3 70 84 100 79 70 45 60 7 8 44 50 71 12 19 71 62 84 69 82 76 96 88 15 12 55 3 14 46 16 76 53 10 67 74 63 1 74 0 48 73 88 60 17 88 9 35 17 16 35 43 
67 29 30 33 60 4 91 94 49 35 73 46 92 17 18 33 25 20 3 70 47 82 92 95 97 67 37 71 33 80 69 93 98 30 35 22 98 59 34 56 46 100 6 9 25 74 67 65 80 38 69 75 27 77 82 49 14 48 0 18 6 78 8 23 98 81 37 74 52 65 
93 20 31 8 97 48 38 87 87 21 86 29 82 80 68 85 1 89 16 34 43 45 45 99 46 91 1 90 95 42 17 86 38 100 37 28 19 10 16 33 100 47 91 84 89 71 32 20 73 71 94 52 75 8 74 18 24 73 18 0 31 49 60 16 79 9 66 18 9 38 
67 31 97 47 9 79 52 95 43 16 25 38 77 61 86 3 39 66 14 45 23 84 14 87 46 11 55 7 23 48 79 28 35 44 36 61 22 94 75 91 3 83 38 52 79 51 83 37 31 4 18 76 5 80 20 77 72 88 6 31 0 5 20 6 93 80 92 9 96 27 
88 17 56 10 34 94 11 19 15 26 81 51 45 61 80 32 73 89 38 75 39 16 20 64 38 96 94 51 49 92 90 61 23 99 54 94 74 6 91 82 30 46 93 98 72 76 30 78 93 95 70 71 96 98 77 56 77 60 78 49 5 0 3 13 32 32 20 6 29 100 
79 18 66 21 44 53 75 35 69 23 54 57 77 81 96 50 19 75 19 26 93 7 92 37 90 83 66 54 3 75 19 69 23 81 36 87 96 16 31 23 90 46 90 98 26 76 6 68 88 1 6 55 62 95 35 49 58 17 8 60 20 3 0 94 54 3 58 84 3 69 
26 54 96 71 80 52 7 67 20 62 93 46 87 26 28 50 80 19 97 38 13 23 10 92 92 89 99 50 25 43 22 55 88 25 47 77 7 17 43 73 84 38 84 57 90 31 32 48 54 93 60 22 32 71 51 27 45 88 23 16 6 13 94 0 52 82 30 17 99 38 
69 69 73 20 50 40 26 70 99 85 15 32 27 95 53 61 71 36 17 75 53 7 83 28 94 92 21 8 12 46 55 11 30 14 73 77 24 80 70 24 5 27 28 40 32 31 61 82 80 65 39 88 88 58 17 50 96 9 98 79 93 32 54 52 0 6 56 57 11 100 
71 27 99 1 62 93 29 63 20 96 43 14 10 63 40 46 59 42 11 27 80 41 30 10 95 61 10 42 63 37 95 72 74 68 60 33 74 23 5 45 15 87 87 35 9 52 61 69 97 36 69 40 23 37 57 19 34 35 81 9 80 32 3 82 6 0 37 3 60 32 
45 31 28 55 56 65 71 60 58 58 22 54 50 15 50 14 59 97 45 75 11 81 90 76 86 21 90 1 37 64 100 71 18 47 17 99 8 10 52 77 59 21 81 2 93 71 6 13 31 15 87 8 48 48 51 36 79 17 37 66 92 20 58 30 56 37 0 81 62 96 
1 50 52 43 84 58 24 44 90 15 86 6 65 74 87 58 53 46 23 50 27 89 64 75 94 98 2 34 82 42 5 74 30 60 84 27 94 31 1 27 49 31 65 30 82 61 83 100 77 45 76 43 55 34 71 39 98 16 74 18 9 6 84 17 57 3 81 0 64 45 
69 1 82 20 89 35 96 34 66 26 80 38 87 73 96 75 35 85 72 47 2 58 10 77 51 3 72 66 7 78 69 34 30 68 95 50 100 36 92 97 91 1 14 70 6 75 11 1 14 4 93 78 40 84 49 18 50 35 52 9 96 29 3 99 11 60 62 64 0 15 
5 89 20 57 69 13 86 87 82 43 8 5 45 94 4 9 92 75 65 37 33 5 45 93 94 63 71 55 53 70 32 2 16 25 71 71 62 91 94 69 86 80 19 29 2 96 81 95 50 95 62 77 11 45 61 69 88 43 65 38 27 100 69 38 100 32 96 45 15 0 
