80
0 47 21 80 58 43 19 30 13 85 61 79 86 89 79 53 66 95 60 50 92 32 57 92 53 13 34 58 27 79 15 47 25 87 79 34 30 49 63 94 85 75 24 23 64 55 75 81 49 86 30 92 17 86 35 69 98 20 27 24 98 93 23 74 32 53 7 61 53 70 6 37 96 30 11 59 84 37 39 84 
47 0 23 68 27 91 6 14 60 3 85 38 79 83 82 53 8 13 57 15 25 61 36 31 49 31 12 60 90 47 96 80 82 70 100 8 61 5 73 72 59 58 61 89 92 42 93 99 7 1 13 31 61 100 13 10 31 24 21 72 22 16 51 3 38 2 63 98 58 35 21 69 44 81 9 35 74 2 86 80 
21 23 0 54 50 11 15 50 23 76 32 99 96 3 20 63 5 75 52 7 37 49 64 71 21 32 67 53 93 53 27 94 38 6 99 40 68 65 41 43 40 72 93 87 74 12 2 78 38 53 36 74 54 52 97 26 35 63 79 27 15 5 72 5 62 71 44 30 35 84 72 27 7 64 65 32 27 18 9 65 
80 68 54 0 71 97 90 76 48 86 1 82 100 79 61 15 35 32 71 97 2 66 26 89 1 49 15 7 64 79 38 42 97 98 58 19 46 48 46 93 85 46 27 85 77 87 51 11 18 21 7 72 86 84 60 38 84 26 44 47 56 33 89 52 30 98 22 76 45 67 20 30 65 98 14 41 84 16 3 54 
58 27 50 71 0 36 10 77 73 45 36 62 29 61 5 27 16 89 15 20 70 65 93 45 9 60 17 90 76 14 55 16 50 70 70 3 57 31 79 29 76 66 90 4 78 46 30 45 34 97 64 4 61 9 100 21 68 68 11 95 82 65 10 83 35 31 37 91 62 15 72 37 32 13 92 9 11 73 53 96 
43 91 11 97 36 0 69 69 51 81 77 51 2 96 70 64 90 51 28 51 85 14 81 21 57 42 87 28 30 18 92 21 78 2 94 83 98 14 51 48 47 79 50 48 26 20 11 67 22 90 17 7 4 49 27 12 43 14 39 24 83 82 97 61 84 90 43 33 55 45 32 1 75 34 100 100 53 62 18 26 
19 6 15 90 10 69 0 52 86 84 7 34 11 18 28 76 8 4 58 41 100 70 24 89 12 8 95 8 92 48 82 25 47 33 29 9 50 54 12 35 38 70 21 100 39 100 75 98 3 84 38 2 54 14 42 17 21 89 25 64 36 6 88 82 91 16 42 92 70 5 79 59 74 51 58 12 50 84 9 5 
30 14 50 76 77 69 52 0 67 99 58 20 12 52 37 84 92 13 48 27 70 35 60 60 51 2 52 72 6 82 82 32 32 39 43 33 22 4 89 40 2 47 12 65 50 100 48 41 12 95 67 81 82 78 93 32 79 96 55 37 77 36 68 8 26 62 92 99 17 81 38 70 79 49 34 28 100 82 20 11 
13 60 23 48 73 51 86 67 0 28 38 44 9 15 36 92 46 83 46 82 59 33 1 18 58 14 9 8 31 89 46 52 19 46 86 46 46 19 65 8 98 2 51 7 69 38 50 14 20 48 47 30 80 99 47 90 12 8 97 94 48 94 46 67 40 83 12 37 1 29 44 98 82 47 56 50 36 6 15 8 
85 3 76 86 45 81 84 99 28 0 53 61 37 84 59 36 73 23 43 22 16 42 67 61 8 58 43 72 94 95 52 90 45 33 88 100 35 23 57 1 30 61 62 19 45 72 54 69 46 48 42 62 89 9 74 97 66 69 20 60 63 71 1 59 3 88 11 89 62 67 90 44 28 3 62 24 26 15 92 72 
61 85 32 1 36 77 7 58 38 53 0 14 34 85 2 42 58 50 7 78 69 18 93 39 70 51 94 9 61 34 71 80 75 14 59 77 75 82 55 41 73 78 6 58 62 7 99 71 9 58 49 29 27 93 68 49 43 13 57 56 98 27 87 73 92 45 1 66 26 55 58 50 84 63 8 45 22 58 68 82 
79 38 99 82 62 51 34 20 44 61 14 0 67 68 10 46 60 29 94 2 93 50 9 91 29 95 63 20 39 15 38 16 22 47 18 5 10 77 2 83 34 69 64 53 36 73 98 95 54 91 48 46 92 57 36 20 51 50 40 42 65 29 57 86 75 74 42 36 2 43 70 36 11 33 40 98 58 37 92 11 
86 79 96 100 29 2 11 12 9 37 34 67 0 27 40 56 70 48 44 90 98 93 81 91 57 9 48 94 35 73 36 71 75 30 92 62 41 25 1 38 34 89 82 96 67 73 51 36 20 94 25 69 39 57 60 47 65 59 41 52 31 28 74 57 57 65 70 49 41 22 39 74 10 72 69 76 44 72 12 15 
89 83 3 79 61 96 18 52 15 84 85 68 27 0 17 88 83 55 45 94 2 61 52 94 12 35 73 85 43 29 2 13 30 42 34 20 16 96 91 36 71 86 7 34 100 76 22 34 30 66 80 83 26 31 76 90 65 48 26 8 29 27 72 10 21 57 29 88 52 71 23 23 56 82 56 7 57 29 92 86 
79 82 20 61 5 70 28 37 36 59 2 10 40 17 0 46 71 69 72 54 96 13 18 96 38 77 24 17 48 33 37 57 13 24 8 83 46 82 90 79 90 48 35 18 91 73 64 14 93 87 67 40 99 36 35 88 13 58 4 12 42 40 68 54 15 28 88 13 9 29 91 98 76 78 16 19 2 31 32 46 
53 53 63 15 27 64 76 84 92 36 42 46 56 88 46 0 17 50 85 67 85 20 54 49 29 58 13 23 49 32 76 64 59 16 76 68 44 18 17 72 95 84 42 96 14 73 41 30 22 26 48 58 97 2 7 77 11 71 99 59 2 75 74 13 42 49 32 37 67 48 8 13 32 1 9 45 73 1 27 46 
66 8 5 35 16 90 8 92 46 73 58 60 70 83 71 17 0 78 74 56 26 27 14 3 37 84 1 48 37 27 21 49 68 22 80 5 40 80 64 52 11 65 12 7 89 65 33 87 42 59 42 68 85 55 70 22 90 22 69 26 49 41 27 16 62 58 72 1 37 88 5 47 52 16 6 92 80 38 30 74 
95 13 75 32 89 51 4 13 83 23 50 29 48 55 69 50 78 0 48 71 93 33 77 62 6 18 35 74 96 83 66 22 51 28 79 22 80 16 61 84 14 64 52 19 56 83 9 85 56 56 8 48 40 36 61 45 54 96 70 49 30 36 22 80 63 100 54 94 67 14 78 81 78 81 99 33 63 59 69 71 
60 57 52 71 15 28 58 48 46 43 7 94 44 45 72 85 74 48 0 15 28 70 54 64 83 51 69 30 20 17 59 7 90 91 21 89 44 15 56 57 44 88 34 24 38 18 38 97 39 60 63 66 30 68 29 64 18 97 93 90 65 3 96 54 93 17 95 36 83 50 93 26 37 78 1 74 48 38 22 86 
50 15 7 97 20 51 41 27 82 22 78 2 90 94 54 67 56 71 15 0 98 84 51 79 52 32 42 21 28 34 10 45 36 6 50 29 74 44 16 8 45 8 85 33 38 85 59 85 74 80 70 23 64 20 1 67 3 94 87 83 27 97 27 15 54 28 95 79 72 10 86 16 70 70 1 7 6 59 43 79 
92 25 37 2 70 85 100 70 59 16 69 93 98 2 96 85 26 93 28 98 0 38 12 54 53 83 54 71 86 48 58 68 26 6 46 92 11 73 38 89 96 48 26 64 69 47 64 27 4 22 69 82 11 80 35 64 14 41 34 99 40 43 18 65 48 15 9 58 40 46 98 35 45 75 98 65 21 61 91 24 
32 61 49 66 65 14 70 35 33 42 18 50 93 61 13 20 27 33 70 84 38 0 34 59 58 45 90 44 60 56 36 45 6 75 88 24 92 87 90 52 97 29 97 94 64 94 69 13 58 41 26 49 17 59 59 26 3 1 21 62 56 57 7 61 31 46 36 74 32 78 25 28 6 74 74 21 67 94 34 24 
57 36 64 26 93 81 24 60 1 67 93 9 81 52 18 54 14 77 54 51 12 34 0 34 59 24 2 69 35 27 72 87 48 85 42 4 43 54 86 88 42 12 72 19 88 99 24 61 24 97 27 17 30 3 3 40 78 4 8 12 31 31 98 30 16 91 85 58 45 22 98 38 33 69 56 21 19 31 33 43 
92 31 71 89 45 21 89 60 18 61 39 91 91 94 96 49 3 62 64 79 54 59 34 0 27 60 59 8 14 61 99 91 65 59 55 47 89 52 28 56 43 12 14 39 33 63 76 18 31 83 90 49 13 22 91 40 81 2 99 46 14 98 37 30 56 91 76 96 94 55 52 88 66 17 26 99 79 53 68 9 
53 49 21 1 9 57 12 51 58 8 70 29 57 12 38 29 37 6 83 52 53 58 59 27 0 87 57 57 100 78 100 91 11 1 41 56 66 38 44 96 45 34 23 41 80 78 92 67 43 8 45 93 86 49 60 94 36 68 2 87 46 53 29 56 5 69 63 71 7 7 66 3 40 88 43 71 65 34 38 60 
13 31 32 49 60 42 8 2 14 58 51 95 9 35 77 58 84 18 51 32 83 45 24 60 87 0 93 82 52 78 82 64 23 17 31 77 3 28 29 83 83 34 52 46 4 10 52 21 12 43 8 7 14 25 40 3 84 85 36 87 14 17 50 37 34 33 65 88 60 93 71 95 26 74 92 81 83 43 1 46 
34 12 67 15 17 87 95 52 9 43 94 63 48 73 24 13 1 35 69 42 54 90 2 59 57 93 0 37 61 52 2 85 44 4 68 28 91 6 41 8 8 29 93 40 93 32 51 86 54 45 63 27 88 96 61 30 96 7 19 56 10 72 40 53 28 59 32 18 17 25 25 24 53 69 15 98 1 65 35 54 
58 60 53 7 90 28 8 72 8 72 9 20 94 85 17 23 48 74 30 21 71 44 69 8 57 82 37 0 62 49 33 49 44 45 31 92 3 1 47 13 72 39 17 99 49 49 17 65 25 93 88 29 62 54 26 14 19 60 19 32 9 51 32 4 96 14 95 50 14 94 62 86 32 31 36 32 31 52 97 55 
27 90 93 64 76 30 92 6 31 94 61 39 35 43 48 49 37 96 20 28 86 60 35 14 100 52 61 62 0 45 36 83 58 90 9 71 60 20 89 43 80 92 74 84 39 88 78 88 53 71 2 38 54 32 74 86 62 77 34 68 73 21 50 30 62 10 52 73 82 41 67 61 84 41 96 22 80 74 61 32 
79 47 53 79 14 18 48 82 89 95 34 15 73 29 33 32 27 83 17 34 48 56 27 61 78 78 52 49 45 0 96 62 22 2 93 47 39 6 23 24 73 48 96 75 29 10 36 81 82 17 73 49 30 56 41 25 29 72 50 89 3 98 51 76 99 95 22 37 53 97 12 25 44 7 51 72 16 87 4 98 
15 96 27 38 55 92 82 82 46 52 71 38 36 2 37 76 21 66 59 10 58 36 72 99 100 82 2 33 36 96 0 3 28 98 32 83 90 9 63 61 58 4 63 55 54 91 53 100 12 41 52 8 52 29 3 59 79 27 26 17 82 75 20 10 72 3 44 13 11 7 73 21 10 88 75 15 78 80 14 89 
47 80 94 42 16 21 25 32 52 90 80 16 71 13 57 64 49 22 7 45 68 45 87 91 91 64 85 49 83 62 3 0 20 18 49 24 46 3 82 76 81 59 93 63 34 64 72 57 18 15 70 81 21 42 1 82 29 75 96 58 54 62 99 26 31 99 49 76 1 82 51 82 40 95 44 73 58 67 30 28 
25 82 38 97 50 78 47 32 19 45 75 22 75 30 13 59 68 51 90 36 26 6 48 65 11 23 44 44 58 22 28 20 0 81 99 8 54 92 8 87 73 34 83 30 40 96 28 65 26 26 13 53 79 46 55 12 85 50 7 10 59 73 39 86 53 89 93 58 32 52 45 4 86 79 34 25 74 13 41 51 
87 70 6 98 70 2 33 39 46 33 14 47 30 42 24 16 22 28 91 6 6 75 85 59 1 17 4 45 90 2 98 18 81 0 39 53 3 17 50 57 80 34 58 86 43 17 58 33 54 62 73 47 20 5 50 16 8 35 94 93 11 19 6 51 69 44 55 23 12 4 31 91 90 89 28 32 57 85 17 10 
79 100 99 58 70 94 29 43 86 88 59 18 92 34 8 76 80 79 21 50 46 88 42 55 41 31 68 31 9 93 32 49 99 39 0 46 89 8 17 45 58 32 53 44 25 45 55 43 2 57 63 97 12 37 60 67 68 2 56 8 29 40 16 13 56 77 59 96 85 75 41 94 59 45 89 83 41 95 78 43 
34 8 40 19 3 83 9 33 46 100 77 5 62 20 83 68 5 22 89 29 92 24 4 47 56 77 28 92 71 47 83 24 8 53 46 0 52 92 39 15 29 99 81 48 100 89 55 29 28 22 93 83 98 3 78 34 30 70 79 88 14 68 70 55 62 99 97 65 91 87 31 71 37 64 18 37 52 24 17 79 
30 61 68 46 57 98 50 22 46 35 75 10 41 16 46 44 40 80 44 74 11 92 43 89 66 3 91 3 60 39 90 46 54 3 89 52 0 45 61 13 94 64 90 28 93 12 6 80 25 25 1 31 39 100 79 3 42 18 86 12 54 49 81 42 100 4 58 30 100 19 42 93 34 83 20 26 94 78 57 71 
49 5 65 48 31 14 54 4 19 23 82 77 25 96 82 18 80 16 15 44 73 87 54 52 38 28 6 1 20 6 9 3 92 17 8 92 45 0 2 57 53 40 8 32 95 49 49 80 12 2 80 44 44 31 99 53 60 98 23 53 91 56 35 62 33 81 91 89 3 93 98 55 84 5 86 78 6 86 9 69 
63 73 41 46 79 51 12 89 65 57 55 2 1 91 90 17 64 61 56 16 38 90 86 28 44 29 41 47 89 23 63 82 8 50 17 39 61 2 0 40 40 13 83 70 11 87 81 61 62 85 3 69 20 16 2 52 7 42 54 99 91 8 34 96 46 64 53 31 24 73 70 64 37 4 85 100 43 18 60 4 
94 72 43 93 29 48 35 40 8 1 41 83 38 36 79 72 52 84 57 8 89 52 88 56 96 83 8 13 43 24 61 76 87 57 45 15 13 57 40 0 2 62 72 73 29 25 24 35 19 29 85 9 89 19 4 34 82 8 16 5 33 38 68 69 93 5 20 35 22 79 90 75 92 62 48 21 38 23 7 56 
85 59 40 85 76 47 38 2 98 30 73 34 34 71 90 95 11 14 44 45 96 97 42 43 45 83 8 72 80 73 58 81 73 80 58 29 94 53 40 2 0 4 92 65 92 10 20 25 91 80 92 95 12 29 15 32 22 19 52 8 92 82 98 66 26 11 65 98 100 40 4 56 43 95 72 34 56 91 10 98 
75 58 72 46 66 79 70 47 2 61 78 69 89 86 48 84 65 64 88 8 48 29 12 12 34 34 29 39 92 48 4 59 34 34 32 99 64 40 13 62 4 0 22 1 93 85 82 59 17 3 29 20 62 72 53 11 89 30 21 54 27 21 93 83 28 35 29 99 68 85 41 77 82 15 29 26 99 10 36 67 
24 61 93 27 90 50 21 12 51 62 6 64 82 7 35 42 12 52 34 85 26 97 72 14 23 52 93 17 74 96 63 93 83 58 53 81 90 8 83 72 92 22 0 64 64 86 26 87 91 36 76 20 9 29 47 81 73 81 60 7 9 10 26 45 50 54 79 16 82 4 15 92 40 81 7 55 19 32 42 9 
23 89 87 85 4 48 100 65 7 19 58 53 96 34 18 96 7 19 24 33 64 94 19 39 41 46 40 99 84 75 55 63 30 86 44 48 28 32 70 73 65 1 64 0 20 17 28 80 97 26 60 69 6 19 27 67 80 4 11 29 57 89 97 90 45 11 33 36 91 40 42 61 23 83 69 42 51 49 73 99 
64 92 74 77 78 26 39 50 69 45 62 36 67 100 91 14 89 56 38 38 69 64 88 33 80 4 93 49 39 29 54 34 40 43 25 100 93 95 11 29 92 93 64 20 0 74 32 19 32 2 45 50 81 48 60 62 56 1 58 46 97 20 78 32 62 17 73 23 40 8 91 33 10 39 6 9 65 89 79 96 
55 42 12 87 46 20 100 100 38 72 7 73 73 76 73 73 65 83 18 85 47 94 99 63 78 10 32 49 88 10 91 64 96 17 45 89 12 49 87 25 10 85 86 17 74 0 43 24 45 75 23 56 36 79 8 45 76 4 64 53 87 26 22 12 48 13 19 90 45 80 29 2 40 45 43 19 40 85 94 36 
75 93 2 51 30 11 75 48 50 54 99 98 51 22 64 41 33 9 38 59 64 69 24 76 92 52 51 17 78 36 53 72 28 58 55 55 6 49 81 24 20 82 26 28 32 43 0 59 68 43 47 98 51 43 73 6 59 78 93 84 99 4 83 11 74 24 7 53 4 61 93 48 3 63 87 39 56 74 49 23 
81 99 78 11 45 67 98 41 14 69 71 95 36 34 14 30 87 85 97 85 27 13 61 18 67 21 86 65 88 81 100 57 65 33 43 29 80 80 61 35 25 59 87 80 19 24 59 0 17 47 21 67 90 93 24 48 70 16 83 20 71 17 82 44 40 89 49 44 1 93 91 55 55 30 93 10 3 93 84 19 
49 7 38 18 34 22 3 12 20 46 9 54 20 30 93 22 42 56 39 74 4 58 24 31 43 12 54 25 53 82 12 18 26 54 2 28 25 12 62 19 91 17 91 97 32 45 68 17 0 40 4 37 29 49 61 28 70 28 10 90 51 26 71 46 17 11 94 60 11 86 3 65 40 32 9 1 86 2 85 5 
86 1 53 21 97 90 84 95 48 48 58 91 94 66 87 26 59 56 60 80 22 41 97 83 8 43 45 93 71 17 41 15 26 62 57 22 25 2 85 29 80 3 36 26 2 75 43 47 40 0 93 40 93 21 88 5 100 58 85 9 99 35 86 21 80 54 32 26 66 94 63 68 11 55 51 71 55 36 24 91 
30 13 36 7 64 17 38 67 47 42 49 48 25 80 67 48 42 8 63 70 69 26 27 90 45 8 63 88 2 73 52 70 13 73 63 93 1 80 3 85 92 29 76 60 45 23 47 21 4 93 0 40 16 31 85 88 70 89 87 79 25 47 29 59 84 50 91 38 33 68 3 26 30 22 88 84 72 59 91 7 
92 31 74 72 4 7 2 81 30 62 29 46 69 83 40 58 68 48 66 23 82 49 17 49 93 7 27 29 38 49 8 81 53 47 97 83 31 44 69 9 95 20 20 69 50 56 98 67 37 40 40 0 82 81 99 50 63 83 37 85 23 76 63 48 22 92 6 58 41 48 95 25 15 49 50 97 70 90 80 41 
17 61 54 86 61 4 54 82 80 89 27 92 39 26 99 97 85 40 30 64 11 17 30 13 86 14 88 62 54 30 52 21 79 20 12 98 39 44 20 89 12 62 9 6 81 36 51 90 29 93 16 82 0 100 22 47 81 55 45 82 17 79 19 1 2 46 16 49 19 7 6 76 99 6 22 23 20 22 24 16 
86 100 52 84 9 49 14 78 99 9 93 57 57 31 36 2 55 36 68 20 80 59 3 22 49 25 96 54 32 56 29 42 46 5 37 3 100 31 16 19 29 72 29 19 48 79 43 93 49 21 31 81 100 0 91 65 48 83 64 69 82 45 75 78 78 92 57 48 44 58 93 11 58 12 69 15 39 67 20 13 
35 13 97 60 100 27 42 93 47 74 68 36 60 76 35 7 70 61 29 1 35 59 3 91 60 40 61 26 74 41 3 1 55 50 60 78 79 99 2 4 15 53 47 27 60 8 73 24 61 88 85 99 22 91 0 41 92 34 17 59 77 81 58 59 45 79 92 41 53 70 18 96 26 18 92 35 10 2 44 73 
69 10 26 38 21 12 17 32 90 97 49 20 47 90 88 77 22 45 64 67 64 26 40 40 94 3 30 14 86 25 59 82 12 16 67 34 3 53 52 34 32 11 81 67 62 45 6 48 28 5 88 50 47 65 41 0 71 58 12 89 30 76 82 21 9 50 31 85 30 89 96 26 67 87 18 19 56 88 15 33 
98 31 35 84 68 43 21 79 12 66 43 51 65 65 13 11 90 54 18 3 14 3 78 81 36 84 96 19 62 29 79 29 85 8 68 30 42 60 7 82 22 89 73 80 56 76 59 70 70 100 70 63 81 48 92 71 0 5 58 19 14 59 62 87 81 72 50 70 53 77 3 25 85 52 55 22 33 95 17 59 
20 24 63 26 68 14 89 96 8 69 13 50 59 48 58 71 22 96 97 94 41 1 4 2 68 85 7 60 77 72 27 75 50 35 2 70 18 98 42 8 19 30 81 4 1 4 78 16 28 58 89 83 55 83 34 58 5 0 61 55 76 32 11 63 98 95 67 55 14 33 65 27 71 46 50 72 67 2 48 69 
27 21 79 44 11 39 25 55 97 20 57 40 41 26 4 99 69 70 93 87 34 21 8 99 2 36 19 19 34 50 26 96 7 94 56 79 86 23 54 16 52 21 60 11 58 64 93 83 10 85 87 37 45 64 17 12 58 61 0 26 32 20 81 5 52 75 21 62 88 76 38 19 38 52 68 32 71 22 97 3 
24 72 27 47 95 24 64 37 94 60 56 42 52 8 12 59 26 49 90 83 99 62 12 46 87 87 56 32 68 89 17 58 10 93 8 88 12 53 99 5 8 54 7 29 46 53 84 20 90 9 79 85 82 69 59 89 19 55 26 0 86 76 73 83 25 96 49 27 43 17 52 26 88 84 31 40 59 51 53 98 
98 22 15 56 82 83 36 77 48 63 98 65 31 29 42 2 49 30 65 27 40 56 31 14 46 14 10 9 73 3 82 54 59 11 29 14 54 91 91 33 92 27 9 57 97 87 99 71 51 99 25 23 17 82 77 30 14 76 32 86 0 78 42 68 15 94 35 99 16 8 47 18 93 22 42 28 47 37 76 73 
93 16 5 33 65 82 6 36 94 71 27 29 28 27 40 75 41 36 3 97 43 57 31 98 53 17 72 51 21 98 75 62 73 19 40 68 49 56 8 38 82 21 10 89 20 26 4 17 26 35 47 76 79 45 81 76 59 32 20 76 78 0 31 93 76 56 80 60 86 71 70 89 76 67 66 17 34 33 62 20 
23 51 72 89 10 97 88 68 46 1 87 57 74 72 68 74 27 22 96 27 18 7 98 37 29 50 40 32 50 51 20 99 39 6 16 70 81 35 34 68 98 93 26 97 78 22 83 82 71 86 29 63 19 75 58 82 62 11 81 73 42 31 0 83 77 27 81 46 71 3 39 98 1 27 74 73 57 18 100 65 
74 3 5 52 83 61 82 8 67 59 73 86 57 10 54 13 16 80 54 15 65 61 30 30 56 37 53 4 30 76 10 26 86 51 13 55 42 62 96 69 66 83 45 90 32 12 11 44 46 21 59 48 1 78 59 21 87 63 5 83 68 93 83 0 97 59 50 20 80 38 95 98 56 63 31 40 25 50 74 53 
32 38 62 30 35 84 91 26 40 3 92 75 57 21 15 42 62 63 93 54 48 31 16 56 5 34 28 96 62 99 72 31 53 69 56 62 100 33 46 93 26 28 50 45 62 48 74 40 17 80 84 22 2 78 45 9 81 98 52 25 15 76 77 97 0 76 54 51 99 56 89 96 56 68 69 80 24 86 32 88 
53 2 71 98 31 90 16 62 83 88 45 74 65 57 28 49 58 100 17 28 15 46 91 91 69 33 59 14 10 95 3 99 89 44 77 99 4 81 64 5 11 35 54 11 17 13 24 89 11 54 50 92 46 92 79 50 72 95 75 96 94 56 27 59 76 0 35 42 90 6 22 79 52 19 34 14 2 25 90 3 
7 63 44 22 37 43 42 92 12 11 1 42 70 29 88 32 72 54 95 95 9 36 85 76 63 65 32 95 52 22 44 49 93 55 59 97 58 91 53 20 65 29 79 33 73 19 7 49 94 32 91 6 16 57 92 31 50 67 21 49 35 80 81 50 54 35 0 98 43 31 4 93 29 59 33 24 67 100 45 98 
61 98 30 76 91 33 92 99 37 89 66 36 49 88 13 37 1 94 36 79 58 74 58 96 71 88 18 50 73 37 13 76 58 23 96 65 30 89 31 35 98 99 16 36 23 90 53 44 60 26 38 58 49 48 41 85 70 55 62 27 99 60 46 20 51 42 98 0 76 82 29 15 16 71 4 21 44 83 24 62 
53 58 35 45 62 55 70 17 1 62 26 2 41 52 9 67 37 67 83 72 40 32 45 94 7 60 17 14 82 53 11 1 32 12 85 91 100 3 24 22 100 68 82 91 40 45 4 1 11 66 33 41 19 44 53 30 53 14 88 43 16 86 71 80 99 90 43 76 0 68 38 15 45 27 18 42 69 48 45 13 
70 35 84 67 15 45 5 81 29 67 55 43 22 71 29 48 88 14 50 10 46 78 22 55 7 93 25 94 41 97 7 82 52 4 75 87 19 93 73 79 40 85 4 40 8 80 61 93 86 94 68 48 7 58 70 89 77 33 76 17 8 71 3 38 56 6 31 82 68 0 76 56 46 99 74 97 95 23 72 77 
6 21 72 20 72 32 79 38 44 90 58 70 39 23 91 8 5 78 93 86 98 25 98 52 66 71 25 62 67 12 73 51 45 31 41 31 42 98 70 90 4 41 15 42 91 29 93 91 3 63 3 95 6 93 18 96 3 65 38 52 47 70 39 95 89 22 4 29 38 76 0 52 87 92 74 90 65 69 24 88 
37 69 27 30 37 1 59 70 98 44 50 36 74 23 98 13 47 81 26 16 35 28 38 88 3 95 24 86 61 25 21 82 4 91 94 71 93 55 64 75 56 77 92 61 33 2 48 55 65 68 26 25 76 11 96 26 25 27 19 26 18 89 98 98 96 79 93 15 15 56 52 0 30 44 77 45 88 4 14 29 
96 44 7 65 32 75 74 79 82 28 84 11 10 56 76 32 52 78 37 70 45 6 33 66 40 26 53 32 84 44 10 40 86 90 59 37 34 84 37 92 43 82 40 23 10 40 3 55 40 11 30 15 99 58 26 67 85 71 38 88 93 76 1 56 56 52 29 16 45 46 87 30 0 24 61 26 89 36 33 34 
30 81 64 98 13 34 51 49 47 3 63 33 72 82 78 1 16 81 78 70 75 74 69 17 88 74 69 31 41 7 88 95 79 89 45 64 83 5 4 62 95 15 81 83 39 45 63 30 32 55 22 49 6 12 18 87 52 46 52 84 22 67 27 63 68 19 59 71 27 99 92 44 24 0 86 6 30 81 28 54 
11 9 65 14 92 100 58 34 56 62 8 40 69 56 16 9 6 99 1 1 98 74 56 26 43 92 15 36 96 51 75 44 34 28 89 18 20 86 85 48 72 29 7 69 6 43 87 93 9 51 88 50 22 69 92 18 55 50 68 31 42 66 74 31 69 34 33 4 18 74 74 77 61 86 0 9 31 40 52 56 
59 35 32 41 9 100 12 28 50 24 45 98 76 7 19 45 92 33 74 7 65 21 21 99 71 81 98 32 22 72 15 73 25 32 83 37 26 78 100 21 34 26 55 42 9 19 39 10 1 71 84 97 23 15 35 19 22 72 32 40 28 17 73 40 80 14 24 21 42 97 90 45 26 6 9 0 81 16 24 5 
84 74 27 84 11 53 50 100 36 26 22 58 44 57 2 73 80 63 48 6 21 67 19 79 65 83 1 31 80 16 78 58 74 57 41 52 94 6 43 38 56 99 19 51 65 40 56 3 86 55 72 70 20 39 10 56 33 67 71 59 47 34 57 25 24 2 67 44 69 95 65 88 89 30 31 81 0 56 6 48 
37 2 18 16 73 62 84 82 6 15 58 37 72 29 31 1 38 59 38 59 61 94 31 53 34 43 65 52 74 87 80 67 13 85 95 24 78 86 18 23 91 10 32 49 89 85 74 93 2 36 59 90 22 67 2 88 95 2 22 51 37 33 18 50 86 25 100 83 48 23 69 4 36 81 40 16 56 0 84 2 
39 86 9 3 53 18 9 20 15 92 68 92 12 92 32 27 30 69 22 43 91 34 33 68 38 1 35 97 61 4 14 30 41 17 78 17 57 9 60 7 10 36 42 73 79 94 49 84 85 24 91 80 24 20 44 15 17 48 97 53 76 62 100 74 32 90 45 24 45 72 24 14 33 28 52 24 6 84 0 35 
84 80 65 54 96 26 5 11 8 72 82 11 15 86 46 46 74 71 86 79 24 24 43 9 60 46 54 55 32 98 89 28 51 10 43 79 71 69 4 56 98 67 9 99 96 36 23 19 5 91 7 41 16 13 73 33 59 69 3 98 73 20 65 53 88 3 98 62 13 77 88 29 34 54 56 5 48 2 35 0 
