50
0 51 87 48 93 46 80 24 31 12 91 51 55 71 84 5 39 70 62 28 95 4 100 31 99 95 7 79 51 78 100 39 80 87 87 72 84 66 95 14 77 38 16 83 8 100 39 99 69 1 
51 0 26 15 56 77 97 55 71 3 85 73 80 85 11 60 23 97 83 6 62 30 71 91 67 87 25 74 38 64 72 58 64 49 72 19 25 68 25 95 22 10 19 54 94 30 65 16 26 47 
87 26 0 73 40 76 43 82 42 81 6 68 70 69 91 27 84 40 50 55 64 17 31 11 91 40 29 44 85 10 8 52 36 54 24 27 82 19 8 75 51 65 42 21 86 85 47 21 76 97 
48 15 73 0 27 91 65 58 1 55 97 82 50 82 43 57 85 30 11 9 56 44 79 15 18 29 32 12 49 17 96 48 37 71 44 64 13 60 21 14 67 69 47 16 2 41 73 87 71 35 
93 56 40 27 0 47 78 78 25 93 47 53 24 58 54 92 5 1 80 27 96 95 40 55 67 5 21 36 3 89 89 43 61 75 13 47 73 91 76 97 35 22 2 10 80 55 1 36 55 32 
46 77 76 91 47 0 63 50 27 2 56 93 58 29 80 60 17 69 2 77 95 15 75 20 57 50 16 91 71 69 52 2 23 52 38 77 35 100 78 61 53 34 6 10 14 37 21 30 5 22 
80 97 43 65 78 63 0 58 52 88 32 71 96 81 38 86 51 7 37 53 81 40 42 10 75 93 87 87 97 72 44 58 85 81 78 14 37 99 23 40 39 54 10 34 34 100 72 37 58 60 
24 55 82 58 78 50 58 0 41 38 100 82 47 26 26 86 64 22 9 8 79 46 40 56 11 76 6 34 16 96 87 77 82 73 28 53 9 85 12 1 75 63 34 21 40 59 58 4 32 19 
31 71 42 1 25 27 52 41 0 63 10 64 2 17 74 77 74 7 44 22 46 21 3 18 48 55 78 85 18 30 59 81 63 31 20 73 89 75 4 7 37 65 22 90 33 95 67 58 54 62 
12 3 81 55 93 2 88 38 63 0 79 99 82 81 68 82 87 97 66 5 26 24 85 40 54 56 64 94 31 67 52 19 83 73 9 15 20 27 72 73 88 3 23 22 35 42 3 22 38 20 
91 85 6 97 47 56 32 100 10 79 0 26 15 43 62 6 48 17 69 94 99 87 45 18 69 70 26 35 89 4 58 61 91 60 35 64 95 76 66 68 65 37 45 31 79 6 36 79 74 56 
51 73 68 82 53 93 71 82 64 99 26 0 72 73 42 16 42 10 85 19 96 25 22 53 85 64 65 71 28 11 98 45 78 62 82 22 92 12 79 79 90 52 34 61 76 27 29 17 88 13 
55 80 70 50 24 58 96 47 2 82 15 72 0 87 83 38 8 88 74 24 52 97 51 62 94 47 91 8 80 12 51 92 42 30 81 45 15 94 21 94 22 89 81 86 76 16 75 35 3 1 
71 85 69 82 58 29 81 26 17 81 43 73 87 0 58 54 97 60 67 42 59 57 49 38 68 100 29 61 81 62 5 95 55 77 88 28 18 21 13 45 36 40 79 90 40 89 43 88 100 9 
84 11 91 43 54 80 38 26 74 68 62 42 83 58 0 29 58 17 30 96 36 29 24 96 9 85 100 55 91 77 95 18 94 15 83 90 2 22 68 91 13 8 85 100 8 45 80 65 61 9 
5 60 27 57 92 60 86 86 77 82 6 16 38 54 29 0 60 96 89 36 43 97 72 42 4 63 70 98 80 15 64 62 4 17 35 24 7 47 31 43 98 90 39 30 55 99 90 66 46 79 
39 23 84 85 5 17 51 64 74 87 48 42 8 97 58 60 0 53 88 27 25 81 30 87 3 79 18 69 42 32 25 58 18 48 16 65 30 10 14 20 48 43 74 46 33 91 43 63 44 82 
70 97 40 30 1 69 7 22 7 97 17 10 88 60 17 96 53 0 89 68 63 71 6 65 49 75 85 43 58 9 52 76 56 20 92 86 29 5 57 77 48 82 74 32 72 17 94 67 98 34 
62 83 50 11 80 2 37 9 44 66 69 85 74 67 30 89 88 89 0 86 12 56 43 28 57 70 13 99 27 21 2 54 29 21 97 66 2 2 22 78 1 3 3 84 26 19 77 45 69 62 
28 6 55 9 27 77 53 8 22 5 94 19 24 42 96 36 27 68 86 0 30 32 18 73 60 74 42 24 24 20 44 25 26 24 98 22 89 99 23 62 28 75 16 30 58 94 1 86 38 69 
95 62 64 56 96 95 81 79 46 26 99 96 52 59 36 43 25 63 12 30 0 48 67 100 17 91 11 42 84 34 65 56 30 41 81 53 90 2 94 88 77 55 67 3 71 97 61 64 97 98 
4 30 17 44 95 15 40 46 21 24 87 25 97 57 29 97 81 71 56 32 48 0 1 17 97 19 68 13 62 79 6 97 64 70 52 93 63 84 46 52 38 39 92 14 45 58 16 15 54 28 
100 71 31 79 40 75 42 40 3 85 45 22 51 49 24 72 30 6 43 18 67 1 0 30 2 78 82 18 74 53 38 39 14 16 44 62 31 66 14 24 28 49 21 31 86 11 22 51 55 32 
31 91 11 15 55 20 10 56 18 40 18 53 62 38 96 42 87 65 28 73 100 17 30 0 19 22 37 46 3 39 23 85 8 49 37 45 87 2 12 30 63 43 47 28 18 74 77 38 57 62 
99 67 91 18 67 57 75 11 48 54 69 85 94 68 9 4 3 49 57 60 17 97 2 19 0 100 78 65 54 61 83 27 98 80 30 88 3 66 95 3 2 40 89 55 3 70 17 45 17 97 
95 87 40 29 5 50 93 76 55 56 70 64 47 100 85 63 79 75 70 74 91 19 78 22 100 0 62 42 25 51 98 38 50 28 2 56 88 84 34 37 64 63 24 18 28 19 20 81 10 60 
7 25 29 32 21 16 87 6 78 64 26 65 91 29 100 70 18 85 13 42 11 68 82 37 78 62 0 35 12 29 4 57 97 52 70 39 76 73 36 13 22 15 15 29 3 50 63 91 13 77 
79 74 44 12 36 91 87 34 85 94 35 71 8 61 55 98 69 43 99 24 42 13 18 46 65 42 35 0 15 82 57 33 1 37 94 60 24 5 41 79 13 37 30 35 27 5 7 63 69 80 
51 38 85 49 3 71 97 16 18 31 89 28 80 81 91 80 42 58 27 24 84 62 74 3 54 25 12 15 0 29 83 9 31 33 23 74 97 99 88 79 7 72 31 96 65 43 19 21 83 49 
78 64 10 17 89 69 72 96 30 67 4 11 12 62 77 15 32 9 21 20 34 79 53 39 61 51 29 82 29 0 86 71 30 20 98 34 26 12 54 5 40 37 65 23 21 39 96 17 90 83 
100 72 8 96 89 52 44 87 59 52 58 98 51 5 95 64 25 52 2 44 65 6 38 23 83 98 4 57 83 86 0 47 96 6 78 91 22 20 61 42 54 9 27 24 38 98 21 23 23 84 
39 58 52 48 43 2 58 77 81 19 61 45 92 95 18 62 58 76 54 25 56 97 39 85 27 38 57 33 9 71 47 0 77 80 24 65 96 46 37 35 41 5 24 75 52 71 32 81 62 53 
80 64 36 37 61 23 85 82 63 83 91 78 42 55 94 4 18 56 29 26 30 64 14 8 98 50 97 1 31 30 96 77 0 52 22 94 5 83 73 28 72 70 1 47 45 84 75 76 59 91 
87 49 54 71 75 52 81 73 31 73 60 62 30 77 15 17 48 20 21 24 41 70 16 49 80 28 52 37 33 20 6 80 52 0 23 4 27 57 96 31 32 22 34 3 53 66 16 5 17 89 
87 72 24 44 13 38 78 28 20 9 35 82 81 88 83 35 16 92 97 98 81 52 44 37 30 2 70 94 23 98 78 24 22 23 0 51 21 71 75 1 95 96 53 41 40 88 67 67 47 57 
72 19 27 64 47 77 14 53 73 15 64 22 45 28 90 24 65 86 66 22 53 93 62 45 88 56 39 60 74 34 91 65 94 4 51 0 42 50 83 98 98 65 82 19 51 36 72 16 51 28 
84 25 82 13 73 35 37 9 89 20 95 92 15 18 2 7 30 29 2 89 90 63 31 87 3 88 76 24 97 26 22 96 5 27 21 42 0 33 39 78 5 62 52 5 8 48 57 100 39 45 
66 68 19 60 91 100 99 85 75 27 76 12 94 21 22 47 10 5 2 99 2 84 66 2 66 84 73 5 99 12 20 46 83 57 71 50 33 0 66 58 91 22 99 92 56 48 41 72 29 60 
95 25 8 21 76 78 23 12 4 72 66 79 21 13 68 31 14 57 22 23 94 46 14 12 95 34 36 41 88 54 61 37 73 96 75 83 39 66 0 22 16 83 90 66 10 22 57 88 26 18 
14 95 75 14 97 61 40 1 7 73 68 79 94 45 91 43 20 77 78 62 88 52 24 30 3 37 13 79 79 5 42 35 28 31 1 98 78 58 22 0 91 83 25 90 39 76 29 35 41 38 
77 22 51 67 35 53 39 75 37 88 65 90 22 36 13 98 48 48 1 28 77 38 28 63 2 64 22 13 7 40 54 41 72 32 95 98 5 91 16 91 0 77 14 36 21 69 83 61 92 64 
38 10 65 69 22 34 54 63 65 3 37 52 89 40 8 90 43 82 3 75 55 39 49 43 40 63 15 37 72 37 9 5 70 22 96 65 62 22 83 83 77 0 20 14 79 54 3 97 64 76 
16 19 42 47 2 6 10 34 22 23 45 34 81 79 85 39 74 74 3 16 67 92 21 47 89 24 15 30 31 65 27 24 1 34 53 82 52 99 90 25 14 20 0 53 3 53 22 93 35 98 
83 54 21 16 10 10 34 21 90 22 31 61 86 90 100 30 46 32 84 30 3 14 31 28 55 18 29 35 96 23 24 75 47 3 41 19 5 92 66 90 36 14 53 0 83 26 73 63 60 65 
8 94 86 2 80 14 34 40 33 35 79 76 76 40 8 55 33 72 26 58 71 45 86 18 3 28 3 27 65 21 38 52 45 53 40 51 8 56 10 39 21 79 3 83 0 100 37 78 35 9 
100 30 85 41 55 37 100 59 95 42 6 27 16 89 45 99 91 17 19 94 97 58 11 74 70 19 50 5 43 39 98 71 84 66 88 36 48 48 22 76 69 54 53 26 100 0 98 69 69 89 
39 65 47 73 1 21 72 58 67 3 36 29 75 43 80 90 43 94 77 1 61 16 22 77 17 20 63 7 19 96 21 32 75 16 67 72 57 41 57 29 83 3 22 73 37 98 0 84 41 2 
99 16 21 87 36 30 37 4 58 22 79 17 35 88 65 66 63 67 45 86 64 15 51 38 45 81 91 63 21 17 23 81 76 5 67 16 100 72 88 35 61 97 93 63 78 69 84 0 15 94 
69 26 76 71 55 5 58 32 54 38 74 88 3 100 61 46 44 98 69 38 97 54 55 57 17 10 13 69 83 90 23 62 59 17 47 51 39 29 26 41 92 64 35 60 35 69 41 15 0 56 
1 47 97 35 32 22 60 19 62 20 56 13 1 9 9 79 82 34 62 69 98 28 32 62 97 60 77 80 49 83 84 53 91 89 57 28 45 60 18 38 64 76 98 65 9 89 2 94 56 0 
