70
0 87 18 69 26 96 15 60 19 75 60 26 85 81 53 43 41 89 88 52 39 82 73 79 36 19 13 69 99 70 93 32 57 10 52 82 6 67 93 24 93 52 1 29 84 5 71 25 45 10 28 83 43 100 61 79 70 74 99 69 95 91 52 3 1 3 36 58 21 28 
87 0 33 13 32 85 42 15 42 64 91 86 74 18 21 16 69 81 46 39 6 44 59 53 87 62 55 87 64 43 96 85 22 80 49 53 16 90 20 57 6 10 95 79 80 15 46 48 47 92 38 5 35 96 57 21 9 63 59 25 5 6 9 27 37 9 31 53 51 50 
18 33 0 61 56 12 55 34 91 69 31 90 16 22 28 72 57 75 28 29 84 90 40 8 47 45 68 73 82 76 3 86 26 5 46 33 68 1 66 58 21 97 47 88 70 26 59 78 1 86 7 84 28 98 43 74 42 10 98 75 37 52 60 15 8 58 47 75 58 65 
69 13 61 0 32 78 13 31 18 82 56 76 60 8 14 18 43 41 15 85 66 8 46 63 83 83 66 94 49 74 51 95 48 60 59 32 90 71 14 7 5 21 34 64 29 47 81 71 39 95 8 4 2 5 18 36 39 84 82 87 9 84 82 8 96 92 39 85 15 52 
26 32 56 32 0 43 19 25 76 34 53 75 14 75 13 60 34 17 13 39 86 1 77 21 82 16 29 65 97 37 60 40 27 96 6 31 90 76 55 18 9 7 92 74 33 4 85 67 72 98 57 10 50 33 30 31 48 59 47 96 47 59 88 73 6 93 3 96 21 57 
96 85 12 78 43 0 13 29 15 56 55 100 11 39 66 35 88 74 44 37 6 73 19 6 83 66 53 29 24 40 54 81 85 8 76 5 17 40 85 31 95 91 82 6 30 99 40 69 72 35 58 30 7 76 35 42 93 87 22 68 79 75 49 15 35 24 71 51 16 7 
15 42 55 13 19 13 0 33 10 98 15 67 79 13 58 47 85 92 56 14 51 32 100 92 24 38 65 92 16 40 40 82 74 15 52 76 30 11 8 92 8 22 58 86 87 68 84 71 11 40 36 61 23 35 4 46 72 69 89 40 60 80 21 85 95 25 60 76 35 19 
60 15 34 31 25 29 33 0 67 42 41 77 79 27 96 14 49 6 53 84 19 27 18 22 73 41 42 13 80 53 93 53 37 39 77 48 14 63 67 33 56 59 61 34 37 56 47 85 61 52 20 31 30 89 5 2 29 46 67 9 51 59 61 87 97 89 87 62 51 53 
19 42 91 18 76 15 10 67 0 94 6 11 6 91 47 61 89 83 74 92 2 4 22 90 8 75 70 6 41 78 56 99 90 94 47 30 80 61 80 84 6 37 46 12 27 44 72 68 26 45 59 79 1 80 68 60 55 38 17 95 67 24 46 9 18 44 38 49 4 70 
75 64 69 82 34 56 98 42 94 0 85 10 58 30 21 37 74 92 4 51 89 62 30 41 94 49 100 48 38 17 94 57 40 39 65 9 83 54 10 86 75 94 95 33 23 67 21 48 11 24 99 99 37 80 91 30 28 90 29 66 58 23 22 50 61 38 58 95 91 67 
60 91 31 56 53 55 15 41 6 85 0 33 18 12 79 2 35 46 22 34 56 97 84 6 85 63 96 15 91 37 95 56 95 17 29 96 30 66 53 76 8 72 8 25 83 87 26 69 84 99 3 39 95 86 96 80 49 43 46 91 31 92 98 77 9 26 72 90 43 25 
26 86 90 76 75 100 67 77 11 10 33 0 65 50 48 25 27 30 11 4 99 94 3 53 84 49 90 31 80 90 73 77 80 55 69 77 32 29 54 3 70 96 79 34 46 26 10 24 56 20 27 6 65 81 10 100 82 99 82 13 41 54 90 20 61 10 49 92 38 2 
85 74 16 60 14 11 79 79 6 58 18 65 0 94 7 98 73 92 95 50 2 18 5 73 96 62 90 29 71 89 10 22 71 22 62 76 63 33 36 72 81 79 61 83 25 67 32 49 11 78 98 64 95 55 36 42 16 77 70 39 18 31 12 40 53 25 15 15 57 3 
81 18 22 8 75 39 13 27 91 30 12 50 94 0 87 90 33 99 24 57 18 55 5 28 32 3 43 78 57 78 71 24 55 41 14 72 71 25 11 75 49 77 90 6 31 28 47 64 26 70 72 43 24 77 22 7 31 64 84 87 94 6 62 100 46 76 23 69 100 85 
53 21 28 14 13 66 58 96 47 21 79 48 7 87 0 95 1 13 84 58 96 63 4 11 41 73 82 35 48 58 9 54 40 72 89 26 17 94 40 16 92 15 90 12 66 74 6 66 39 90 75 34 4 78 44 96 50 25 31 97 35 39 2 74 62 90 52 31 36 91 
43 16 72 18 60 35 47 14 61 37 2 25 98 90 95 0 98 27 57 88 38 74 13 43 92 51 84 66 84 40 44 27 35 45 4 65 94 90 55 95 15 69 37 66 99 72 8 96 98 16 35 87 90 48 29 81 98 65 98 34 4 93 60 90 90 15 7 83 4 61 
41 69 57 43 34 88 85 49 89 74 35 27 73 33 1 98 0 29 19 81 65 36 31 88 96 27 85 11 13 23 52 60 4 84 10 68 82 43 23 26 54 12 15 69 18 97 24 31 78 94 11 94 30 42 82 77 20 18 39 32 41 91 44 44 74 53 63 7 95 85 
89 81 75 41 17 74 92 6 83 92 46 30 92 99 13 27 29 0 85 48 96 99 68 66 48 92 96 25 37 58 70 18 51 51 94 70 69 33 54 9 75 49 4 100 1 66 59 47 50 43 46 97 41 14 14 88 57 9 64 45 19 34 63 69 36 56 39 4 40 44 
88 46 28 15 13 44 56 53 74 4 22 11 95 24 84 57 19 85 0 64 14 92 67 66 44 32 24 90 33 66 87 82 58 100 95 98 8 56 61 53 74 46 67 42 82 74 32 37 14 75 1 79 18 19 44 13 51 19 2 35 84 41 16 94 92 63 91 100 18 51 
52 39 29 85 39 37 14 84 92 51 34 4 50 57 58 88 81 48 64 0 4 91 49 70 32 82 43 64 18 8 90 70 39 60 89 34 72 91 53 26 25 88 66 93 81 57 55 71 8 72 74 11 14 74 32 45 55 27 60 24 34 50 94 24 61 82 58 32 24 10 
39 6 84 66 86 6 51 19 2 89 56 99 2 18 96 38 65 96 14 4 0 9 48 97 74 92 30 83 98 100 90 21 73 53 34 46 36 79 52 62 90 76 48 91 69 71 51 2 28 35 25 89 43 24 38 17 16 67 99 65 18 40 86 43 92 19 40 28 49 92 
82 44 90 8 1 73 32 27 4 62 97 94 18 55 63 74 36 99 92 91 9 0 41 39 67 88 29 87 11 32 40 38 66 64 79 8 39 16 24 6 34 74 71 51 14 56 93 5 26 33 84 75 24 25 65 42 12 45 80 22 76 19 12 41 34 42 49 24 57 24 
73 59 40 46 77 19 100 18 22 30 84 3 5 5 4 13 31 68 67 49 48 41 0 30 42 98 52 92 11 59 85 67 84 17 51 10 92 27 74 33 38 19 64 12 94 82 75 35 67 68 35 90 76 58 19 17 55 22 8 17 80 92 36 64 60 86 25 51 64 99 
79 53 8 63 21 6 92 22 90 41 6 53 73 28 11 43 88 66 66 70 97 39 30 0 35 1 69 98 64 14 31 90 100 97 57 34 39 32 92 9 48 98 31 8 67 10 51 2 73 11 39 98 61 2 48 48 54 68 45 70 81 76 59 33 24 68 66 62 51 9 
36 87 47 83 82 83 24 73 8 94 85 84 96 32 41 92 96 48 44 32 74 67 42 35 0 71 51 59 1 58 25 62 8 26 87 70 16 36 83 17 83 30 70 2 26 91 82 53 50 14 77 69 32 90 71 40 60 21 50 12 30 74 74 90 51 60 11 66 47 93 
19 62 45 83 16 66 38 41 75 49 63 49 62 3 73 51 27 92 32 82 92 88 98 1 71 0 34 29 74 56 30 100 46 63 52 47 29 28 15 60 70 86 51 29 58 1 93 40 26 18 29 77 29 91 94 75 84 28 55 57 83 84 56 28 98 60 75 26 39 41 
13 55 68 66 29 53 65 42 70 100 96 90 90 43 82 84 85 96 24 43 30 29 52 69 51 34 0 37 8 78 40 89 36 40 81 27 17 98 7 93 78 97 39 52 80 66 6 89 100 41 96 27 38 55 53 16 94 94 4 53 71 43 41 58 82 73 84 99 70 90 
69 87 73 94 65 29 92 13 6 48 15 31 29 78 35 66 11 25 90 64 83 87 92 98 59 29 37 0 43 99 87 81 50 18 98 55 6 97 47 2 76 85 8 28 52 1 73 55 6 96 98 46 53 31 19 89 81 40 30 76 39 68 8 88 86 6 95 43 54 41 
99 64 82 49 97 24 16 80 41 38 91 80 71 57 48 84 13 37 33 18 98 11 11 64 1 74 8 43 0 96 29 77 4 57 80 56 81 35 61 76 84 59 29 66 29 69 99 68 98 74 58 18 33 98 55 38 92 97 92 84 45 72 13 48 80 92 55 61 78 16 
70 43 76 74 37 40 40 53 78 17 37 90 89 78 58 40 23 58 66 8 100 32 59 14 58 56 78 99 96 0 36 61 26 16 79 54 84 77 21 34 2 31 3 34 28 57 24 71 5 67 54 49 38 18 48 18 10 3 30 87 70 65 100 95 81 78 48 16 6 20 
93 96 3 51 60 54 40 93 56 94 95 73 10 71 9 44 52 70 87 90 90 40 85 31 25 30 40 87 29 36 0 1 7 50 3 92 29 11 15 99 16 81 5 16 71 22 64 88 83 18 17 22 87 33 73 33 65 2 32 81 7 3 33 65 5 36 56 33 98 71 
32 85 86 95 40 81 82 53 99 57 56 77 22 24 54 27 60 18 82 70 21 38 67 90 62 100 89 81 77 61 1 0 84 13 51 88 29 73 61 44 60 44 61 28 17 99 13 89 83 77 90 66 9 96 68 42 60 72 29 67 57 26 37 40 91 40 27 71 12 39 
57 22 26 48 27 85 74 37 90 40 95 80 71 55 40 35 4 51 58 39 73 66 84 100 8 46 36 50 4 26 7 84 0 14 24 82 26 3 98 76 15 86 58 92 27 75 52 22 42 93 33 66 73 100 22 51 88 13 41 27 39 11 91 77 76 14 11 53 16 60 
10 80 5 60 96 8 15 39 94 39 17 55 22 41 72 45 84 51 100 60 53 64 17 97 26 63 40 18 57 16 50 13 14 0 80 31 98 89 74 24 63 25 98 4 70 30 69 42 81 42 44 69 54 84 95 44 46 85 73 73 50 83 77 66 94 56 48 91 44 21 
52 49 46 59 6 76 52 77 47 65 29 69 62 14 89 4 10 94 95 89 34 79 51 57 87 52 81 98 80 79 3 51 24 80 0 15 6 45 12 10 14 93 30 8 74 72 51 42 25 87 88 21 84 25 93 9 26 75 85 91 68 41 90 11 84 10 25 90 7 88 
82 53 33 32 31 5 76 48 30 9 96 77 76 72 26 65 68 70 98 34 46 8 10 34 70 47 27 55 56 54 92 88 82 31 15 0 51 72 80 80 31 53 51 34 46 28 20 86 48 55 62 92 63 87 66 48 30 85 88 19 47 23 81 71 12 87 58 14 10 90 
6 16 68 90 90 17 30 14 80 83 30 32 63 71 17 94 82 69 8 72 36 39 92 39 16 29 17 6 81 84 29 29 26 98 6 51 0 94 41 42 96 74 40 75 45 77 74 99 38 65 62 76 82 61 5 19 100 76 65 22 56 36 86 42 45 99 3 34 44 43 
67 90 1 71 76 40 11 63 61 54 66 29 33 25 94 90 43 33 56 91 79 16 27 32 36 28 98 97 35 77 11 73 3 89 45 72 94 0 28 40 16 19 14 12 95 40 11 84 4 24 59 86 36 64 4 35 39 68 8 46 55 93 39 52 44 41 37 87 84 16 
93 20 66 14 55 85 8 67 80 10 53 54 36 11 40 55 23 54 61 53 52 24 74 92 83 15 7 47 61 21 15 61 98 74 12 80 41 28 0 26 51 34 92 63 28 31 25 63 86 48 22 71 35 37 26 69 27 46 76 72 52 21 10 3 64 50 92 2 85 7 
24 57 58 7 18 31 92 33 84 86 76 3 72 75 16 95 26 9 53 26 62 6 33 9 17 60 93 2 76 34 99 44 76 24 10 80 42 40 26 0 28 36 41 71 50 20 53 74 83 38 73 56 61 7 92 86 27 70 83 54 93 35 74 2 89 37 3 80 91 88 
93 6 21 5 9 95 8 56 6 75 8 70 81 49 92 15 54 75 74 25 90 34 38 48 83 70 78 76 84 2 16 60 15 63 14 31 96 16 51 28 0 87 18 75 79 40 76 50 44 1 84 81 73 39 93 31 82 31 9 51 13 62 43 47 36 96 36 24 99 15 
52 10 97 21 7 91 22 59 37 94 72 96 79 77 15 69 12 49 46 88 76 74 19 98 30 86 97 85 59 31 81 44 86 25 93 53 74 19 34 36 87 0 14 38 53 83 64 31 74 39 33 17 39 16 50 63 55 94 45 88 24 53 39 37 14 33 83 1 81 70 
1 95 47 34 92 82 58 61 46 95 8 79 61 90 90 37 15 4 67 66 48 71 64 31 70 51 39 8 29 3 5 61 58 98 30 51 40 14 92 41 18 14 0 77 31 37 42 68 89 25 31 72 50 21 4 19 59 19 68 21 25 61 65 13 85 69 3 73 82 87 
29 79 88 64 74 6 86 34 12 33 25 34 83 6 12 66 69 100 42 93 91 51 12 8 2 29 52 28 66 34 16 28 92 4 8 34 75 12 63 71 75 38 77 0 55 35 67 77 11 49 13 4 16 53 28 98 24 30 70 79 48 28 50 67 48 74 79 64 86 63 
84 80 70 29 33 30 87 37 27 23 83 46 25 31 66 99 18 1 82 81 69 14 94 67 26 58 80 52 29 28 71 17 27 70 74 46 45 95 28 50 79 53 31 55 0 32 40 87 66 27 42 100 45 18 62 94 82 65 61 34 45 11 58 74 80 88 73 8 37 39 
5 15 26 47 4 99 68 56 44 67 87 26 67 28 74 72 97 66 74 57 71 56 82 10 91 1 66 1 69 57 22 99 75 30 72 28 77 40 31 20 40 83 37 35 32 0 7 63 17 71 100 32 2 40 18 67 18 11 18 62 80 31 7 61 96 68 95 92 30 4 
71 46 59 81 85 40 84 47 72 21 26 10 32 47 6 8 24 59 32 55 51 93 75 51 82 93 6 73 99 24 64 13 52 69 51 20 74 11 25 53 76 64 42 67 40 7 0 65 9 43 37 68 80 27 75 42 43 97 41 74 98 32 92 17 49 2 86 11 34 17 
25 48 78 71 67 69 71 85 68 48 69 24 49 64 66 96 31 47 37 71 2 5 35 2 53 40 89 55 68 71 88 89 22 42 42 86 99 84 63 74 50 31 68 77 87 63 65 0 69 94 64 36 40 55 65 43 71 26 38 59 93 17 85 19 10 27 15 50 53 65 
45 47 1 39 72 72 11 61 26 11 84 56 11 26 39 98 78 50 14 8 28 26 67 73 50 26 100 6 98 5 83 83 42 81 25 48 38 4 86 83 44 74 89 11 66 17 9 69 0 34 44 33 82 97 18 44 30 86 13 76 49 100 15 3 17 10 73 42 47 83 
10 92 86 95 98 35 40 52 45 24 99 20 78 70 90 16 94 43 75 72 35 33 68 11 14 18 41 96 74 67 18 77 93 42 87 55 65 24 48 38 1 39 25 49 27 71 43 94 34 0 86 15 67 5 24 94 71 25 46 35 58 41 19 40 89 89 35 71 74 47 
28 38 7 8 57 58 36 20 59 99 3 27 98 72 75 35 11 46 1 74 25 84 35 39 77 29 96 98 58 54 17 90 33 44 88 62 62 59 22 73 84 33 31 13 42 100 37 64 44 86 0 46 23 99 12 77 15 73 2 8 71 84 93 85 51 49 8 96 72 85 
83 5 84 4 10 30 61 31 79 99 39 6 64 43 34 87 94 97 79 11 89 75 90 98 69 77 27 46 18 49 22 66 66 69 21 92 76 86 71 56 81 17 72 4 100 32 68 36 33 15 46 0 93 6 94 33 77 33 73 65 20 43 38 66 40 12 64 4 89 30 
43 35 28 2 50 7 23 30 1 37 95 65 95 24 4 90 30 41 18 14 43 24 76 61 32 29 38 53 33 38 87 9 73 54 84 63 82 36 35 61 73 39 50 16 45 2 80 40 82 67 23 93 0 76 42 37 47 25 82 83 27 30 43 22 1 27 66 59 20 98 
100 96 98 5 33 76 35 89 80 80 86 81 55 77 78 48 42 14 19 74 24 25 58 2 90 91 55 31 98 18 33 96 100 84 25 87 61 64 37 7 39 16 21 53 18 40 27 55 97 5 99 6 76 0 35 5 23 51 24 17 88 41 9 100 57 12 40 86 39 81 
61 57 43 18 30 35 4 5 68 91 96 10 36 22 44 29 82 14 44 32 38 65 19 48 71 94 53 19 55 48 73 68 22 95 93 66 5 4 26 92 93 50 4 28 62 18 75 65 18 24 12 94 42 35 0 75 37 5 56 20 84 37 14 5 90 40 71 100 11 20 
79 21 74 36 31 42 46 2 60 30 80 100 42 7 96 81 77 88 13 45 17 42 17 48 40 75 16 89 38 18 33 42 51 44 9 48 19 35 69 86 31 63 19 98 94 67 42 43 44 94 77 33 37 5 75 0 86 67 94 36 42 11 23 35 19 74 91 82 13 28 
70 9 42 39 48 93 72 29 55 28 49 82 16 31 50 98 20 57 51 55 16 12 55 54 60 84 94 81 92 10 65 60 88 46 26 30 100 39 27 27 82 55 59 24 82 18 43 71 30 71 15 77 47 23 37 86 0 20 45 2 9 2 9 80 85 46 93 41 87 84 
74 63 10 84 59 87 69 46 38 90 43 99 77 64 25 65 18 9 19 27 67 45 22 68 21 28 94 40 97 3 2 72 13 85 75 85 76 68 46 70 31 94 19 30 65 11 97 26 86 25 73 33 25 51 5 67 20 0 63 86 46 83 71 13 28 58 6 38 80 40 
99 59 98 82 47 22 89 67 17 29 46 82 70 84 31 98 39 64 2 60 99 80 8 45 50 55 4 30 92 30 32 29 41 73 85 88 65 8 76 83 9 45 68 70 61 18 41 38 13 46 2 73 82 24 56 94 45 63 0 8 6 82 89 70 10 61 15 63 21 16 
69 25 75 87 96 68 40 9 95 66 91 13 39 87 97 34 32 45 35 24 65 22 17 70 12 57 53 76 84 87 81 67 27 73 91 19 22 46 72 54 51 88 21 79 34 62 74 59 76 35 8 65 83 17 20 36 2 86 8 0 72 100 52 69 92 92 55 27 55 92 
95 5 37 9 47 79 60 51 67 58 31 41 18 94 35 4 41 19 84 34 18 76 80 81 30 83 71 39 45 70 7 57 39 50 68 47 56 55 52 93 13 24 25 48 45 80 98 93 49 58 71 20 27 88 84 42 9 46 6 72 0 72 89 62 36 16 19 42 6 50 
91 6 52 84 59 75 80 59 24 23 92 54 31 6 39 93 91 34 41 50 40 19 92 76 74 84 43 68 72 65 3 26 11 83 41 23 36 93 21 35 62 53 61 28 11 31 32 17 100 41 84 43 30 41 37 11 2 83 82 100 72 0 33 13 7 15 54 77 24 66 
52 9 60 82 88 49 21 61 46 22 98 90 12 62 2 60 44 63 16 94 86 12 36 59 74 56 41 8 13 100 33 37 91 77 90 81 86 39 10 74 43 39 65 50 58 7 92 85 15 19 93 38 43 9 14 23 9 71 89 52 89 33 0 43 38 86 10 61 85 61 
3 27 15 8 73 15 85 87 9 50 77 20 40 100 74 90 44 69 94 24 43 41 64 33 90 28 58 88 48 95 65 40 77 66 11 71 42 52 3 2 47 37 13 67 74 61 17 19 3 40 85 66 22 100 5 35 80 13 70 69 62 13 43 0 29 28 52 35 6 58 
1 37 8 96 6 35 95 97 18 61 9 61 53 46 62 90 74 36 92 61 92 34 60 24 51 98 82 86 80 81 5 91 76 94 84 12 45 44 64 89 36 14 85 48 80 96 49 10 17 89 51 40 1 57 90 19 85 28 10 92 36 7 38 29 0 26 77 46 39 13 
3 9 58 92 93 24 25 89 44 38 26 10 25 76 90 15 53 56 63 82 19 42 86 68 60 60 73 6 92 78 36 40 14 56 10 87 99 41 50 37 96 33 69 74 88 68 2 27 10 89 49 12 27 12 40 74 46 58 61 92 16 15 86 28 26 0 14 9 6 19 
36 31 47 39 3 71 60 87 38 58 72 49 15 23 52 7 63 39 91 58 40 49 25 66 11 75 84 95 55 48 56 27 11 48 25 58 3 37 92 3 36 83 3 79 73 95 86 15 73 35 8 64 66 40 71 91 93 6 15 55 19 54 10 52 77 14 0 59 38 83 
58 53 75 85 96 51 76 62 49 95 90 92 15 69 31 83 7 4 100 32 28 24 51 62 66 26 99 43 61 16 33 71 53 91 90 14 34 87 2 80 24 1 73 64 8 92 11 50 42 71 96 4 59 86 100 82 41 38 63 27 42 77 61 35 46 9 59 0 17 52 
21 51 58 15 21 16 35 51 4 91 43 38 57 100 36 4 95 40 18 24 49 57 64 51 47 39 70 54 78 6 98 12 16 44 7 10 44 84 85 91 99 81 82 86 37 30 34 53 47 74 72 89 20 39 11 13 87 80 21 55 6 24 85 6 39 6 38 17 0 36 
28 50 65 52 57 7 19 53 70 67 25 2 3 85 91 61 85 44 51 10 92 24 99 9 93 41 90 41 16 20 71 39 60 21 88 90 43 16 7 88 15 70 87 63 39 4 17 65 83 47 85 30 98 81 20 28 84 40 16 92 50 66 61 58 13 19 83 52 36 0 
