70
0 39 25 71 47 85 89 94 36 9 20 73 93 77 100 22 62 73 85 42 60 90 46 65 41 98 41 63 73 36 99 36 26 24 6 72 8 46 66 95 55 37 67 47 13 18 20 26 42 4 67 1 45 65 66 85 62 58 99 86 45 97 21 70 72 79 94 31 24 11 
39 0 25 30 47 43 28 12 61 47 37 54 2 56 55 46 20 72 82 33 81 80 70 25 77 91 94 100 69 87 31 92 97 55 74 96 98 1 59 10 100 47 63 53 2 69 99 73 40 32 57 20 12 27 96 40 17 90 39 37 28 69 80 77 76 53 24 25 6 82 
25 25 0 34 5 80 48 57 82 17 7 6 8 39 63 80 2 41 75 41 57 16 79 93 96 100 24 72 75 77 47 99 82 80 84 38 59 83 46 40 99 5 98 59 95 12 90 96 52 64 36 8 32 66 52 27 65 75 50 39 3 96 37 36 27 72 73 85 55 19 
71 30 34 0 77 5 23 74 63 69 85 52 64 36 68 51 95 99 16 98 77 81 24 26 19 27 73 8 62 99 79 87 35 85 5 11 90 79 84 52 47 20 56 62 55 75 12 1 25 27 98 1 7 22 78 78 100 2 37 13 52 67 99 86 52 55 97 41 33 32 
47 47 5 77 0 44 31 52 51 92 58 25 3 11 1 82 8 1 88 81 30 17 32 83 53 45 34 20 43 72 23 98 20 63 82 51 6 13 54 9 56 64 33 59 74 86 40 33 38 79 66 68 48 97 2 100 93 36 71 36 7 93 85 78 7 66 80 65 78 34 
85 43 80 5 44 0 73 86 49 57 96 74 42 87 58 80 65 23 99 12 72 100 64 64 87 86 51 45 31 35 22 37 1 2 1 30 87 25 15 35 82 10 60 75 48 17 54 13 92 52 76 15 4 91 30 90 77 81 35 7 67 56 95 67 57 48 49 43 72 15 
89 28 48 23 31 73 0 29 53 77 88 28 24 5 33 36 96 37 64 10 40 6 91 29 82 71 15 40 38 71 87 56 79 34 56 22 5 71 2 10 47 90 89 70 94 73 58 41 9 73 2 100 78 92 81 12 15 95 3 4 17 89 59 96 22 67 69 79 37 70 
94 12 57 74 52 86 29 0 88 83 59 28 4 4 100 13 96 9 85 97 60 15 41 40 26 55 35 28 10 51 17 68 98 90 34 66 68 22 88 7 56 98 86 60 2 86 24 97 46 9 46 5 23 86 45 100 92 31 27 1 81 95 20 31 37 6 48 4 27 35 
36 61 82 63 51 49 53 88 0 63 35 33 48 94 86 85 69 82 30 77 79 35 51 16 79 50 7 9 29 59 41 23 79 71 59 36 19 15 14 5 29 48 37 76 93 22 61 62 56 90 90 86 76 41 2 6 42 8 14 70 19 7 93 49 29 3 84 99 17 97 
9 47 17 69 92 57 77 83 63 0 4 45 97 92 73 41 66 85 2 21 26 92 6 2 84 7 7 25 67 73 95 85 31 39 85 59 41 68 58 10 16 13 6 64 4 30 5 69 14 6 41 92 49 99 45 84 57 3 61 23 75 55 59 5 45 43 16 37 62 73 
20 37 7 85 58 96 88 59 35 4 0 98 78 85 4 93 40 85 97 9 51 55 1 42 55 99 86 39 56 40 99 78 15 5 89 71 1 83 86 37 45 10 35 74 46 90 66 86 26 15 46 76 69 46 69 23 45 6 13 100 46 63 29 12 67 69 82 67 4 20 
73 54 6 52 25 74 28 28 33 45 98 0 56 48 29 42 73 27 31 90 64 56 4 9 84 24 6 52 99 2 10 11 1 55 26 82 66 92 2 47 11 5 18 66 4 47 7 76 25 89 18 88 96 73 48 79 49 53 83 47 55 92 9 7 98 34 40 63 78 42 
93 2 8 64 3 42 24 4 48 97 78 56 0 61 88 46 79 5 2 77 63 29 1 51 46 40 98 19 87 29 67 39 63 65 93 54 73 52 51 59 91 65 36 32 25 75 30 55 31 31 31 93 59 83 95 57 22 92 27 60 72 45 99 34 9 43 39 33 94 89 
77 56 39 36 11 87 5 4 94 92 85 48 61 0 43 37 53 78 20 30 4 49 84 34 31 67 26 42 1 72 50 23 16 76 34 87 20 32 21 80 27 59 12 72 100 55 8 4 84 28 33 40 28 69 73 11 87 51 52 87 22 53 61 37 28 95 24 99 26 96 
100 55 63 68 1 58 33 100 86 73 4 29 88 43 0 78 4 54 41 76 5 95 35 9 31 62 93 70 90 61 94 52 47 44 55 86 66 7 46 54 34 40 29 32 18 24 61 21 30 1 48 34 48 83 42 78 44 87 99 85 47 92 36 46 88 42 31 5 48 76 
22 46 80 51 82 80 36 13 85 41 93 42 46 37 78 0 58 33 68 39 16 85 62 76 5 91 77 53 77 76 87 70 5 30 56 3 67 3 46 54 100 85 96 82 89 43 9 99 76 76 37 43 60 50 19 17 93 47 21 69 22 7 38 26 88 94 80 6 48 77 
62 20 2 95 8 65 96 96 69 66 40 73 79 53 4 58 0 60 99 62 7 80 2 1 88 52 28 64 40 71 75 42 89 91 34 87 63 54 8 69 91 85 9 36 16 14 83 92 25 33 5 31 12 59 84 100 62 11 15 2 33 89 43 21 32 28 7 94 81 66 
73 72 41 99 1 23 37 9 82 85 85 27 5 78 54 33 60 0 15 71 50 23 59 17 88 93 9 13 26 65 95 37 23 30 88 85 41 2 38 73 43 32 46 74 59 4 19 39 22 33 61 23 7 19 40 47 12 48 11 37 64 5 73 39 87 13 23 27 14 12 
85 82 75 16 88 99 64 85 30 2 97 31 2 20 41 68 99 15 0 51 56 43 48 81 1 4 52 39 25 84 99 47 43 18 38 41 81 37 51 17 1 7 41 39 93 53 13 71 19 24 22 74 18 21 7 18 24 58 8 100 93 58 99 87 27 36 27 7 73 77 
42 33 41 98 81 12 10 97 77 21 9 90 77 30 76 39 62 71 51 0 75 25 84 16 63 76 68 27 99 86 50 20 12 19 92 70 36 68 27 95 67 71 52 65 58 79 53 36 85 77 13 60 1 48 27 15 75 46 93 73 84 94 44 47 12 36 16 47 3 94 
60 81 57 77 30 72 40 60 79 26 51 64 63 4 5 16 7 50 56 75 0 41 21 64 44 86 73 22 90 9 59 66 73 70 18 72 96 84 46 41 76 71 76 69 14 22 80 1 37 78 55 82 70 76 46 13 13 70 35 2 30 45 19 54 14 88 25 61 71 71 
90 80 16 81 17 100 6 15 35 92 55 56 29 49 95 85 80 23 43 25 41 0 53 98 41 29 66 6 50 97 7 39 26 61 20 95 88 17 7 100 87 93 1 68 89 71 22 2 58 46 62 28 68 15 77 60 95 42 18 44 90 24 82 15 36 2 9 24 18 68 
46 70 79 24 32 64 91 41 51 6 1 4 1 84 35 62 2 59 48 84 21 53 0 75 56 12 28 76 1 98 97 54 56 94 16 35 14 82 64 73 76 5 90 71 47 65 53 61 53 6 22 28 75 41 2 83 52 29 58 4 79 54 58 86 99 25 72 12 6 35 
65 25 93 26 83 64 29 40 16 2 42 9 51 34 9 76 1 17 81 16 64 98 75 0 85 33 40 26 3 86 43 7 98 95 12 19 74 39 59 75 21 63 56 78 66 34 31 23 19 81 47 90 93 4 25 77 36 16 54 91 53 96 97 2 42 61 21 15 99 31 
41 77 96 19 53 87 82 26 79 84 55 84 46 31 31 5 88 88 1 63 44 41 56 85 0 42 71 93 97 48 11 82 30 33 100 10 32 41 2 35 17 30 23 84 84 65 88 31 13 90 73 73 62 39 23 92 80 93 37 28 92 47 9 21 31 60 31 14 53 84 
98 91 100 27 45 86 71 55 50 7 99 24 40 67 62 91 52 93 4 76 86 29 12 33 42 0 1 21 14 75 5 49 39 44 79 51 85 3 76 46 94 50 90 73 95 78 1 86 76 61 7 58 73 89 72 25 24 72 45 89 46 1 37 84 45 68 86 29 22 61 
41 94 24 73 34 51 15 35 7 7 86 6 98 26 93 77 28 9 52 68 73 66 28 40 71 1 0 27 15 11 16 40 5 45 40 42 20 52 48 77 24 88 48 48 64 71 45 52 68 45 89 51 41 8 89 22 29 49 48 96 11 15 35 67 11 26 9 30 77 8 
63 100 72 8 20 45 40 28 9 25 39 52 19 42 70 53 64 13 39 27 22 6 76 26 93 21 27 0 58 53 48 58 52 11 28 96 62 96 93 2 98 85 61 86 6 42 87 5 37 49 71 23 68 81 48 76 62 76 35 20 28 82 29 80 44 56 27 58 3 71 
73 69 75 62 43 31 38 10 29 67 56 99 87 1 90 77 40 26 25 99 90 50 1 3 97 14 15 58 0 59 53 56 72 38 13 13 76 70 49 77 92 71 44 25 70 71 86 45 5 57 25 39 37 56 82 93 82 91 47 5 50 99 12 21 89 76 85 16 45 33 
36 87 77 99 72 35 71 51 59 73 40 2 29 72 61 76 71 65 84 86 9 97 98 86 48 75 11 53 59 0 92 89 55 87 13 76 57 50 20 14 59 44 52 95 51 85 39 33 76 86 89 77 84 100 49 24 27 33 40 24 17 31 12 23 18 24 98 74 25 69 
99 31 47 79 23 22 87 17 41 95 99 10 67 50 94 87 75 95 99 50 59 7 97 43 11 5 16 48 53 92 0 39 83 65 90 78 15 27 16 99 54 53 87 82 89 38 30 12 65 14 51 40 30 82 51 4 51 26 1 76 50 21 15 85 85 56 62 100 82 29 
36 92 99 87 98 37 56 68 23 85 78 11 39 23 52 70 42 37 47 20 66 39 54 7 82 49 40 58 56 89 39 0 98 87 34 37 68 22 26 97 33 42 10 84 81 91 65 83 94 15 8 46 90 10 67 56 94 51 12 7 2 93 87 52 80 20 88 47 41 65 
26 97 82 35 20 1 79 98 79 31 15 1 63 16 47 5 89 23 43 12 73 26 56 98 30 39 5 52 72 55 83 98 0 96 74 7 57 57 39 48 73 22 41 39 29 87 80 90 5 36 83 55 47 41 9 91 28 60 22 47 99 69 88 63 16 13 21 72 69 60 
24 55 80 85 63 2 34 90 71 39 5 55 65 76 44 30 91 30 18 19 70 61 94 95 33 44 45 11 38 87 65 87 96 0 19 93 81 12 31 61 50 10 51 54 97 85 60 43 26 68 34 53 79 55 51 77 75 90 92 42 2 12 14 22 23 84 66 55 47 96 
6 74 84 5 82 1 56 34 59 85 89 26 93 34 55 56 34 88 38 92 18 20 16 12 100 79 40 28 13 13 90 34 74 19 0 16 96 58 18 1 54 54 13 97 79 32 82 83 11 88 34 39 15 75 30 56 29 94 21 2 68 57 68 23 3 63 90 51 72 59 
72 96 38 11 51 30 22 66 36 59 71 82 54 87 86 3 87 85 41 70 72 95 35 19 10 51 42 96 13 76 78 37 7 93 16 0 3 26 12 15 74 91 47 55 25 9 94 10 47 8 85 29 16 65 74 88 66 41 44 33 15 99 48 56 49 19 14 3 96 26 
8 98 59 90 6 87 5 68 19 41 1 66 73 20 66 67 63 41 81 36 96 88 14 74 32 85 20 62 76 57 15 68 57 81 96 3 0 18 69 68 16 75 92 24 69 2 22 28 38 2 95 2 75 83 67 68 78 52 34 76 99 90 76 17 3 79 65 80 48 33 
46 1 83 79 13 25 71 22 15 68 83 92 52 32 7 3 54 2 37 68 84 17 82 39 41 3 52 96 70 50 27 22 57 12 58 26 18 0 47 63 8 39 38 28 92 59 7 81 13 54 82 39 88 100 6 65 51 92 93 49 81 20 18 35 50 82 15 97 66 61 
66 59 46 84 54 15 2 88 14 58 86 2 51 21 46 46 8 38 51 27 46 7 64 59 2 76 48 93 49 20 16 26 39 31 18 12 69 47 0 11 25 51 48 52 94 59 11 74 71 64 7 9 51 7 67 67 57 10 11 58 90 31 27 76 80 60 42 29 25 55 
95 10 40 52 9 35 10 7 5 10 37 47 59 80 54 54 69 73 17 95 41 100 73 75 35 46 77 2 77 14 99 97 48 61 1 15 68 63 11 0 39 50 5 39 53 51 49 15 24 71 78 31 79 80 89 97 99 97 6 9 6 47 91 32 75 71 43 16 51 20 
55 100 99 47 56 82 47 56 29 16 45 11 91 27 34 100 91 43 1 67 76 87 76 21 17 94 24 98 92 59 54 33 73 50 54 74 16 8 25 39 0 70 89 69 27 79 73 77 27 88 52 97 17 34 28 49 22 24 47 71 82 7 76 80 98 60 54 20 54 22 
37 47 5 20 64 10 90 98 48 13 10 5 65 59 40 85 85 32 7 71 71 93 5 63 30 50 88 85 71 44 53 42 22 10 54 91 75 39 51 50 70 0 70 73 91 58 41 69 37 66 45 63 5 49 12 21 82 39 21 56 62 67 26 95 26 53 27 23 12 32 
67 63 98 56 33 60 89 86 37 6 35 18 36 12 29 96 9 46 41 52 76 1 90 56 23 90 48 61 44 52 87 10 41 51 13 47 92 38 48 5 89 70 0 42 66 53 11 38 96 20 31 64 8 48 61 23 52 9 34 24 90 72 45 45 85 63 70 32 88 75 
47 53 59 62 59 75 70 60 76 64 74 66 32 72 32 82 36 74 39 65 69 68 71 78 84 73 48 86 25 95 82 84 39 54 97 55 24 28 52 39 69 73 42 0 58 62 86 89 3 3 42 65 93 89 37 23 52 44 22 12 18 73 20 51 96 62 74 40 6 59 
13 2 95 55 74 48 94 2 93 4 46 4 25 100 18 89 16 59 93 58 14 89 47 66 84 95 64 6 70 51 89 81 29 97 79 25 69 92 94 53 27 91 66 58 0 55 28 42 42 2 99 4 39 87 58 94 80 75 86 68 11 60 72 6 81 35 24 53 7 26 
18 69 12 75 86 17 73 86 22 30 90 47 75 55 24 43 14 4 53 79 22 71 65 34 65 78 71 42 71 85 38 91 87 85 32 9 2 59 59 51 79 58 53 62 55 0 100 68 100 40 25 10 94 4 51 87 5 1 42 96 39 100 89 19 26 74 38 36 33 61 
20 99 90 12 40 54 58 24 61 5 66 7 30 8 61 9 83 19 13 53 80 22 53 31 88 1 45 87 86 39 30 65 80 60 82 94 22 7 11 49 73 41 11 86 28 100 0 93 65 96 68 17 2 94 16 69 45 7 45 6 52 49 8 91 5 8 32 100 46 83 
26 73 96 1 33 13 41 97 62 69 86 76 55 4 21 99 92 39 71 36 1 2 61 23 31 86 52 5 45 33 12 83 90 43 83 10 28 81 74 15 77 69 38 89 42 68 93 0 40 16 8 13 6 95 97 66 88 61 13 55 29 14 100 97 34 96 3 79 53 7 
42 40 52 25 38 92 9 46 56 14 26 25 31 84 30 76 25 22 19 85 37 58 53 19 13 76 68 37 5 76 65 94 5 26 11 47 38 13 71 24 27 37 96 3 42 100 65 40 0 79 60 97 83 67 28 83 65 63 74 80 70 87 85 65 35 3 4 48 15 10 
4 32 64 27 79 52 73 9 90 6 15 89 31 28 1 76 33 33 24 77 78 46 6 81 90 61 45 49 57 86 14 15 36 68 88 8 2 54 64 71 88 66 20 3 2 40 96 16 79 0 28 81 62 24 14 57 79 44 10 85 22 21 33 5 88 60 39 4 74 12 
67 57 36 98 66 76 2 46 90 41 46 18 31 33 48 37 5 61 22 13 55 62 22 47 73 7 89 71 25 89 51 8 83 34 34 85 95 82 7 78 52 45 31 42 99 25 68 8 60 28 0 83 44 50 20 60 37 74 15 36 88 76 63 68 37 87 34 46 17 77 
1 20 8 1 68 15 100 5 86 92 76 88 93 40 34 43 31 23 74 60 82 28 28 90 73 58 51 23 39 77 40 46 55 53 39 29 2 39 9 31 97 63 64 65 4 10 17 13 97 81 83 0 7 1 51 27 85 55 66 44 93 69 70 56 4 13 6 75 24 42 
45 12 32 7 48 4 78 23 76 49 69 96 59 28 48 60 12 7 18 1 70 68 75 93 62 73 41 68 37 84 30 90 47 79 15 16 75 88 51 79 17 5 8 93 39 94 2 6 83 62 44 7 0 48 90 77 87 65 91 55 2 29 40 47 45 16 53 97 18 31 
65 27 66 22 97 91 92 86 41 99 46 73 83 69 83 50 59 19 21 48 76 15 41 4 39 89 8 81 56 100 82 10 41 55 75 65 83 100 7 80 34 49 48 89 87 4 94 95 67 24 50 1 48 0 81 72 97 77 16 17 46 24 20 10 29 94 85 22 93 74 
66 96 52 78 2 30 81 45 2 45 69 48 95 73 42 19 84 40 7 27 46 77 2 25 23 72 89 48 82 49 51 67 9 51 30 74 67 6 67 89 28 12 61 37 58 51 16 97 28 14 20 51 90 81 0 50 80 38 92 86 39 21 25 37 65 92 41 14 10 24 
85 40 27 78 100 90 12 100 6 84 23 79 57 11 78 17 100 47 18 15 13 60 83 77 92 25 22 76 93 24 4 56 91 77 56 88 68 65 67 97 49 21 23 23 94 87 69 66 83 57 60 27 77 72 50 0 46 33 20 22 49 36 19 72 8 28 52 53 64 25 
62 17 65 100 93 77 15 92 42 57 45 49 22 87 44 93 62 12 24 75 13 95 52 36 80 24 29 62 82 27 51 94 28 75 29 66 78 51 57 99 22 82 52 52 80 5 45 88 65 79 37 85 87 97 80 46 0 46 37 26 25 75 17 62 65 37 86 54 54 29 
58 90 75 2 36 81 95 31 8 3 6 53 92 51 87 47 11 48 58 46 70 42 29 16 93 72 49 76 91 33 26 51 60 90 94 41 52 92 10 97 24 39 9 44 75 1 7 61 63 44 74 55 65 77 38 33 46 0 46 67 38 69 12 71 40 86 71 28 4 94 
99 39 50 37 71 35 3 27 14 61 13 83 27 52 99 21 15 11 8 93 35 18 58 54 37 45 48 35 47 40 1 12 22 92 21 44 34 93 11 6 47 21 34 22 86 42 45 13 74 10 15 66 91 16 92 20 37 46 0 35 84 97 87 47 21 84 36 98 8 62 
86 37 39 13 36 7 4 1 70 23 100 47 60 87 85 69 2 37 100 73 2 44 4 91 28 89 96 20 5 24 76 7 47 42 2 33 76 49 58 9 71 56 24 12 68 96 6 55 80 85 36 44 55 17 86 22 26 67 35 0 14 21 78 51 6 31 4 35 29 22 
45 28 3 52 7 67 17 81 19 75 46 55 72 22 47 22 33 64 93 84 30 90 79 53 92 46 11 28 50 17 50 2 99 2 68 15 99 81 90 6 82 62 90 18 11 39 52 29 70 22 88 93 2 46 39 49 25 38 84 14 0 24 97 85 46 37 70 68 16 26 
97 69 96 67 93 56 89 95 7 55 63 92 45 53 92 7 89 5 58 94 45 24 54 96 47 1 15 82 99 31 21 93 69 12 57 99 90 20 31 47 7 67 72 73 60 100 49 14 87 21 76 69 29 24 21 36 75 69 97 21 24 0 13 50 61 9 88 7 81 72 
21 80 37 99 85 95 59 20 93 59 29 9 99 61 36 38 43 73 99 44 19 82 58 97 9 37 35 29 12 12 15 87 88 14 68 48 76 18 27 91 76 26 45 20 72 89 8 100 85 33 63 70 40 20 25 19 17 12 87 78 97 13 0 94 78 31 55 92 52 33 
70 77 36 86 78 67 96 31 49 5 12 7 34 37 46 26 21 39 87 47 54 15 86 2 21 84 67 80 21 23 85 52 63 22 23 56 17 35 76 32 80 95 45 51 6 19 91 97 65 5 68 56 47 10 37 72 62 71 47 51 85 50 94 0 94 57 63 49 43 91 
72 76 27 52 7 57 22 37 29 45 67 98 9 28 88 88 32 87 27 12 14 36 99 42 31 45 11 44 89 18 85 80 16 23 3 49 3 50 80 75 98 26 85 96 81 26 5 34 35 88 37 4 45 29 65 8 65 40 21 6 46 61 78 94 0 70 19 40 6 64 
79 53 72 55 66 48 67 6 3 43 69 34 43 95 42 94 28 13 36 36 88 2 25 61 60 68 26 56 76 24 56 20 13 84 63 19 79 82 60 71 60 53 63 62 35 74 8 96 3 60 87 13 16 94 92 28 37 86 84 31 37 9 31 57 70 0 28 28 84 43 
94 24 73 97 80 49 69 48 84 16 82 40 39 24 31 80 7 23 27 16 25 9 72 21 31 86 9 27 85 98 62 88 21 66 90 14 65 15 42 43 54 27 70 74 24 38 32 3 4 39 34 6 53 85 41 52 86 71 36 4 70 88 55 63 19 28 0 53 96 44 
31 25 85 41 65 43 79 4 99 37 67 63 33 99 5 6 94 27 7 47 61 24 12 15 14 29 30 58 16 74 100 47 72 55 51 3 80 97 29 16 20 23 32 40 53 36 100 79 48 4 46 75 97 22 14 53 54 28 98 35 68 7 92 49 40 28 53 0 13 57 
24 6 55 33 78 72 37 27 17 62 4 78 94 26 48 48 81 14 73 3 71 18 6 99 53 22 77 3 45 25 82 41 69 47 72 96 48 66 25 51 54 12 88 6 7 33 46 53 15 74 17 24 18 93 10 64 54 4 8 29 16 81 52 43 6 84 96 13 0 31 
11 82 19 32 34 15 70 35 97 73 20 42 89 96 76 77 66 12 77 94 71 68 35 31 84 61 8 71 33 69 29 65 60 96 59 26 33 61 55 20 22 32 75 59 26 61 83 7 10 12 77 42 31 74 24 25 29 94 62 22 26 72 33 91 64 43 44 57 31 0 
