100
0 394 222 508 568 989 465 906 551 744 293 541 829 270 908 49 357 769 303 656 62 614 97 603 104 38 820 196 755 126 882 66 871 455 573 790 444 37 695 346 780 988 887 960 609 794 8 965 914 662 973 976 276 69 930 731 459 749 927 213 226 160 630 97 615 203 886 58 239 581 403 371 920 641 330 528 787 690 493 700 351 817 27 978 885 956 61 695 57 987 908 282 498 537 378 112 91 616 169 330 
394 0 548 924 52 467 916 733 994 702 422 838 754 125 654 780 454 891 88 514 585 144 852 844 425 350 733 155 461 823 122 982 504 669 257 907 135 524 640 480 226 61 670 979 537 675 110 991 917 197 856 854 340 708 697 117 409 781 271 221 956 392 554 811 412 162 718 898 686 357 377 263 769 398 593 658 425 702 648 341 899 855 194 590 914 243 706 322 375 328 543 330 71 448 141 482 610 858 379 295 
222 548 0 566 108 557 334 857 149 343 281 850 990 974 100 197 167 42 110 761 99 432 136 427 326 817 849 773 957 331 382 166 709 28 731 168 584 417 25 732 759 305 934 101 278 385 297 797 426 758 909 525 189 44 303 866 861 151 991 169 833 372 335 542 400 417 61 335 185 85 419 296 742 352 396 19 88 44 167 514 801 76 390 342 119 44 207 331 194 197 500 27 921 186 920 672 602 980 6 139 
508 924 566 0 417 424 434 158 127 181 528 215 224 695 80 376 770 821 717 240 864 276 923 409 824 774 435 744 959 706 415 912 38 773 402 454 548 835 963 675 15 490 241 590 184 320 966 305 492 682 897 355 309 819 763 133 944 550 228 902 255 995 165 644 767 567 97 314 401 59 340 768 901 932 357 436 603 322 741 94 356 989 448 664 159 563 148 102 112 376 355 718 370 519 362 488 437 810 153 190 
568 52 108 417 0 221 845 957 121 776 313 556 379 987 648 824 694 636 624 357 146 186 857 247 649 584 601 718 305 472 431 792 908 241 296 97 461 140 53 933 268 718 840 998 56 488 821 749 475 444 457 621 981 313 219 981 896 820 699 200 643 129 343 550 721 991 647 533 130 51 465 749 120 305 746 175 144 919 923 618 714 380 590 695 44 161 675 940 980 725 491 622 854 186 523 574 176 521 107 657 
989 467 557 424 221 0 924 923 406 43 227 503 570 370 421 492 340 135 223 281 181 267 441 855 558 772 580 400 745 785 585 268 710 760 788 168 769 63 91 526 106 317 28 675 39 801 518 730 287 741 10 467 359 803 673 916 574 604 315 319 740 252 938 450 363 77 617 131 140 59 656 245 376 36 271 766 836 788 495 474 528 856 292 886 658 316 153 232 272 820 902 11 71 839 812 433 267 781 564 406 
465 916 334 434 845 924 0 839 571 2 566 606 272 683 441 412 177 914 291 385 557 529 42 873 681 625 144 852 878 154 922 68 318 355 335 98 270 92 288 840 94 854 798 717 536 238 480 65 504 771 449 60 651 842 284 683 819 427 535 696 933 456 764 250 162 450 347 783 541 634 975 986 839 772 55 727 9 886 791 864 8 591 276 658 784 559 693 602 338 227 650 270 34 765 519 548 566 217 330 458 
906 733 857 158 957 923 839 0 202 304 444 41 75 850 119 436 87 909 651 95 851 278 104 634 189 796 588 526 22 237 795 408 353 665 955 918 881 636 375 434 940 170 826 366 371 944 801 458 852 804 552 54 81 655 688 621 803 627 146 824 215 292 583 567 956 537 484 188 173 210 622 464 380 447 829 750 391 982 207 594 137 110 1000 569 117 39 190 919 665 335 94 879 627 677 797 934 565 632 122 89 
551 994 149 127 121 406 571 202 0 841 95 904 220 541 733 322 283 66 880 229 202 342 580 122 458 618 311 728 282 998 821 512 976 849 308 909 766 291 382 206 131 476 110 703 369 194 376 3 259 255 583 812 948 162 933 405 779 596 484 412 593 657 923 568 857 582 476 622 872 210 828 355 37 289 57 405 482 784 760 92 38 342 903 986 504 187 742 634 134 226 46 726 234 320 293 90 254 121 712 477 
744 702 343 181 776 43 2 304 841 0 682 891 831 718 179 239 123 12 22 234 103 412 575 357 749 430 895 842 416 29 419 461 754 652 132 399 742 737 871 805 214 552 695 396 269 225 987 743 588 360 976 690 771 551 398 871 332 292 713 747 672 131 559 778 783 43 528 876 779 398 680 992 949 726 740 569 302 726 312 889 85 639 930 208 541 327 78 873 970 142 971 994 273 530 771 407 572 298 282 350 
293 422 281 528 313 227 566 444 95 682 0 47 961 694 347 686 433 267 339 510 578 227 946 217 156 153 757 834 583 981 155 724 952 500 348 481 270 106 404 919 387 105 317 699 798 663 736 582 930 74 91 859 300 37 427 807 541 536 992 123 516 499 199 819 998 546 651 620 652 54 538 390 159 207 89 308 221 824 890 502 898 980 361 549 368 139 356 909 26 699 31 894 197 229 712 195 127 363 814 130 
541 838 850 215 556 503 606 41 904 891 47 0 768 703 519 926 261 959 234 482 783 475 983 32 454 695 932 174 186 639 82 211 338 112 104 534 693 168 80 171 530 245 652 649 948 170 927 208 481 512 41 615 986 24 646 791 70 577 964 255 568 45 466 905 509 569 790 553 736 870 723 617 114 374 266 413 895 544 973 375 55 13 989 40 36 986 830 106 915 794 360 482 190 177 738 698 98 527 250 185 
829 754 990 224 379 570 272 75 220 831 961 768 0 748 324 802 862 49 419 626 944 962 598 670 368 611 11 407 998 348 236 455 614 381 167 95 571 343 832 620 440 711 870 977 458 545 778 671 594 548 649 889 861 246 558 228 208 920 986 558 268 573 12 881 954 530 328 876 873 511 495 664 221 716 992 31 613 769 701 206 668 349 94 880 947 3 107 506 923 92 63 542 17 427 422 970 956 101 197 180 
270 125 974 695 987 370 683 850 541 718 694 703 748 0 612 43 196 184 111 187 214 723 308 267 928 975 967 373 207 265 375 665 771 297 109 185 190 125 611 612 94 567 64 642 746 675 684 941 211 794 128 424 516 787 42 795 113 361 167 319 625 542 984 747 190 92 932 380 216 542 343 661 460 406 654 206 433 337 498 643 483 977 418 998 763 460 145 876 172 311 546 148 204 529 895 394 972 178 125 539 
908 654 100 80 648 421 441 119 733 179 347 519 324 612 0 71 819 199 531 224 852 736 8 541 585 650 23 914 68 372 676 879 516 903 402 179 449 549 382 329 795 775 301 972 251 839 43 69 390 573 645 593 660 652 485 596 302 859 509 721 231 537 951 98 791 352 276 591 252 658 920 47 784 572 18 35 762 412 455 503 336 99 448 995 103 932 943 756 143 451 476 725 339 778 822 130 129 450 720 732 
49 780 197 376 824 492 412 436 322 239 686 926 802 43 71 0 107 991 778 242 914 148 628 28 559 83 530 247 533 329 241 635 613 535 390 755 986 865 479 324 994 300 805 474 749 525 206 207 867 983 449 781 130 76 808 41 510 689 287 43 18 879 677 630 414 67 384 751 283 214 426 277 513 231 750 614 107 307 172 973 290 972 105 771 400 264 163 909 953 801 303 322 680 980 303 445 398 686 547 680 
357 454 167 770 694 340 177 87 283 123 433 261 862 196 819 107 0 899 972 308 763 554 410 728 660 716 900 985 357 223 89 128 622 353 642 883 657 443 185 978 474 164 280 270 561 317 816 593 567 139 252 681 693 661 409 704 377 660 688 85 234 129 212 856 833 854 738 489 296 274 818 121 438 449 390 350 765 205 294 683 695 546 363 387 558 123 91 286 134 130 371 368 258 582 223 90 787 312 930 434 
769 891 42 821 636 135 914 909 66 12 267 959 49 184 199 991 899 0 585 747 554 374 195 295 76 311 499 369 993 194 266 708 932 824 830 374 461 964 856 831 683 113 765 257 555 551 568 484 337 504 583 242 230 777 537 305 88 387 25 432 932 643 139 864 818 321 589 278 636 444 109 318 909 873 574 463 775 493 298 463 348 880 705 577 9 241 233 448 979 258 879 911 900 370 126 717 690 714 994 677 
303 88 110 717 624 223 291 651 880 22 339 234 419 111 531 778 972 585 0 158 454 994 418 678 919 232 805 763 529 267 110 761 323 39 769 915 271 568 894 528 446 804 779 167 929 847 208 994 193 884 503 646 229 920 676 147 151 480 261 680 98 371 792 421 409 560 335 31 127 580 559 924 383 689 91 663 536 650 657 728 534 159 725 762 79 400 261 581 879 521 260 977 243 403 397 3 962 83 34 440 
656 514 761 240 357 281 385 95 229 234 510 482 626 187 224 242 308 747 158 0 663 944 716 397 632 158 60 519 807 68 246 340 226 971 454 656 722 66 237 601 586 848 929 181 251 677 183 564 759 216 4 773 511 71 522 495 228 581 13 34 1000 259 726 225 581 179 233 302 244 821 254 181 668 534 361 270 210 896 186 321 463 541 93 974 611 614 468 838 546 480 871 545 90 596 122 22 126 354 676 369 
62 585 99 864 146 181 557 851 202 103 578 783 944 214 852 914 763 554 454 663 0 526 929 902 193 463 262 815 24 157 1000 344 620 540 789 945 150 754 412 339 300 243 209 196 333 157 669 354 282 374 29 3 899 310 904 92 124 517 258 147 26 257 491 997 148 631 941 649 384 704 987 35 946 547 583 278 703 251 984 985 625 364 987 523 25 242 966 148 758 223 647 135 831 489 131 330 119 71 330 502 
614 144 432 276 186 267 529 278 342 412 227 475 962 723 736 148 554 374 994 944 526 0 126 316 889 72 215 471 701 917 721 36 253 697 400 591 220 424 832 537 924 942 112 570 76 294 58 207 624 528 629 953 381 755 621 269 178 187 91 230 455 164 266 708 860 17 650 431 792 482 968 715 775 431 636 850 724 45 408 347 572 389 652 305 495 624 925 24 810 16 253 264 179 518 323 390 534 973 821 326 
97 852 136 923 857 441 42 104 580 575 946 983 598 308 8 628 410 195 418 716 929 126 0 806 140 392 932 570 380 133 293 424 541 992 348 281 643 4 127 618 928 150 779 943 402 394 473 920 717 863 805 41 35 482 846 174 226 777 743 605 909 387 380 801 378 79 81 372 82 207 341 10 708 119 304 110 513 777 381 229 639 537 621 25 19 466 198 244 594 292 200 502 678 579 655 408 658 87 131 739 
603 844 427 409 247 855 873 634 122 357 217 32 670 267 541 28 728 295 678 397 902 316 806 0 646 472 748 353 590 404 462 454 180 194 34 170 731 654 194 749 119 743 344 712 34 543 566 63 121 572 822 130 658 953 869 303 424 968 656 365 371 469 819 902 663 852 71 393 506 616 493 976 358 836 40 743 730 957 158 202 528 979 332 537 931 552 840 706 871 847 71 594 667 241 847 329 92 270 73 949 
104 425 326 824 649 558 681 189 458 749 156 454 368 928 585 559 660 76 919 632 193 889 140 646 0 885 565 277 595 752 668 337 833 624 846 387 503 825 70 39 755 973 878 461 843 76 883 788 743 123 635 423 214 904 496 515 140 412 791 734 516 810 423 348 433 268 86 935 444 155 325 199 127 555 11 322 630 893 109 724 15 95 147 580 998 642 446 490 405 588 223 920 397 997 620 181 617 705 467 60 
38 350 817 774 584 772 625 796 618 430 153 695 611 975 650 83 716 311 232 158 463 72 392 472 885 0 860 792 610 986 346 972 307 327 864 768 51 230 862 197 162 212 190 959 701 594 547 275 514 295 272 133 476 240 189 942 651 400 733 261 738 430 232 396 757 448 163 807 29 377 3 542 588 192 501 288 137 399 562 650 693 185 134 168 776 675 462 427 74 546 687 811 976 270 207 732 69 721 890 98 
820 733 849 435 601 580 144 588 311 895 757 932 11 967 23 530 900 499 805 60 262 215 932 748 565 860 0 97 244 991 684 787 491 971 923 889 885 925 934 421 58 453 197 732 914 623 158 460 661 968 435 930 526 518 351 247 759 800 343 2 790 27 788 633 349 62 873 233 986 806 654 396 259 850 479 172 824 636 983 484 604 769 765 481 638 115 727 396 266 70 397 56 448 536 40 796 950 912 381 935 
196 155 773 744 718 400 852 526 728 842 834 174 407 373 914 247 985 369 763 519 815 471 570 353 277 792 97 0 718 386 682 328 587 161 499 410 796 482 893 751 602 657 232 240 124 958 635 741 379 384 796 826 271 187 974 220 99 354 507 168 91 188 495 677 348 345 86 496 178 330 246 780 338 829 19 813 139 653 554 517 36 701 695 659 888 668 878 338 373 384 505 463 924 351 491 271 695 576 766 873 
755 461 957 959 305 745 878 22 282 416 583 186 998 207 68 533 357 993 529 807 24 701 380 590 595 610 244 718 0 257 364 652 594 192 670 407 330 674 960 199 710 660 245 720 899 264 597 236 636 333 740 450 256 90 940 878 137 867 996 9 123 359 12 68 902 681 474 584 354 785 134 415 797 378 134 695 641 83 931 628 415 22 429 22 464 720 251 600 586 246 960 60 956 971 479 210 3 305 145 708 
126 823 331 706 472 785 154 237 998 29 981 639 348 265 372 329 223 194 267 68 157 917 133 404 752 986 991 386 257 0 89 278 475 237 655 608 932 647 42 214 274 808 587 702 181 50 773 432 1 710 29 312 121 337 634 599 546 636 903 690 344 344 319 170 580 973 777 863 971 171 76 596 978 15 649 159 64 421 942 417 130 970 80 250 306 714 848 203 701 103 244 396 446 562 565 377 886 694 240 856 
882 122 382 415 431 585 922 795 821 419 155 82 236 375 676 241 89 266 110 246 1000 721 293 462 668 346 684 682 364 89 0 864 667 451 193 681 99 703 97 519 644 865 1000 614 296 249 271 9 449 474 62 551 717 457 348 279 22 76 164 67 667 372 930 334 822 474 366 273 177 814 143 820 30 143 433 326 391 704 686 839 529 747 741 245 556 88 875 577 516 391 643 182 762 924 867 935 397 233 207 573 
66 982 166 912 792 268 68 408 512 461 724 211 455 665 879 635 128 708 761 340 344 36 424 454 337 972 787 328 652 278 864 0 398 350 745 428 844 177 105 234 232 790 425 112 889 517 357 444 957 583 372 472 973 366 653 734 289 520 669 37 104 227 962 853 928 706 632 771 234 736 357 818 878 133 929 118 649 637 561 957 220 284 428 192 649 433 278 289 952 298 325 407 524 638 259 804 343 891 574 929 
871 504 709 38 908 710 318 353 976 754 952 338 614 771 516 613 622 932 323 226 620 253 541 180 833 307 491 587 594 475 667 398 0 978 282 746 855 414 674 324 415 663 884 371 882 167 799 425 167 231 702 455 534 999 132 940 875 769 550 678 464 440 603 392 418 885 489 624 298 162 948 712 824 183 83 57 702 233 482 868 815 183 675 348 534 806 639 408 926 188 437 741 628 39 132 397 923 620 372 573 
455 669 28 773 241 760 355 665 849 652 500 112 381 297 903 535 353 824 39 971 540 697 992 194 624 327 971 161 192 237 451 350 978 0 134 671 636 309 854 70 718 907 302 199 126 116 733 800 815 266 957 453 25 235 641 813 975 620 852 459 368 126 430 91 698 915 762 334 224 967 403 941 225 57 491 350 524 223 502 339 841 810 143 217 396 135 30 723 106 233 181 473 358 962 916 408 877 677 741 452 
573 257 731 402 296 788 335 955 308 132 348 104 167 109 402 390 642 830 769 454 789 400 348 34 846 864 923 499 670 655 193 745 282 134 0 995 495 744 219 551 234 920 75 808 773 413 1000 583 555 217 978 690 598 700 795 830 232 620 539 194 887 946 422 563 686 873 909 181 616 479 83 201 398 157 8 171 921 360 105 476 576 434 517 525 486 663 354 69 634 892 262 520 190 683 434 875 907 694 407 522 
790 907 168 454 97 168 98 918 909 399 481 534 95 185 179 755 883 374 915 656 945 591 281 170 387 768 889 410 407 608 681 428 746 671 995 0 172 490 74 570 998 434 92 919 793 548 394 368 981 262 892 818 276 597 887 262 840 500 781 29 183 567 256 89 260 14 963 432 503 36 353 501 469 796 419 261 343 164 980 675 777 223 493 404 171 731 665 363 230 798 391 412 716 998 853 975 12 167 758 514 
444 135 584 548 461 769 270 881 766 742 270 693 571 190 449 986 657 461 271 722 150 220 643 731 503 51 885 796 330 932 99 844 855 636 495 172 0 554 462 366 23 257 136 635 951 299 967 626 427 541 470 831 712 200 847 74 429 644 816 193 359 814 397 686 825 563 795 690 116 257 56 490 513 543 477 816 194 795 441 620 335 262 802 398 813 649 823 241 644 639 785 355 804 181 392 628 95 186 669 211 
37 524 417 835 140 63 92 636 291 737 106 168 343 125 549 865 443 964 568 66 754 424 4 654 825 230 925 482 674 647 703 177 414 309 744 490 554 0 442 76 52 307 619 528 122 812 322 914 431 657 527 585 406 339 585 229 931 228 867 716 934 22 896 325 649 991 863 669 553 304 745 604 962 363 484 83 174 805 348 956 813 874 892 571 212 476 799 143 56 17 210 341 38 457 18 38 447 880 706 351 
695 640 25 963 53 91 288 375 382 871 404 80 832 611 382 479 185 856 894 237 412 832 127 194 70 862 934 893 960 42 97 105 674 854 219 74 462 442 0 535 802 307 497 164 790 931 689 946 631 997 111 504 888 33 68 716 831 562 771 199 771 463 236 227 480 625 26 359 682 376 246 484 34 742 999 175 24 40 473 654 36 583 510 275 615 929 342 797 490 112 995 260 927 582 838 406 558 863 765 239 
346 480 732 675 933 526 840 434 206 805 919 171 620 612 329 324 978 831 528 601 339 537 618 749 39 197 421 751 199 214 519 234 324 70 551 570 366 76 535 0 591 10 74 976 103 73 151 478 112 623 484 499 557 345 773 523 273 115 671 762 578 665 373 504 598 562 262 155 425 26 745 367 387 819 342 841 891 844 670 354 466 153 852 374 497 624 896 769 90 918 882 20 934 606 523 531 168 784 37 944 
780 226 759 15 268 106 94 940 131 214 387 530 440 94 795 994 474 683 446 586 300 924 928 119 755 162 58 602 710 274 644 232 415 718 234 998 23 52 802 591 0 161 782 310 899 600 3 91 842 847 761 195 664 265 46 390 762 21 285 882 463 203 116 482 488 721 356 19 888 492 407 183 4 188 492 903 139 847 345 332 45 105 526 708 722 923 97 835 296 734 716 758 288 831 239 775 904 594 145 143 
988 61 305 490 718 317 854 170 476 552 105 245 711 567 775 300 164 113 804 848 243 942 150 743 973 212 453 657 660 808 865 790 663 907 920 434 257 307 307 10 161 0 437 552 326 441 91 817 343 230 15 39 561 59 496 439 119 217 713 567 51 8 652 118 765 939 949 355 66 204 301 562 346 737 113 671 529 204 840 223 785 854 262 697 265 757 487 383 973 200 949 375 559 601 492 676 891 792 382 308 
887 670 934 241 840 28 798 826 110 695 317 652 870 64 301 805 280 765 779 929 209 112 779 344 878 190 197 232 245 587 1000 425 884 302 75 92 136 619 497 74 782 437 0 995 682 870 341 771 334 11 299 889 850 522 25 56 783 722 320 891 560 702 215 111 2 589 670 954 80 345 197 224 726 504 218 760 725 558 882 59 921 180 299 770 53 324 177 187 397 496 429 956 549 643 67 551 583 88 856 663 
960 979 101 590 998 675 717 366 703 396 699 649 977 642 972 474 270 257 167 181 196 570 943 712 461 959 732 240 720 702 614 112 371 199 808 919 635 528 164 976 310 552 995 0 784 52 238 509 908 455 620 632 13 501 42 285 33 341 54 437 16 583 976 412 78 404 719 627 47 785 529 629 224 384 643 7 788 880 868 695 687 487 678 51 340 72 335 724 764 740 512 779 322 487 542 400 891 260 378 289 
609 537 278 184 56 39 536 371 369 269 798 948 458 746 251 749 561 555 929 251 333 76 402 34 843 701 914 124 899 181 296 889 882 126 773 793 951 122 790 103 899 326 682 784 0 45 906 269 620 641 264 627 428 495 494 474 181 332 152 231 671 575 565 746 338 657 258 468 978 744 9 729 986 268 106 274 664 11 543 284 652 158 910 431 652 755 905 833 86 408 415 109 982 332 854 671 988 111 138 965 
794 675 385 320 488 801 238 944 194 225 663 170 545 675 839 525 317 551 847 677 157 294 394 543 76 594 623 958 264 50 249 517 167 116 413 548 299 812 931 73 600 441 870 52 45 0 207 498 694 192 765 151 818 781 162 712 64 165 869 325 947 520 79 851 704 516 258 119 624 591 450 830 261 437 292 750 753 498 247 798 690 364 949 507 144 462 218 559 978 438 883 924 957 313 775 661 180 384 779 804 
8 110 297 966 821 518 480 801 376 987 736 927 778 684 43 206 816 568 208 183 669 58 473 566 883 547 158 635 597 773 271 357 799 733 1000 394 967 322 689 151 3 91 341 238 906 207 0 327 580 985 939 16 276 41 120 774 287 918 815 2 218 673 145 679 242 703 656 679 937 931 635 601 57 647 781 793 777 936 119 356 920 409 723 195 449 843 968 88 112 134 89 329 806 234 7 47 288 14 77 225 
965 991 797 305 749 730 65 458 3 743 582 208 671 941 69 207 593 484 994 564 354 207 920 63 788 275 460 741 236 432 9 444 425 800 583 368 626 914 946 478 91 817 771 509 269 498 327 0 944 64 825 1 710 957 793 487 892 263 194 811 671 917 6 120 111 325 207 222 459 647 550 616 880 908 15 520 921 91 96 216 154 920 568 216 877 360 54 768 974 247 931 645 515 936 116 625 612 674 846 422 
914 917 426 492 475 287 504 852 259 588 930 481 594 211 390 867 567 337 193 759 282 624 717 121 743 514 661 379 636 1 449 957 167 815 555 981 427 431 631 112 842 343 334 908 620 694 580 944 0 320 747 390 552 654 404 71 926 846 166 494 352 437 61 567 665 773 620 785 746 218 715 742 733 2 209 357 965 882 555 387 554 301 128 105 307 531 527 584 728 44 77 79 480 138 645 497 262 616 281 359 
662 197 758 682 444 741 771 804 255 360 74 512 548 794 573 983 139 504 884 216 374 528 863 572 123 295 968 384 333 710 474 583 231 266 217 262 541 657 997 623 847 230 11 455 641 192 985 64 320 0 834 347 101 566 348 309 274 312 543 828 50 448 129 177 552 435 59 430 370 787 473 447 217 304 936 862 800 197 829 80 555 14 778 7 579 125 668 853 789 210 680 190 9 160 719 560 946 129 341 316 
973 856 909 897 457 10 449 552 583 976 91 41 649 128 645 449 252 583 503 4 29 629 805 822 635 272 435 796 740 29 62 372 702 957 978 892 470 527 111 484 761 15 299 620 264 765 939 825 747 834 0 915 165 762 132 468 697 345 268 245 525 699 799 539 477 806 117 953 473 321 93 34 353 635 42 512 705 953 810 833 645 125 748 809 238 231 276 934 927 895 530 451 946 328 989 422 485 458 726 309 
976 854 525 355 621 467 60 54 812 690 859 615 889 424 593 781 681 242 646 773 3 953 41 130 423 133 930 826 450 312 551 472 455 453 690 818 831 585 504 499 195 39 889 632 627 151 16 1 390 347 915 0 130 171 342 482 157 735 346 861 39 155 693 683 631 792 491 868 22 767 153 300 661 682 751 606 361 91 379 846 900 457 506 30 979 848 863 135 934 560 995 973 66 687 655 696 831 146 563 204 
276 340 189 309 981 359 651 81 948 771 300 986 861 516 660 130 693 230 229 511 899 381 35 658 214 476 526 271 256 121 717 973 534 25 598 276 712 406 888 557 664 561 850 13 428 818 276 710 552 101 165 130 0 264 715 504 276 748 606 234 109 48 964 306 948 772 811 329 750 10 543 236 296 103 230 268 168 269 274 864 451 771 778 654 34 493 157 662 592 762 895 52 810 210 357 109 982 520 789 83 
69 708 44 819 313 803 842 655 162 551 37 24 246 787 652 76 661 777 920 71 310 755 482 953 904 240 518 187 90 337 457 366 999 235 700 597 200 339 33 345 265 59 522 501 495 781 41 957 654 566 762 171 264 0 881 331 319 176 433 900 443 601 520 69 816 970 839 593 624 225 437 780 886 29 894 132 432 55 693 789 515 674 660 303 757 540 633 427 716 418 326 510 18 198 578 185 167 417 129 790 
930 697 303 763 219 673 284 688 933 398 427 646 558 42 485 808 409 537 676 522 904 621 846 869 496 189 351 974 940 634 348 653 132 641 795 887 847 585 68 773 46 496 25 42 494 162 120 793 404 348 132 342 715 881 0 993 566 922 878 946 167 361 377 221 53 517 735 79 176 389 187 716 21 613 431 438 290 940 807 487 870 343 654 286 472 795 630 37 716 507 334 882 219 62 454 623 579 540 701 754 
731 117 866 133 981 916 683 621 405 871 807 791 228 795 596 41 704 305 147 495 92 269 174 303 515 942 247 220 878 599 279 734 940 813 830 262 74 229 716 523 390 439 56 285 474 712 774 487 71 309 468 482 504 331 993 0 928 887 821 301 851 603 90 141 895 249 979 764 591 632 401 62 779 30 450 846 888 783 728 458 845 533 80 775 425 133 880 704 19 701 356 222 655 446 714 549 46 692 664 636 
459 409 861 944 896 574 819 803 779 332 541 70 208 113 302 510 377 88 151 228 124 178 226 424 140 651 759 99 137 546 22 289 875 975 232 840 429 931 831 273 762 119 783 33 181 64 287 892 926 274 697 157 276 319 566 928 0 676 64 50 454 445 499 299 684 634 378 141 830 263 221 604 687 353 835 390 723 887 746 296 542 543 9 90 588 701 754 575 376 169 624 181 614 475 831 649 460 209 790 289 
749 781 151 550 820 604 427 627 596 292 536 577 920 361 859 689 660 387 480 581 517 187 777 968 412 400 800 354 867 636 76 520 769 620 620 500 644 228 562 115 21 217 722 341 332 165 918 263 846 312 345 735 748 176 922 887 676 0 471 362 244 509 66 78 250 788 965 347 436 858 241 444 947 828 144 52 403 871 573 378 403 538 852 234 186 311 794 975 951 616 336 546 124 401 624 725 541 940 72 976 
927 271 991 228 699 315 535 146 484 713 992 964 986 167 509 287 688 25 261 13 258 91 743 656 791 733 343 507 996 903 164 669 550 852 539 781 816 867 771 671 285 713 320 54 152 869 815 194 166 543 268 346 606 433 878 821 64 471 0 797 312 419 95 492 915 499 246 137 71 623 892 608 827 125 793 489 270 768 792 885 455 337 360 208 312 84 748 603 155 75 399 819 845 846 310 111 344 907 600 766 
213 221 169 902 200 319 696 824 412 747 123 255 558 319 721 43 85 432 680 34 147 230 605 365 734 261 2 168 9 690 67 37 678 459 194 29 193 716 199 762 882 567 891 437 231 325 2 811 494 828 245 861 234 900 946 301 50 362 797 0 529 491 373 707 967 165 548 236 284 339 120 91 675 479 298 987 914 397 589 421 823 340 239 667 537 900 130 880 806 729 645 686 219 369 393 537 885 940 772 169 
226 956 833 255 643 740 933 215 593 672 516 568 268 625 231 18 234 932 98 1000 26 455 909 371 516 738 790 91 123 344 667 104 464 368 887 183 359 934 771 578 463 51 560 16 671 947 218 671 352 50 525 39 109 443 167 851 454 244 312 529 0 278 243 611 304 73 908 290 986 656 231 406 478 922 644 144 458 895 625 689 700 353 685 386 923 53 130 459 289 69 230 809 698 824 419 1 896 678 643 882 
160 392 372 995 129 252 456 292 657 131 499 45 573 542 537 879 129 643 371 259 257 164 387 469 810 430 27 188 359 344 372 227 440 126 946 567 814 22 463 665 203 8 702 583 575 520 673 917 437 448 699 155 48 601 361 603 445 509 419 491 278 0 333 225 287 810 146 283 306 955 177 930 643 229 635 679 614 557 83 743 368 371 163 949 180 860 773 598 212 668 628 854 549 960 78 188 122 575 470 779 
630 554 335 165 343 938 764 583 923 559 199 466 12 984 951 677 212 139 792 726 491 266 380 819 423 232 788 495 12 319 930 962 603 430 422 256 397 896 236 373 116 652 215 976 565 79 145 6 61 129 799 693 964 520 377 90 499 66 95 373 243 333 0 529 998 708 523 226 694 201 191 603 635 933 970 6 95 918 185 306 690 134 518 358 761 723 258 73 153 445 194 727 266 972 608 616 31 482 193 725 
97 811 542 644 550 450 250 567 568 778 819 905 881 747 98 630 856 864 421 225 997 708 801 902 348 396 633 677 68 170 334 853 392 91 563 89 686 325 227 504 482 118 111 412 746 851 679 120 567 177 539 683 306 69 221 141 299 78 492 707 611 225 529 0 35 384 327 669 668 648 674 115 565 210 420 255 696 289 964 808 12 573 880 516 370 425 594 987 396 201 602 779 35 147 855 69 882 533 737 549 
615 412 400 767 721 363 162 956 857 783 998 509 954 190 791 414 833 818 409 581 148 860 378 663 433 757 349 348 902 580 822 928 418 698 686 260 825 649 480 598 488 765 2 78 338 704 242 111 665 552 477 631 948 816 53 895 684 250 915 967 304 287 998 35 0 180 763 663 744 324 435 350 19 75 665 827 438 238 58 953 959 483 547 945 230 99 899 360 133 45 214 201 926 746 290 826 925 404 841 21 
203 162 417 567 991 77 450 537 582 43 546 569 530 92 352 67 854 321 560 179 631 17 79 852 268 448 62 345 681 973 474 706 885 915 873 14 563 991 625 562 721 939 589 404 657 516 703 325 773 435 806 792 772 970 517 249 634 788 499 165 73 810 708 384 180 0 727 275 722 746 701 387 924 139 976 333 91 934 815 989 878 397 88 776 756 572 172 970 773 449 67 414 275 344 817 115 364 543 741 85 
886 718 61 97 647 617 347 484 476 528 651 790 328 932 276 384 738 589 335 233 941 650 81 71 86 163 873 86 474 777 366 632 489 762 909 963 795 863 26 262 356 949 670 719 258 258 656 207 620 59 117 491 811 839 735 979 378 965 246 548 908 146 523 327 763 727 0 640 441 823 563 931 798 896 374 83 62 362 961 810 801 88 566 373 612 887 497 60 953 910 334 296 726 800 11 620 540 96 260 333 
58 898 335 314 533 131 783 188 622 876 620 553 876 380 591 751 489 278 31 302 649 431 372 393 935 807 233 496 584 863 273 771 624 334 181 432 690 669 359 155 19 355 954 627 468 119 679 222 785 430 953 868 329 593 79 764 141 347 137 236 290 283 226 669 663 275 640 0 270 174 615 420 421 988 502 835 350 462 644 502 902 209 874 513 447 370 924 400 279 258 695 356 409 706 976 301 153 587 633 774 
239 686 185 401 130 140 541 173 872 779 652 736 873 216 252 283 296 636 127 244 384 792 82 506 444 29 986 178 354 971 177 234 298 224 616 503 116 553 682 425 888 66 80 47 978 624 937 459 746 370 473 22 750 624 176 591 830 436 71 284 986 306 694 668 744 722 441 270 0 112 599 193 533 587 695 367 288 508 362 789 409 923 663 273 369 384 197 768 15 806 815 370 214 872 697 514 376 283 498 149 
581 357 85 59 51 59 634 210 210 398 54 870 511 542 658 214 274 444 580 821 704 482 207 616 155 377 806 330 785 171 814 736 162 967 479 36 257 304 376 26 492 204 345 785 744 591 931 647 218 787 321 767 10 225 389 632 263 858 623 339 656 955 201 648 324 746 823 174 112 0 747 97 342 279 35 36 997 322 895 358 462 304 280 476 928 649 860 124 768 874 281 582 595 495 805 292 360 180 926 210 
403 377 419 340 465 656 975 622 828 680 538 723 495 343 920 426 818 109 559 254 987 968 341 493 325 3 654 246 134 76 143 357 948 403 83 353 56 745 246 745 407 301 197 529 9 450 635 550 715 473 93 153 543 437 187 401 221 241 892 120 231 177 191 674 435 701 563 615 599 747 0 681 672 658 22 302 692 409 650 365 655 8 178 958 639 654 238 639 865 713 407 90 994 340 684 840 497 327 199 28 
371 263 296 768 749 245 986 464 355 992 390 617 664 661 47 277 121 318 924 181 35 715 10 976 199 542 396 780 415 596 820 818 712 941 201 501 490 604 484 367 183 562 224 629 729 830 601 616 742 447 34 300 236 780 716 62 604 444 608 91 406 930 603 115 350 387 931 420 193 97 681 0 605 408 708 628 417 81 930 108 841 931 824 496 938 2 805 929 7 42 567 871 755 325 312 100 17 995 939 513 
920 769 742 901 120 376 839 380 37 949 159 114 221 460 784 513 438 909 383 668 946 775 708 358 127 588 259 338 797 978 30 878 824 225 398 469 513 962 34 387 4 346 726 224 986 261 57 880 733 217 353 661 296 886 21 779 687 947 827 675 478 643 635 565 19 924 798 421 533 342 672 605 0 674 489 540 278 249 600 257 665 680 538 773 873 469 948 368 758 949 524 686 955 918 605 177 24 929 488 123 
641 398 352 932 305 36 772 447 289 726 207 374 716 406 572 231 449 873 689 534 547 431 119 836 555 192 850 829 378 15 143 133 183 57 157 796 543 363 742 819 188 737 504 384 268 437 647 908 2 304 635 682 103 29 613 30 353 828 125 479 922 229 933 210 75 139 896 988 587 279 658 408 674 0 297 835 61 161 508 549 53 137 797 652 393 814 683 283 938 555 751 885 274 508 186 798 194 140 715 798 
330 593 396 357 746 271 55 829 57 740 89 266 992 654 18 750 390 574 91 361 583 636 304 40 11 501 479 19 134 649 433 929 83 491 8 419 477 484 999 342 492 113 218 643 106 292 781 15 209 936 42 751 230 894 431 450 835 144 793 298 644 635 970 420 665 976 374 502 695 35 22 708 489 297 0 317 90 78 156 212 727 990 624 887 497 524 939 985 673 942 730 486 625 12 423 531 762 659 805 621 
528 658 19 436 175 766 727 750 405 569 308 413 31 206 35 614 350 463 663 270 278 850 110 743 322 288 172 813 695 159 326 118 57 350 171 261 816 83 175 841 903 671 760 7 274 750 793 520 357 862 512 606 268 132 438 846 390 52 489 987 144 679 6 255 827 333 83 835 367 36 302 628 540 835 317 0 844 954 814 984 20 963 652 109 393 807 672 119 149 295 357 997 818 648 982 490 589 63 327 213 
787 425 88 603 144 836 9 391 482 302 221 895 613 433 762 107 765 775 536 210 703 724 513 730 630 137 824 139 641 64 391 649 702 524 921 343 194 174 24 891 139 529 725 788 664 753 777 921 965 800 705 361 168 432 290 888 723 403 270 914 458 614 95 696 438 91 62 350 288 997 692 417 278 61 90 844 0 74 749 96 187 760 900 807 603 205 973 938 224 935 589 684 679 748 355 149 896 649 506 892 
690 702 44 322 919 788 886 982 784 726 824 544 769 337 412 307 205 493 650 896 251 45 777 957 893 399 636 653 83 421 704 637 233 223 360 164 795 805 40 844 847 204 558 880 11 498 936 91 882 197 953 91 269 55 940 783 887 871 768 397 895 557 918 289 238 934 362 462 508 322 409 81 249 161 78 954 74 0 818 505 225 660 93 287 986 658 712 87 753 898 846 652 57 448 208 29 386 783 315 326 
493 648 167 741 923 495 791 207 760 312 890 973 701 498 455 172 294 298 657 186 984 408 381 158 109 562 983 554 931 942 686 561 482 502 105 980 441 348 473 670 345 840 882 868 543 247 119 96 555 829 810 379 274 693 807 728 746 573 792 589 625 83 185 964 58 815 961 644 362 895 650 930 600 508 156 814 749 818 0 466 994 425 172 494 672 172 351 916 989 855 140 1000 948 779 986 605 490 72 357 740 
700 341 514 94 618 474 864 594 92 889 502 375 206 643 503 973 683 463 728 321 985 347 229 202 724 650 484 517 628 417 839 957 868 339 476 675 620 956 654 354 332 223 59 695 284 798 356 216 387 80 833 846 864 789 487 458 296 378 885 421 689 743 306 808 953 989 810 502 789 358 365 108 257 549 212 984 96 505 466 0 269 360 796 716 567 824 453 349 138 131 166 483 555 337 977 579 508 327 494 496 
351 899 801 356 714 528 8 137 38 85 898 55 668 483 336 290 695 348 534 463 625 572 639 528 15 693 604 36 415 130 529 220 815 841 576 777 335 813 36 466 45 785 921 687 652 690 920 154 554 555 645 900 451 515 870 845 542 403 455 823 700 368 690 12 959 878 801 902 409 462 655 841 665 53 727 20 187 225 994 269 0 182 985 496 129 763 833 85 605 256 441 344 524 152 491 591 718 666 396 418 
817 855 76 989 380 856 591 110 342 639 980 13 349 977 99 972 546 880 159 541 364 389 537 979 95 185 769 701 22 970 747 284 183 810 434 223 262 874 583 153 105 854 180 487 158 364 409 920 301 14 125 457 771 674 343 533 543 538 337 340 353 371 134 573 483 397 88 209 923 304 8 931 680 137 990 963 760 660 425 360 182 0 803 526 583 638 432 919 614 10 426 292 855 273 825 840 120 305 954 952 
27 194 390 448 590 292 276 1000 903 930 361 989 94 418 448 105 363 705 725 93 987 652 621 332 147 134 765 695 429 80 741 428 675 143 517 493 802 892 510 852 526 262 299 678 910 949 723 568 128 778 748 506 778 660 654 80 9 852 360 239 685 163 518 880 547 88 566 874 663 280 178 824 538 797 624 652 900 93 172 796 985 803 0 389 558 559 181 253 82 332 95 25 401 760 420 818 563 297 400 552 
978 590 342 664 695 886 658 569 986 208 549 40 880 998 995 771 387 577 762 974 523 305 25 537 580 168 481 659 22 250 245 192 348 217 525 404 398 571 275 374 708 697 770 51 431 507 195 216 105 7 809 30 654 303 286 775 90 234 208 667 386 949 358 516 945 776 373 513 273 476 958 496 773 652 887 109 807 287 494 716 496 526 389 0 80 318 517 90 743 808 296 368 633 135 487 289 89 791 678 998 
885 914 119 159 44 658 784 117 504 541 368 36 947 763 103 400 558 9 79 611 25 495 19 931 998 776 638 888 464 306 556 649 534 396 486 171 813 212 615 497 722 265 53 340 652 144 449 877 307 579 238 979 34 757 472 425 588 186 312 537 923 180 761 370 230 756 612 447 369 928 639 938 873 393 497 393 603 986 672 567 129 583 558 80 0 349 858 603 783 542 697 807 942 457 578 760 371 874 159 922 
956 243 44 563 161 316 559 39 187 327 139 986 3 460 932 264 123 241 400 614 242 624 466 552 642 675 115 668 720 714 88 433 806 135 663 731 649 476 929 624 923 757 324 72 755 462 843 360 531 125 231 848 493 540 795 133 701 311 84 900 53 860 723 425 99 572 887 370 384 649 654 2 469 814 524 807 205 658 172 824 763 638 559 318 349 0 953 829 790 394 923 597 690 290 581 176 129 222 616 919 
61 706 207 148 675 153 693 190 742 78 356 830 107 145 943 163 91 233 261 468 966 925 198 840 446 462 727 878 251 848 875 278 639 30 354 665 823 799 342 896 97 487 177 335 905 218 968 54 527 668 276 863 157 633 630 880 754 794 748 130 130 773 258 594 899 172 497 924 197 860 238 805 948 683 939 672 973 712 351 453 833 432 181 517 858 953 0 899 614 619 108 568 401 1 264 559 943 720 136 54 
695 322 331 102 940 232 602 919 634 873 909 106 506 876 756 909 286 448 581 838 148 24 244 706 490 427 396 338 600 203 577 289 408 723 69 363 241 143 797 769 835 383 187 724 833 559 88 768 584 853 934 135 662 427 37 704 575 975 603 880 459 598 73 987 360 970 60 400 768 124 639 929 368 283 985 119 938 87 916 349 85 919 253 90 603 829 899 0 442 361 212 715 666 392 504 411 315 453 452 604 
57 375 194 112 980 272 338 665 134 970 26 915 923 172 143 953 134 979 879 546 758 810 594 871 405 74 266 373 586 701 516 952 926 106 634 230 644 56 490 90 296 973 397 764 86 978 112 974 728 789 927 934 592 716 716 19 376 951 155 806 289 212 153 396 133 773 953 279 15 768 865 7 758 938 673 149 224 753 989 138 605 614 82 743 783 790 614 442 0 33 628 84 254 243 2 504 208 973 964 775 
987 328 197 376 725 820 227 335 226 142 699 794 92 311 451 801 130 258 521 480 223 16 292 847 588 546 70 384 246 103 391 298 188 233 892 798 639 17 112 918 734 200 496 740 408 438 134 247 44 210 895 560 762 418 507 701 169 616 75 729 69 668 445 201 45 449 910 258 806 874 713 42 949 555 942 295 935 898 855 131 256 10 332 808 542 394 619 361 33 0 373 964 39 932 906 110 419 959 552 780 
908 543 500 355 491 902 650 94 46 971 31 360 63 546 476 303 371 879 260 871 647 253 200 71 223 687 397 505 960 244 643 325 437 181 262 391 785 210 995 882 716 949 429 512 415 883 89 931 77 680 530 995 895 326 334 356 624 336 399 645 230 628 194 602 214 67 334 695 815 281 407 567 524 751 730 357 589 846 140 166 441 426 95 296 697 923 108 212 628 373 0 523 266 797 914 122 207 580 574 659 
282 330 27 718 622 11 270 879 726 994 894 482 542 148 725 322 368 911 977 545 135 264 502 594 920 811 56 463 60 396 182 407 741 473 520 412 355 341 260 20 758 375 956 779 109 924 329 645 79 190 451 973 52 510 882 222 181 546 819 686 809 854 727 779 201 414 296 356 370 582 90 871 686 885 486 997 684 652 1000 483 344 292 25 368 807 597 568 715 84 964 523 0 536 958 638 619 564 880 973 67 
498 71 921 370 854 71 34 627 234 273 197 190 17 204 339 680 258 900 243 90 831 179 678 667 397 976 448 924 956 446 762 524 628 358 190 716 804 38 927 934 288 559 549 322 982 957 806 515 480 9 946 66 810 18 219 655 614 124 845 219 698 549 266 35 926 275 726 409 214 595 994 755 955 274 625 818 679 57 948 555 524 855 401 633 942 690 401 666 254 39 266 536 0 88 945 382 214 669 346 252 
537 448 186 519 186 839 765 677 320 530 229 177 427 529 778 980 582 370 403 596 489 518 579 241 997 270 536 351 971 562 924 638 39 962 683 998 181 457 582 606 831 601 643 487 332 313 234 936 138 160 328 687 210 198 62 446 475 401 846 369 824 960 972 147 746 344 800 706 872 495 340 325 918 508 12 648 748 448 779 337 152 273 760 135 457 290 1 392 243 932 797 958 88 0 600 603 714 371 914 617 
378 141 920 362 523 812 519 797 293 771 712 738 422 895 822 303 223 126 397 122 131 323 655 847 620 207 40 491 479 565 867 259 132 916 434 853 392 18 838 523 239 492 67 542 854 775 7 116 645 719 989 655 357 578 454 714 831 624 310 393 419 78 608 855 290 817 11 976 697 805 684 312 605 186 423 982 355 208 986 977 491 825 420 487 578 581 264 504 2 906 914 638 945 600 0 502 436 234 298 701 
112 482 672 488 574 433 548 934 90 407 195 698 970 394 130 445 90 717 3 22 330 390 408 329 181 732 796 271 210 377 935 804 397 408 875 975 628 38 406 531 775 676 551 400 671 661 47 625 497 560 422 696 109 185 623 549 649 725 111 537 1 188 616 69 826 115 620 301 514 292 840 100 177 798 531 490 149 29 605 579 591 840 818 289 760 176 559 411 504 110 122 619 382 603 502 0 355 856 633 928 
91 610 602 437 176 267 566 565 254 572 127 98 956 972 129 398 787 690 962 126 119 534 658 92 617 69 950 695 3 886 397 343 923 877 907 12 95 447 558 168 904 891 583 891 988 180 288 612 262 946 485 831 982 167 579 46 460 541 344 885 896 122 31 882 925 364 540 153 376 360 497 17 24 194 762 589 896 386 490 508 718 120 563 89 371 129 943 315 208 419 207 564 214 714 436 355 0 514 168 886 
616 858 980 810 521 781 217 632 121 298 363 527 101 178 450 686 312 714 83 354 71 973 87 270 705 721 912 576 305 694 233 891 620 677 694 167 186 880 863 784 594 792 88 260 111 384 14 674 616 129 458 146 520 417 540 692 209 940 907 940 678 575 482 533 404 543 96 587 283 180 327 995 929 140 659 63 649 783 72 327 666 305 297 791 874 222 720 453 973 959 580 880 669 371 234 856 514 0 503 786 
169 379 6 153 107 564 330 122 712 282 814 250 197 125 720 547 930 994 34 676 330 821 131 73 467 890 381 766 145 240 207 574 372 741 407 758 669 706 765 37 145 382 856 378 138 779 77 846 281 341 726 563 789 129 701 664 790 72 600 772 643 470 193 737 841 741 260 633 498 926 199 939 488 715 805 327 506 315 357 494 396 954 400 678 159 616 136 452 964 552 574 973 346 914 298 633 168 503 0 801 
330 295 139 190 657 406 458 89 477 350 130 185 180 539 732 680 434 677 440 369 502 326 739 949 60 98 935 873 708 856 573 929 573 452 522 514 211 351 239 944 143 308 663 289 965 804 225 422 359 316 309 204 83 790 754 636 289 976 766 169 882 779 725 549 21 85 333 774 149 210 28 513 123 798 621 213 892 326 740 496 418 952 552 998 922 919 54 604 775 780 659 67 252 617 701 928 886 786 801 0 
