40
0 6 78 98 92 12 90 45 75 73 26 2 23 9 93 9 28 79 58 51 55 37 61 73 7 25 34 33 10 74 61 86 31 90 83 22 1 24 18 75 
6 0 49 95 76 23 3 21 31 31 99 40 33 5 76 93 77 83 69 11 67 30 36 79 15 66 68 49 87 68 25 4 94 73 50 22 95 52 42 78 
78 49 0 34 92 69 66 96 45 10 24 79 30 34 97 60 21 76 26 86 43 75 24 63 99 79 56 23 28 77 69 80 70 46 13 13 67 31 60 11 
98 95 34 0 40 84 41 70 69 89 81 90 64 6 27 59 32 51 21 82 29 28 4 57 5 25 88 26 22 52 39 88 82 50 50 74 33 90 95 54 
92 76 92 40 0 79 75 95 94 32 21 52 16 71 24 97 52 52 53 60 8 77 47 33 50 50 23 38 32 25 87 57 9 29 51 62 59 77 56 52 
12 23 69 84 79 0 8 29 56 23 51 79 72 2 30 24 13 89 52 11 74 53 61 48 90 44 72 29 100 81 57 50 42 15 26 50 18 85 78 73 
90 3 66 41 75 8 0 8 80 4 31 82 85 6 46 74 57 57 47 9 17 94 51 60 66 79 11 46 87 60 39 53 37 40 70 21 69 95 80 49 
45 21 96 70 95 29 8 0 98 62 82 82 67 27 7 75 83 53 36 51 99 86 62 64 16 72 61 2 83 51 54 19 43 23 92 11 69 23 59 66 
75 31 45 69 94 56 80 98 0 85 40 100 51 19 6 26 1 11 61 4 9 98 65 24 13 37 36 14 19 38 67 90 80 41 33 91 62 7 1 27 
73 31 10 89 32 23 4 62 85 0 91 41 78 94 11 84 71 11 46 31 66 54 80 31 29 92 67 64 57 37 1 23 78 81 15 62 23 76 69 23 
26 99 24 81 21 51 31 82 40 91 0 55 11 15 84 4 25 67 26 88 64 8 53 17 87 83 45 78 1 60 34 90 61 8 19 93 75 81 15 2 
2 40 79 90 52 79 82 82 100 41 55 0 49 37 8 11 4 92 15 28 10 40 15 74 48 20 42 86 2 87 64 55 98 49 96 10 9 14 2 83 
23 33 30 64 16 72 85 67 51 78 11 49 0 94 68 84 94 5 44 5 8 35 71 87 44 62 54 17 9 73 11 95 26 49 10 80 46 58 75 56 
9 5 34 6 71 2 6 27 19 94 15 37 94 0 66 41 9 100 34 77 36 28 33 79 84 92 13 54 78 8 15 31 77 76 55 87 22 81 35 31 
93 76 97 27 24 30 46 7 6 11 84 8 68 66 0 12 80 40 39 87 58 79 96 9 12 72 44 91 4 74 74 95 86 79 24 46 46 7 22 21 
9 93 60 59 97 24 74 75 26 84 4 11 84 41 12 0 61 60 42 41 94 24 53 25 15 91 12 24 69 59 85 32 82 28 23 85 2 48 31 39 
28 77 21 32 52 13 57 83 1 71 25 4 94 9 80 61 0 79 6 36 24 12 57 44 73 16 37 65 61 12 17 86 78 59 49 54 27 59 38 11 
79 83 76 51 52 89 57 53 11 11 67 92 5 100 40 60 79 0 40 17 85 76 70 84 58 61 62 63 96 37 75 5 32 99 20 68 63 33 31 32 
58 69 26 21 53 52 47 36 61 46 26 15 44 34 39 42 6 40 0 70 61 90 70 14 69 28 3 79 67 19 15 42 89 98 99 49 12 13 44 48 
51 11 86 82 60 11 9 51 4 31 88 28 5 77 87 41 36 17 70 0 39 48 80 37 20 99 52 4 82 83 73 42 24 94 7 92 21 9 22 39 
55 67 43 29 8 74 17 99 9 66 64 10 8 36 58 94 24 85 61 39 0 27 88 32 67 86 82 15 49 94 11 96 33 10 27 21 81 26 24 36 
37 30 75 28 77 53 94 86 98 54 8 40 35 28 79 24 12 76 90 48 27 0 7 6 8 100 30 1 6 73 73 66 47 11 92 34 94 59 71 75 
61 36 24 4 47 61 51 62 65 80 53 15 71 33 96 53 57 70 70 80 88 7 0 25 19 21 87 15 5 49 93 25 29 18 49 65 76 6 24 75 
73 79 63 57 33 48 60 64 24 31 17 74 87 79 9 25 44 84 14 37 32 6 25 0 87 77 32 12 49 97 58 12 41 43 57 51 14 32 27 84 
7 15 99 5 50 90 66 16 13 29 87 48 44 84 12 15 73 58 69 20 67 8 19 87 0 52 14 50 56 62 43 32 42 60 32 6 88 38 82 14 
25 66 79 25 50 44 79 72 37 92 83 20 62 92 72 91 16 61 28 99 86 100 21 77 52 0 24 58 46 35 58 94 44 21 86 39 78 36 52 61 
34 68 56 88 23 72 11 61 36 67 45 42 54 13 44 12 37 62 3 52 82 30 87 32 14 24 0 63 87 12 28 37 19 41 79 50 82 90 34 40 
33 49 23 26 38 29 46 2 14 64 78 86 17 54 91 24 65 63 79 4 15 1 15 12 50 58 63 0 77 71 21 43 46 30 88 33 39 33 28 12 
10 87 28 22 32 100 87 83 19 57 1 2 9 78 4 69 61 96 67 82 49 6 5 49 56 46 87 77 0 19 66 89 6 69 1 68 56 12 47 92 
74 68 77 52 25 81 60 51 38 37 60 87 73 8 74 59 12 37 19 83 94 73 49 97 62 35 12 71 19 0 82 87 22 83 69 11 16 60 40 38 
61 25 69 39 87 57 39 54 67 1 34 64 11 15 74 85 17 75 15 73 11 73 93 58 43 58 28 21 66 82 0 80 82 84 61 21 68 99 5 95 
86 4 80 88 57 50 53 19 90 23 90 55 95 31 95 32 86 5 42 42 96 66 25 12 32 94 37 43 89 87 80 0 62 23 61 50 29 29 2 48 
31 94 70 82 9 42 37 43 80 78 61 98 26 77 86 82 78 32 89 24 33 47 29 41 42 44 19 46 6 22 82 62 0 84 13 47 27 46 33 48 
90 73 46 50 29 15 40 23 41 81 8 49 49 76 79 28 59 99 98 94 10 11 18 43 60 21 41 30 69 83 84 23 84 0 29 53 11 96 12 2 
83 50 13 50 51 26 70 92 33 15 19 96 10 55 24 23 49 20 99 7 27 92 49 57 32 86 79 88 1 69 61 61 13 29 0 34 43 35 69 3 
22 22 13 74 62 50 21 11 91 62 93 10 80 87 46 85 54 68 49 92 21 34 65 51 6 39 50 33 68 11 21 50 47 53 34 0 7 36 54 11 
1 95 67 33 59 18 69 69 62 23 75 9 46 22 46 2 27 63 12 21 81 94 76 14 88 78 82 39 56 16 68 29 27 11 43 7 0 82 15 86 
24 52 31 90 77 85 95 23 7 76 81 14 58 81 7 48 59 33 13 9 26 59 6 32 38 36 90 33 12 60 99 29 46 96 35 36 82 0 42 17 
18 42 60 95 56 78 80 59 1 69 15 2 75 35 22 31 38 31 44 22 24 71 24 27 82 52 34 28 47 40 5 2 33 12 69 54 15 42 0 66 
75 78 11 54 52 73 49 66 27 23 2 83 56 31 21 39 11 32 48 39 36 75 75 84 14 61 40 12 92 38 95 48 48 2 3 11 86 17 66 0 
