100
0 66 10 40 75 33 15 71 7 55 33 40 56 68 55 48 31 31 57 79 2 53 88 96 79 61 76 48 87 3 17 55 20 26 94 94 11 9 17 69 63 1 9 70 69 15 18 51 97 26 81 98 30 69 45 9 81 20 8 67 75 24 21 94 1 67 40 63 75 56 32 89 56 92 59 76 58 28 27 54 53 7 51 82 75 47 42 7 18 49 73 92 24 46 86 77 64 77 91 38 
66 0 32 22 78 39 65 88 15 22 15 41 75 19 99 77 53 74 75 94 32 93 95 57 36 70 2 73 98 65 49 89 54 80 62 83 71 27 71 85 100 37 25 27 56 23 3 8 48 78 53 32 22 99 88 57 21 89 30 18 5 30 6 10 10 20 92 32 46 14 16 97 51 92 23 6 66 26 65 66 55 17 97 28 68 84 84 88 24 65 5 28 95 63 89 56 82 32 87 79 
10 32 0 46 2 75 48 45 98 53 10 75 69 75 81 37 71 8 4 54 91 43 77 8 48 56 54 62 96 9 95 80 47 73 25 100 47 24 44 96 28 53 22 96 80 2 32 2 9 88 8 52 30 36 59 29 44 12 90 39 72 84 18 18 8 94 69 7 17 12 2 44 16 24 91 47 25 75 49 86 62 56 37 91 91 47 20 34 10 61 25 33 97 42 50 4 88 70 10 56 
40 22 46 0 81 64 52 48 39 42 95 15 16 95 100 77 50 88 20 92 34 91 78 95 3 2 27 99 95 28 55 34 97 64 90 29 27 41 29 17 82 23 32 50 69 31 26 70 19 97 61 4 87 38 99 90 91 77 40 86 5 94 71 53 58 60 82 36 100 10 53 34 84 36 83 52 66 60 21 36 57 33 40 95 23 90 36 13 18 76 50 22 69 21 75 78 32 8 66 32 
75 78 2 81 0 69 70 17 4 5 99 55 22 10 27 58 66 11 49 13 33 90 48 98 7 23 99 81 44 19 7 73 3 66 90 86 34 59 2 37 15 52 43 37 61 21 46 79 31 46 91 16 35 38 13 93 13 11 25 8 82 31 80 84 96 70 69 81 80 22 17 95 73 11 83 33 31 80 11 14 25 1 29 11 91 93 3 55 55 28 62 88 10 93 23 6 14 91 86 94 
33 39 75 64 69 0 64 55 40 36 65 74 69 48 53 31 13 77 84 41 39 26 85 41 80 39 20 41 27 82 85 49 87 99 92 24 92 55 30 83 43 47 56 63 94 8 45 58 36 28 98 74 53 34 66 32 24 38 24 2 19 9 51 57 7 94 32 50 100 62 32 94 8 39 56 53 98 1 10 33 28 59 58 33 92 75 16 67 12 40 69 82 100 71 38 6 64 70 7 15 
15 65 48 52 70 64 0 83 90 9 90 28 16 94 25 16 3 9 96 13 66 80 56 92 95 22 4 86 90 85 85 12 75 42 75 44 48 42 26 37 2 67 16 17 12 40 33 66 100 80 78 17 59 33 9 53 6 12 91 48 48 75 59 22 17 86 17 16 79 94 5 80 12 20 96 23 12 80 88 11 59 65 28 69 49 88 74 7 51 64 6 98 38 64 72 6 1 88 22 79 
71 88 45 48 17 55 83 0 34 26 58 45 97 6 68 8 85 7 71 96 72 50 64 72 37 37 30 87 100 35 36 90 51 7 95 51 47 68 30 80 45 39 76 42 44 43 1 29 50 71 76 73 20 39 96 56 28 26 94 27 12 30 68 62 88 15 13 34 82 94 13 79 32 89 72 28 83 72 8 84 43 83 8 14 21 56 22 48 81 15 27 44 96 46 6 84 60 70 17 42 
7 15 98 39 4 40 90 34 0 63 82 72 46 22 43 25 56 14 32 92 8 66 99 22 39 54 95 38 86 61 64 30 57 10 87 92 21 56 60 14 70 93 85 67 14 27 44 22 93 27 13 100 93 11 73 31 17 67 68 2 80 84 83 36 45 21 79 65 28 38 79 49 31 63 16 96 42 11 17 34 37 81 33 29 44 58 11 60 76 79 13 55 14 48 42 58 68 20 74 96 
55 22 53 42 5 36 9 26 63 0 58 4 44 40 19 11 35 60 21 4 93 10 84 77 38 27 86 49 38 62 79 3 16 44 50 58 53 69 77 26 16 86 30 12 25 48 22 60 59 95 15 51 4 98 79 93 77 65 93 66 26 23 68 93 66 69 50 18 38 79 96 53 64 25 64 41 24 38 52 82 84 66 84 39 15 62 83 43 78 76 9 55 50 76 48 16 45 49 85 34 
33 15 10 95 99 65 90 58 82 58 0 27 80 38 43 4 54 35 79 43 86 60 26 51 43 16 17 57 98 60 86 25 68 41 75 95 88 42 39 88 26 24 67 6 62 9 61 15 95 40 57 80 51 34 82 46 1 98 2 98 57 87 75 24 27 49 19 66 90 9 54 15 33 20 72 46 80 33 60 74 72 68 5 74 53 86 19 53 83 20 2 40 59 76 63 37 76 81 55 17 
40 41 75 15 55 74 28 45 72 4 27 0 42 60 32 74 31 3 19 10 87 30 35 58 49 39 32 53 76 2 5 58 22 58 97 32 86 12 20 61 92 74 78 85 85 61 58 15 15 28 76 2 9 10 11 9 100 94 61 75 96 17 85 69 27 81 100 12 92 71 72 36 97 1 20 81 61 30 96 76 9 71 77 70 33 39 78 84 33 91 11 28 59 95 96 85 27 47 96 19 
56 75 69 16 22 69 16 97 46 44 80 42 0 69 20 6 65 20 77 46 81 6 93 8 67 15 36 36 99 74 65 83 6 55 45 85 14 39 32 50 17 30 46 35 99 65 92 63 36 69 60 16 26 4 75 92 19 10 79 17 36 44 51 93 50 95 78 15 85 9 65 2 39 10 88 89 26 80 3 61 100 15 29 25 18 55 69 36 65 99 53 100 94 55 92 44 50 21 58 34 
68 19 75 95 10 48 94 6 22 40 38 60 69 0 82 22 35 72 83 23 60 60 2 62 73 53 76 1 29 46 55 49 81 71 48 85 22 41 40 66 36 89 86 46 74 67 19 9 90 2 31 49 13 84 63 85 88 90 37 16 35 44 65 68 14 64 4 88 56 43 53 92 83 90 37 57 57 7 17 46 60 99 47 73 82 61 9 21 50 46 36 37 89 52 4 54 15 7 41 71 
55 99 81 100 27 53 25 68 43 19 43 32 20 82 0 2 93 14 84 83 2 92 91 8 8 88 68 58 34 92 39 94 100 59 96 45 47 32 33 98 87 87 65 93 79 35 46 72 100 30 6 1 73 96 8 33 83 27 90 69 18 81 14 18 91 61 62 37 92 47 87 30 85 51 23 63 37 68 86 36 49 91 36 74 86 95 6 21 22 47 41 91 27 54 8 70 15 22 58 58 
48 77 37 77 58 31 16 8 25 11 4 74 6 22 2 0 20 44 88 4 94 62 18 30 81 4 65 82 94 52 7 32 47 64 52 20 10 44 62 89 97 70 58 63 43 15 73 62 11 12 17 4 25 34 86 57 89 2 90 35 6 96 66 4 59 69 23 21 12 36 9 60 57 18 23 99 84 47 12 94 58 28 50 34 14 87 90 2 40 80 36 45 27 53 48 86 21 22 58 84 
31 53 71 50 66 13 3 85 56 35 54 31 65 35 93 20 0 58 18 44 14 87 18 65 70 64 76 16 73 56 17 58 69 55 47 22 94 78 10 39 57 62 38 94 35 60 51 18 69 68 13 82 54 30 46 75 45 22 42 69 77 10 26 97 64 25 70 58 54 79 48 62 41 85 55 27 96 5 96 64 24 9 46 29 90 43 4 35 16 97 55 44 7 33 92 70 9 62 79 14 
31 74 8 88 11 77 9 7 14 60 35 3 20 72 14 44 58 0 40 78 76 32 63 30 58 10 87 54 74 10 14 71 39 3 65 94 89 81 42 96 76 48 28 68 18 88 29 48 1 68 26 76 100 40 58 9 49 44 14 74 5 79 44 95 82 61 88 22 41 30 17 16 29 96 35 98 83 63 46 36 31 23 11 82 62 20 42 62 63 8 36 20 86 31 14 67 91 54 41 83 
57 75 4 20 49 84 96 71 32 21 79 19 77 83 84 88 18 40 0 83 57 51 63 53 85 61 87 48 58 22 30 80 85 63 41 4 4 2 19 63 89 38 49 20 3 67 62 56 7 45 90 16 95 53 20 31 13 6 78 70 80 59 49 64 21 41 19 77 94 89 39 83 78 39 54 81 6 15 36 64 59 26 79 5 78 98 36 42 56 65 63 35 24 63 50 96 3 20 72 48 
79 94 54 92 13 41 13 96 92 4 43 10 46 23 83 4 44 78 83 0 9 63 30 38 53 35 18 58 50 54 74 60 31 52 17 60 2 52 1 9 16 63 95 91 25 96 87 79 15 10 26 75 24 8 13 77 94 82 86 43 87 11 55 17 15 71 76 16 74 28 76 41 42 22 32 18 17 70 96 83 31 74 10 7 33 74 35 78 55 20 21 94 31 27 10 45 97 38 12 22 
2 32 91 34 33 39 66 72 8 93 86 87 81 60 2 94 14 76 57 9 0 17 39 62 59 60 45 76 28 14 24 10 97 49 19 3 81 92 37 58 99 8 30 92 90 8 53 86 56 90 49 77 7 87 39 17 98 35 92 25 49 15 35 97 63 5 99 95 49 87 5 47 46 86 90 36 46 42 73 1 84 22 30 90 60 68 58 58 2 49 34 2 16 68 98 30 25 48 77 73 
53 93 43 91 90 26 80 50 66 10 60 30 6 60 92 62 87 32 51 63 17 0 86 33 71 32 70 60 67 15 1 91 16 84 12 45 25 24 64 82 81 17 31 14 71 98 34 20 27 58 68 3 82 53 87 52 36 57 11 54 71 63 45 38 47 56 34 71 31 49 5 11 66 35 77 88 84 62 7 10 71 26 65 52 31 51 55 66 7 17 20 30 79 64 19 25 71 53 48 2 
88 95 77 78 48 85 56 64 99 84 26 35 93 2 91 18 18 63 63 30 39 86 0 1 52 64 18 38 92 57 21 53 64 82 75 89 46 78 19 49 32 85 7 48 56 36 79 19 7 55 89 59 2 42 11 5 6 81 42 97 37 14 2 100 96 76 41 93 54 11 41 37 47 48 85 2 35 15 20 41 69 61 51 71 2 14 27 59 94 21 8 82 34 9 82 81 36 74 74 89 
96 57 8 95 98 41 92 72 22 77 51 58 8 62 8 30 65 30 53 38 62 33 1 0 84 14 26 83 13 62 84 100 76 4 40 96 16 91 66 69 56 45 28 49 65 35 30 50 95 63 31 30 88 56 19 72 69 96 54 34 9 89 33 36 44 24 31 59 66 49 28 21 93 7 69 57 41 51 58 35 13 88 64 1 43 34 24 64 81 29 49 89 17 81 24 13 4 55 71 22 
79 36 48 3 7 80 95 37 39 38 43 49 67 73 8 81 70 58 85 53 59 71 52 84 0 3 50 42 95 56 11 3 48 61 60 82 25 100 98 77 94 31 100 9 64 80 57 52 49 89 76 61 45 82 83 66 84 33 7 30 88 69 32 36 81 43 69 6 42 18 82 88 1 34 96 64 13 53 15 13 41 42 73 37 23 56 2 6 40 9 35 79 77 18 66 58 61 35 15 54 
61 70 56 2 23 39 22 37 54 27 16 39 15 53 88 4 64 10 61 35 60 32 64 14 3 0 52 96 41 4 81 89 67 46 93 82 58 85 23 83 22 98 38 23 3 77 83 90 55 60 59 21 69 71 7 83 25 10 30 17 14 63 57 80 8 49 13 17 34 88 99 55 85 88 77 39 16 12 80 23 71 39 95 91 9 1 25 85 62 6 54 75 68 10 7 27 59 19 96 44 
76 2 54 27 99 20 4 30 95 86 17 32 36 76 68 65 76 87 87 18 45 70 18 26 50 52 0 58 94 98 94 34 26 33 49 37 64 71 59 2 65 1 63 17 25 47 79 83 52 53 50 62 11 29 72 82 24 15 39 69 64 33 2 89 17 51 78 80 73 36 82 38 89 96 6 13 94 84 95 46 89 97 59 99 77 30 80 100 96 19 68 59 3 22 47 19 72 24 98 96 
48 73 62 99 81 41 86 87 38 49 57 53 36 1 58 82 16 54 48 58 76 60 38 83 42 96 58 0 12 31 33 100 26 91 64 20 74 11 17 62 7 75 13 35 4 44 34 99 62 53 57 16 74 55 34 97 31 84 93 42 14 77 93 92 67 56 11 93 66 27 6 24 1 18 58 56 62 43 6 75 96 62 91 21 16 76 18 46 59 62 39 73 38 31 64 57 39 26 49 56 
87 98 96 95 44 27 90 100 86 38 98 76 99 29 34 94 73 74 58 50 28 67 92 13 95 41 94 12 0 4 54 32 56 72 41 11 85 84 16 59 31 29 1 3 96 77 72 94 35 33 32 59 71 15 74 79 53 99 27 60 54 80 91 9 3 84 71 39 67 38 98 49 66 98 51 14 26 23 7 61 7 90 19 77 4 45 7 8 95 33 68 49 65 10 9 19 93 32 58 11 
3 65 9 28 19 82 85 35 61 62 60 2 74 46 92 52 56 10 22 54 14 15 57 62 56 4 98 31 4 0 69 7 11 87 4 62 100 30 36 58 42 42 47 12 71 51 56 77 10 51 62 29 51 78 39 11 96 83 42 5 46 11 11 56 49 67 69 100 48 56 57 89 98 3 52 20 5 60 48 67 62 61 95 12 38 85 22 86 20 64 42 65 26 53 20 26 71 89 25 18 
17 49 95 55 7 85 85 36 64 79 86 5 65 55 39 7 17 14 30 74 24 1 21 84 11 81 94 33 54 69 0 44 33 58 93 35 9 64 92 20 64 10 81 24 4 44 14 89 66 99 8 81 92 24 58 44 43 83 66 83 59 83 79 91 92 23 77 53 87 20 72 50 29 53 25 33 48 38 73 65 88 32 45 80 55 54 75 49 88 41 32 46 75 62 88 67 84 65 19 22 
55 89 80 34 73 49 12 90 30 3 25 58 83 49 94 32 58 71 80 60 10 91 53 100 3 89 34 100 32 7 44 0 84 90 23 13 94 48 97 42 85 21 6 25 52 3 4 58 8 30 6 96 70 89 93 45 2 33 63 86 97 81 59 32 22 34 96 68 81 44 61 17 64 66 41 67 20 96 24 28 26 82 75 95 70 19 91 72 51 5 9 99 37 19 31 59 52 78 78 84 
20 54 47 97 3 87 75 51 57 16 68 22 6 81 100 47 69 39 85 31 97 16 64 76 48 67 26 26 56 11 33 84 0 22 38 1 37 3 41 4 75 89 27 54 14 8 28 60 30 98 3 53 1 7 13 99 44 31 81 54 35 59 31 18 32 68 18 68 22 11 71 96 99 50 49 64 9 28 23 38 26 25 42 26 32 54 76 27 37 57 80 23 67 10 40 50 29 10 17 50 
26 80 73 64 66 99 42 7 10 44 41 58 55 71 59 64 55 3 63 52 49 84 82 4 61 46 33 91 72 87 58 90 22 0 72 40 98 22 89 46 85 49 26 59 87 3 84 80 80 67 86 55 93 22 63 24 96 81 85 87 30 13 96 99 14 19 38 11 40 78 9 76 26 86 35 64 88 70 96 67 36 81 73 80 54 88 55 49 68 39 35 98 3 83 48 16 1 37 79 93 
94 62 25 90 90 92 75 95 87 50 75 97 45 48 96 52 47 65 41 17 19 12 75 40 60 93 49 64 41 4 93 23 38 72 0 66 39 20 91 24 54 7 63 75 54 81 10 34 53 41 87 40 95 87 60 33 21 9 87 3 56 3 56 92 33 48 57 71 19 99 46 25 57 8 99 10 88 9 43 40 1 81 32 96 67 91 80 40 99 67 42 54 21 97 97 53 96 5 75 15 
94 83 100 29 86 24 44 51 92 58 95 32 85 85 45 20 22 94 4 60 3 45 89 96 82 82 37 20 11 62 35 13 1 40 66 0 55 20 91 12 79 89 73 66 49 68 57 50 48 88 45 67 30 76 6 28 42 99 33 14 48 81 18 43 85 92 9 40 63 99 3 41 88 75 58 36 42 15 37 42 54 33 8 84 9 65 63 2 63 48 16 10 28 33 5 65 77 65 56 91 
11 71 47 27 34 92 48 47 21 53 88 86 14 22 47 10 94 89 4 2 81 25 46 16 25 58 64 74 85 100 9 94 37 98 39 55 0 64 58 32 3 84 89 90 26 3 79 19 57 11 78 92 19 42 54 21 4 1 36 66 81 20 70 45 96 34 100 87 49 9 70 3 92 10 45 69 65 23 87 21 33 16 64 52 57 17 72 13 70 59 78 50 30 99 46 26 84 97 64 33 
9 27 24 41 59 55 42 68 56 69 42 12 39 41 32 44 78 81 2 52 92 24 78 91 100 85 71 11 84 30 64 48 3 22 20 20 64 0 57 85 87 48 94 31 69 58 53 7 30 86 23 93 89 31 62 12 43 31 70 72 32 51 22 29 76 6 25 91 38 33 75 24 32 69 7 100 26 59 7 8 96 81 100 84 11 61 47 6 43 68 29 26 19 51 54 94 8 30 37 97 
17 71 44 29 2 30 26 30 60 77 39 20 32 40 33 62 10 42 19 1 37 64 19 66 98 23 59 17 16 36 92 97 41 89 91 91 58 57 0 62 63 20 94 31 78 93 9 37 51 16 84 83 67 20 94 28 66 51 22 34 31 48 52 81 1 97 88 31 33 84 44 96 56 37 78 33 82 38 21 84 5 57 67 72 76 12 51 41 14 72 74 44 19 77 77 72 74 64 54 58 
69 85 96 17 37 83 37 80 14 26 88 61 50 66 98 89 39 96 63 9 58 82 49 69 77 83 2 62 59 58 20 42 4 46 24 12 32 85 62 0 100 97 5 7 86 83 91 67 72 64 2 77 20 68 48 95 31 50 35 44 21 61 88 92 37 64 15 62 79 68 20 30 16 24 36 1 58 79 19 30 42 21 58 61 40 57 7 71 6 93 14 78 53 53 69 42 68 35 3 47 
63 100 28 82 15 43 2 45 70 16 26 92 17 36 87 97 57 76 89 16 99 81 32 56 94 22 65 7 31 42 64 85 75 85 54 79 3 87 63 100 0 2 74 76 18 50 64 70 7 42 89 88 35 61 45 95 100 1 1 70 58 45 36 36 98 88 56 91 56 91 93 54 92 19 81 61 68 44 83 74 37 71 14 71 31 58 17 30 11 69 52 68 14 87 3 63 26 59 53 33 
1 37 53 23 52 47 67 39 93 86 24 74 30 89 87 70 62 48 38 63 8 17 85 45 31 98 1 75 29 42 10 21 89 49 7 89 84 48 20 97 2 0 1 97 38 92 15 19 5 82 14 87 8 51 9 73 73 91 82 90 20 92 10 23 12 23 61 66 85 39 76 89 71 76 86 61 20 52 79 24 86 44 62 45 46 70 17 19 60 98 60 31 42 69 6 53 44 66 70 28 
9 25 22 32 43 56 16 76 85 30 67 78 46 86 65 58 38 28 49 95 30 31 7 28 100 38 63 13 1 47 81 6 27 26 63 73 89 94 94 5 74 1 0 4 46 17 27 21 54 87 40 5 17 15 90 60 76 34 6 97 50 76 8 100 87 91 41 55 48 45 50 13 14 78 69 11 46 47 32 51 33 23 55 1 38 97 60 65 82 17 14 84 44 73 83 30 63 75 37 62 
70 27 96 50 37 63 17 42 67 12 6 85 35 46 93 63 94 68 20 91 92 14 48 49 9 23 17 35 3 12 24 25 54 59 75 66 90 31 31 7 76 97 4 0 71 86 75 84 15 95 95 12 41 78 62 25 100 69 25 89 17 36 6 98 5 19 81 48 91 15 30 6 41 66 67 11 51 93 47 66 87 93 77 79 22 91 55 21 59 31 62 75 67 67 24 23 85 5 22 27 
69 56 80 69 61 94 12 44 14 25 62 85 99 74 79 43 35 18 3 25 90 71 56 65 64 3 25 4 96 71 4 52 14 87 54 49 26 69 78 86 18 38 46 71 0 71 51 32 64 68 51 74 19 43 72 36 82 64 64 60 85 54 15 58 64 45 71 38 63 37 62 37 73 18 59 99 40 61 83 3 29 33 77 47 75 100 34 56 64 97 68 100 3 34 9 66 78 79 4 93 
15 23 2 31 21 8 40 43 27 48 9 61 65 67 35 15 60 88 67 96 8 98 36 35 80 77 47 44 77 51 44 3 8 3 81 68 3 58 93 83 50 92 17 86 71 0 15 17 29 87 86 39 38 25 100 20 80 28 4 8 74 78 7 7 86 22 55 53 22 57 86 30 23 15 9 78 59 75 46 88 14 83 26 3 7 77 22 86 4 25 45 77 54 52 35 91 73 42 95 46 
18 3 32 26 46 45 33 1 44 22 61 58 92 19 46 73 51 29 62 87 53 34 79 30 57 83 79 34 72 56 14 4 28 84 10 57 79 53 9 91 64 15 27 75 51 15 0 50 32 76 24 47 36 1 57 62 98 96 75 80 74 77 39 50 50 76 54 26 21 82 32 24 17 22 96 10 17 42 59 48 69 83 46 56 35 55 17 85 50 44 16 23 72 54 73 74 82 26 51 54 
51 8 2 70 79 58 66 29 22 60 15 15 63 9 72 62 18 48 56 79 86 20 19 50 52 90 83 99 94 77 89 58 60 80 34 50 19 7 37 67 70 19 21 84 32 17 50 0 7 82 77 75 56 72 36 72 65 95 71 33 29 69 88 63 23 57 99 24 100 15 47 23 20 71 96 1 96 47 54 54 80 30 81 35 54 16 58 18 62 81 3 90 1 42 5 75 98 3 98 49 
97 48 9 19 31 36 100 50 93 59 95 15 36 90 100 11 69 1 7 15 56 27 7 95 49 55 52 62 35 10 66 8 30 80 53 48 57 30 51 72 7 5 54 15 64 29 32 7 0 69 44 72 89 14 19 89 61 17 43 15 97 24 47 31 29 62 89 47 24 69 49 65 69 42 69 43 40 24 92 88 92 36 11 80 1 30 69 14 46 63 80 42 38 26 25 67 87 65 65 62 
26 78 88 97 46 28 80 71 27 95 40 28 69 2 30 12 68 68 45 10 90 58 55 63 89 60 53 53 33 51 99 30 98 67 41 88 11 86 16 64 42 82 87 95 68 87 76 82 69 0 85 65 27 5 6 95 99 45 70 90 85 62 77 95 41 30 24 61 43 22 75 22 15 65 99 91 31 85 55 95 99 39 11 25 43 16 71 41 61 93 31 97 54 59 91 46 88 67 7 30 
81 53 8 61 91 98 78 76 13 15 57 76 60 31 6 17 13 26 90 26 49 68 89 31 76 59 50 57 32 62 8 6 3 86 87 45 78 23 84 2 89 14 40 95 51 86 24 77 44 85 0 40 33 3 54 97 1 45 79 38 51 73 36 90 35 12 84 51 34 25 63 26 7 59 31 65 49 77 53 67 35 34 6 67 37 12 16 37 8 94 26 58 19 13 47 53 24 31 55 10 
98 32 52 4 16 74 17 73 100 51 80 2 16 49 1 4 82 76 16 75 77 3 59 30 61 21 62 16 59 29 81 96 53 55 40 67 92 93 83 77 88 87 5 12 74 39 47 75 72 65 40 0 7 17 87 13 75 18 29 76 94 33 94 80 67 100 98 3 63 13 91 70 59 69 27 29 81 26 81 5 8 88 66 14 4 52 78 31 69 6 6 14 39 51 93 57 2 43 11 64 
30 22 30 87 35 53 59 20 93 4 51 9 26 13 73 25 54 100 95 24 7 82 2 88 45 69 11 74 71 51 92 70 1 93 95 30 19 89 67 20 35 8 17 41 19 38 36 56 89 27 33 7 0 7 1 85 65 69 12 45 50 89 26 6 96 13 71 61 68 74 38 98 95 95 55 8 85 6 53 41 7 95 51 23 53 4 7 18 24 70 62 25 58 39 30 5 3 52 65 23 
69 99 36 38 38 34 33 39 11 98 34 10 4 84 96 34 30 40 53 8 87 53 42 56 82 71 29 55 15 78 24 89 7 22 87 76 42 31 20 68 61 51 15 78 43 25 1 72 14 5 3 17 7 0 78 54 20 72 49 27 79 33 32 83 26 90 29 76 12 82 31 19 51 55 88 64 79 98 55 61 2 57 64 19 31 41 72 51 12 20 77 43 5 60 25 30 49 54 57 13 
45 88 59 99 13 66 9 96 73 79 82 11 75 63 8 86 46 58 20 13 39 87 11 19 83 7 72 34 74 39 58 93 13 63 60 6 54 62 94 48 45 9 90 62 72 100 57 36 19 6 54 87 1 78 0 35 88 31 37 94 70 100 72 19 54 84 21 63 48 39 93 40 10 95 52 82 71 94 86 82 70 67 31 23 75 43 9 62 25 97 7 46 97 31 65 2 14 37 64 13 
9 57 29 90 93 32 53 56 31 93 46 9 92 85 33 57 75 9 31 77 17 52 5 72 66 83 82 97 79 11 44 45 99 24 33 28 21 12 28 95 95 73 60 25 36 20 62 72 89 95 97 13 85 54 35 0 75 9 53 36 3 56 69 26 1 54 7 70 72 89 45 47 83 5 60 7 54 67 5 50 49 69 3 62 5 67 27 31 27 31 18 29 86 87 6 38 92 13 59 64 
81 21 44 91 13 24 6 28 17 77 1 100 19 88 83 89 45 49 13 94 98 36 6 69 84 25 24 31 53 96 43 2 44 96 21 42 4 43 66 31 100 73 76 100 82 80 98 65 61 99 1 75 65 20 88 75 0 53 55 62 36 12 21 94 65 39 98 66 87 18 68 1 74 86 27 4 12 9 22 41 46 8 98 83 99 10 93 14 15 48 75 50 59 48 95 75 38 45 40 77 
20 89 12 77 11 38 12 26 67 65 98 94 10 90 27 2 22 44 6 82 35 57 81 96 33 10 15 84 99 83 83 33 31 81 9 99 1 31 51 50 1 91 34 69 64 28 96 95 17 45 45 18 69 72 31 9 53 0 62 59 29 36 45 55 91 56 15 64 48 60 71 46 42 22 7 34 87 21 33 62 22 43 61 69 17 50 13 8 26 74 67 54 61 11 60 52 18 74 67 18 
8 30 90 40 25 24 91 94 68 93 2 61 79 37 90 90 42 14 78 86 92 11 42 54 7 30 39 93 27 42 66 63 81 85 87 33 36 70 22 35 1 82 6 25 64 4 75 71 43 70 79 29 12 49 37 53 55 62 0 33 38 63 26 11 21 12 97 94 96 10 15 39 22 35 7 72 47 15 49 73 33 55 33 43 66 36 12 40 3 29 24 92 43 2 54 64 65 2 9 60 
67 18 39 86 8 2 48 27 2 66 98 75 17 16 69 35 69 74 70 43 25 54 97 34 30 17 69 42 60 5 83 86 54 87 3 14 66 72 34 44 70 90 97 89 60 8 80 33 15 90 38 76 45 27 94 36 62 59 33 0 12 75 98 85 10 5 8 56 71 57 28 3 63 13 97 28 100 8 19 54 89 95 97 31 96 50 46 12 52 54 71 15 29 21 51 38 25 59 45 95 
75 5 72 5 82 19 48 12 80 26 57 96 36 35 18 6 77 5 80 87 49 71 37 9 88 14 64 14 54 46 59 97 35 30 56 48 81 32 31 21 58 20 50 17 85 74 74 29 97 85 51 94 50 79 70 3 36 29 38 12 0 15 73 49 29 37 45 56 88 4 75 42 92 21 38 23 68 40 20 79 43 74 49 57 54 69 7 91 45 17 35 91 83 59 39 11 47 35 67 35 
24 30 84 94 31 9 75 30 84 23 87 17 44 44 81 96 10 79 59 11 15 63 14 89 69 63 33 77 80 11 83 81 59 13 3 81 20 51 48 61 45 92 76 36 54 78 77 69 24 62 73 33 89 33 100 56 12 36 63 75 15 0 39 93 76 30 13 65 4 80 56 76 58 98 49 58 6 2 79 65 44 23 81 30 66 64 41 4 74 87 39 92 73 29 84 100 10 48 65 14 
21 6 18 71 80 51 59 68 83 68 75 85 51 65 14 66 26 44 49 55 35 45 2 33 32 57 2 93 91 11 79 59 31 96 56 18 70 22 52 88 36 10 8 6 15 7 39 88 47 77 36 94 26 32 72 69 21 45 26 98 73 39 0 79 20 89 88 70 89 46 75 42 24 39 37 98 20 18 63 83 58 19 8 97 57 100 69 37 35 69 46 35 85 59 13 56 99 1 25 39 
94 10 18 53 84 57 22 62 36 93 24 69 93 68 18 4 97 95 64 17 97 38 100 36 36 80 89 92 9 56 91 32 18 99 92 43 45 29 81 92 36 23 100 98 58 7 50 63 31 95 90 80 6 83 19 26 94 55 11 85 49 93 79 0 46 52 80 21 90 16 18 61 34 33 95 43 51 55 39 59 54 60 95 40 80 40 74 64 51 87 71 1 39 48 40 84 99 71 56 40 
1 10 8 58 96 7 17 88 45 66 27 27 50 14 91 59 64 82 21 15 63 47 96 44 81 8 17 67 3 49 92 22 32 14 33 85 96 76 1 37 98 12 87 5 64 86 50 23 29 41 35 67 96 26 54 1 65 91 21 10 29 76 20 46 0 39 25 53 24 57 47 66 59 1 57 17 6 68 11 46 47 3 71 62 5 57 32 5 95 79 96 30 77 67 37 69 57 62 21 80 
67 20 94 60 70 94 86 15 21 69 49 81 95 64 61 69 25 61 41 71 5 56 76 24 43 49 51 56 84 67 23 34 68 19 48 92 34 6 97 64 88 23 91 19 45 22 76 57 62 30 12 100 13 90 84 54 39 56 12 5 37 30 89 52 39 0 70 19 97 29 20 53 45 77 72 8 74 18 10 45 79 66 53 11 70 100 41 18 81 70 84 18 38 40 31 10 71 100 28 67 
40 92 69 82 69 32 17 13 79 50 19 100 78 4 62 23 70 88 19 76 99 34 41 31 69 13 78 11 71 69 77 96 18 38 57 9 100 25 88 15 56 61 41 81 71 55 54 99 89 24 84 98 71 29 21 7 98 15 97 8 45 13 88 80 25 70 0 80 99 72 77 76 43 84 49 61 45 45 91 10 98 1 31 97 94 48 77 63 83 46 100 74 76 61 44 28 88 11 59 87 
63 32 7 36 81 50 16 34 65 18 66 12 15 88 37 21 58 22 77 16 95 71 93 59 6 17 80 93 39 100 53 68 68 11 71 40 87 91 31 62 91 66 55 48 38 53 26 24 47 61 51 3 61 76 63 70 66 64 94 56 56 65 70 21 53 19 80 0 82 35 14 76 70 14 88 66 59 79 27 56 31 58 4 24 57 32 86 40 78 37 65 5 97 9 32 37 19 91 75 52 
75 46 17 100 80 100 79 82 28 38 90 92 85 56 92 12 54 41 94 74 49 31 54 66 42 34 73 66 67 48 87 81 22 40 19 63 49 38 33 79 56 85 48 91 63 22 21 100 24 43 34 63 68 12 48 72 87 48 96 71 88 4 89 90 24 97 99 82 0 77 88 27 47 1 67 64 11 45 91 66 75 48 21 51 56 53 88 47 82 25 12 86 73 20 70 61 90 12 35 93 
56 14 12 10 22 62 94 94 38 79 9 71 9 43 47 36 79 30 89 28 87 49 11 49 18 88 36 27 38 56 20 44 11 78 99 99 9 33 84 68 91 39 45 15 37 57 82 15 69 22 25 13 74 82 39 89 18 60 10 57 4 80 46 16 57 29 72 35 77 0 88 22 19 86 75 85 50 85 81 92 3 8 91 75 58 46 79 45 93 60 21 56 98 46 75 67 6 16 30 41 
32 16 2 53 17 32 5 13 79 96 54 72 65 53 87 9 48 17 39 76 5 5 41 28 82 99 82 6 98 57 72 61 71 9 46 3 70 75 44 20 93 76 50 30 62 86 32 47 49 75 63 91 38 31 93 45 68 71 15 28 75 56 75 18 47 20 77 14 88 88 0 8 69 14 78 7 88 15 8 25 95 99 79 2 89 53 59 34 32 56 78 43 76 33 40 21 59 58 27 74 
89 97 44 34 95 94 80 79 49 53 15 36 2 92 30 60 62 16 83 41 47 11 37 21 88 55 38 24 49 89 50 17 96 76 25 41 3 24 96 30 54 89 13 6 37 30 24 23 65 22 26 70 98 19 40 47 1 46 39 3 42 76 42 61 66 53 76 76 27 22 8 0 39 19 81 8 32 11 14 72 25 21 48 19 71 26 73 59 78 83 92 61 38 22 4 14 54 95 34 65 
56 51 16 84 73 8 12 32 31 64 33 97 39 83 85 57 41 29 78 42 46 66 47 93 1 85 89 1 66 98 29 64 99 26 57 88 92 32 56 16 92 71 14 41 73 23 17 20 69 15 7 59 95 51 10 83 74 42 22 63 92 58 24 34 59 45 43 70 47 19 69 39 0 53 12 38 91 30 71 50 62 81 63 85 57 35 32 75 5 9 99 15 38 82 7 99 19 80 54 84 
92 92 24 36 11 39 20 89 63 25 20 1 10 90 51 18 85 96 39 22 86 35 48 7 34 88 96 18 98 3 53 66 50 86 8 75 10 69 37 24 19 76 78 66 18 15 22 71 42 65 59 69 95 55 95 5 86 22 35 13 21 98 39 33 1 77 84 14 1 86 14 19 53 0 85 48 18 49 100 81 39 43 11 61 92 24 41 7 60 49 93 91 75 50 99 74 64 36 55 70 
59 23 91 83 83 56 96 72 16 64 72 20 88 37 23 23 55 35 54 32 90 77 85 69 96 77 6 58 51 52 25 41 49 35 99 58 45 7 78 36 81 86 69 67 59 9 96 96 69 99 31 27 55 88 52 60 27 7 7 97 38 49 37 95 57 72 49 88 67 75 78 81 12 85 0 86 25 1 39 9 86 87 78 34 38 10 72 80 20 32 24 95 24 30 54 72 74 96 47 23 
76 6 47 52 33 53 23 28 96 41 46 81 89 57 63 99 27 98 81 18 36 88 2 57 64 39 13 56 14 20 33 67 64 64 10 36 69 100 33 1 61 61 11 11 99 78 10 1 43 91 65 29 8 64 82 7 4 34 72 28 23 58 98 43 17 8 61 66 64 85 7 8 38 48 86 0 46 72 87 34 78 8 19 2 9 10 62 94 96 91 27 85 1 51 17 72 34 40 67 10 
58 66 25 66 31 98 12 83 42 24 80 61 26 57 37 84 96 83 6 17 46 84 35 41 13 16 94 62 26 5 48 20 9 88 88 42 65 26 82 58 68 20 46 51 40 59 17 96 40 31 49 81 85 79 71 54 12 87 47 100 68 6 20 51 6 74 45 59 11 50 88 32 91 18 25 46 0 21 72 33 94 68 31 17 13 2 3 98 79 62 17 33 70 26 46 15 73 37 94 57 
28 26 75 60 80 1 80 72 11 38 33 30 80 7 68 47 5 63 15 70 42 62 15 51 53 12 84 43 23 60 38 96 28 70 9 15 23 59 38 79 44 52 47 93 61 75 42 47 24 85 77 26 6 98 94 67 9 21 15 8 40 2 18 55 68 18 45 79 45 85 15 11 30 49 1 72 21 0 89 44 25 60 29 64 78 38 36 50 71 30 69 1 98 33 55 52 31 85 13 99 
27 65 49 21 11 10 88 8 17 52 60 96 3 17 86 12 96 46 36 96 73 7 20 58 15 80 95 6 7 48 73 24 23 96 43 37 87 7 21 19 83 79 32 47 83 46 59 54 92 55 53 81 53 55 86 5 22 33 49 19 20 79 63 39 11 10 91 27 91 81 8 14 71 100 39 87 72 89 0 17 35 76 15 49 48 51 42 56 39 85 81 50 66 96 28 3 32 29 25 61 
54 66 86 36 14 33 11 84 34 82 74 76 61 46 36 94 64 36 64 83 1 10 41 35 13 23 46 75 61 67 65 28 38 67 40 42 21 8 84 30 74 24 51 66 3 88 48 54 88 95 67 5 41 61 82 50 41 62 73 54 79 65 83 59 46 45 10 56 66 92 25 72 50 81 9 34 33 44 17 0 97 78 10 81 32 61 11 68 73 61 85 7 36 99 8 83 1 49 91 91 
53 55 62 57 25 28 59 43 37 84 72 9 100 60 49 58 24 31 59 31 84 71 69 13 41 71 89 96 7 62 88 26 26 36 1 54 33 96 5 42 37 86 33 87 29 14 69 80 92 99 35 8 7 2 70 49 46 22 33 89 43 44 58 54 47 79 98 31 75 3 95 25 62 39 86 78 94 25 35 97 0 86 23 92 51 18 19 53 49 99 30 61 47 7 70 28 90 82 38 57 
7 17 56 33 1 59 65 83 81 66 68 71 15 99 91 28 9 23 26 74 22 26 61 88 42 39 97 62 90 61 32 82 25 81 81 33 16 81 57 21 71 44 23 93 33 83 83 30 36 39 34 88 95 57 67 69 8 43 55 95 74 23 19 60 3 66 1 58 48 8 99 21 81 43 87 8 68 60 76 78 86 0 7 99 93 13 86 43 72 21 95 21 11 85 6 33 77 56 50 47 
51 97 37 40 29 58 28 8 33 84 5 77 29 47 36 50 46 11 79 10 30 65 51 64 73 95 59 91 19 95 45 75 42 73 32 8 64 100 67 58 14 62 55 77 77 26 46 81 11 11 6 66 51 64 31 3 98 61 33 97 49 81 8 95 71 53 31 4 21 91 79 48 63 11 78 19 31 29 15 10 23 7 0 60 51 98 89 63 44 95 33 71 36 14 61 93 20 11 37 85 
82 28 91 95 11 33 69 14 29 39 74 70 25 73 74 34 29 82 5 7 90 52 71 1 37 91 99 21 77 12 80 95 26 80 96 84 52 84 72 61 71 45 1 79 47 3 56 35 80 25 67 14 23 19 23 62 83 69 43 31 57 30 97 40 62 11 97 24 51 75 2 19 85 61 34 2 17 64 49 81 92 99 60 0 96 80 56 16 74 28 26 11 33 10 39 88 12 37 48 62 
75 68 91 23 91 92 49 21 44 15 53 33 18 82 86 14 90 62 78 33 60 31 2 43 23 9 77 16 4 38 55 70 32 54 67 9 57 11 76 40 31 46 38 22 75 7 35 54 1 43 37 4 53 31 75 5 99 17 66 96 54 66 57 80 5 70 94 57 56 58 89 71 57 92 38 9 13 78 48 32 51 93 51 96 0 34 36 24 78 83 8 48 18 74 8 62 45 70 99 81 
47 84 47 90 93 75 88 56 58 62 86 39 55 61 95 87 43 20 98 74 68 51 14 34 56 1 30 76 45 85 54 19 54 88 91 65 17 61 12 57 58 70 97 91 100 77 55 16 30 16 12 52 4 41 43 67 10 50 36 50 69 64 100 40 57 100 48 32 53 46 53 26 35 24 10 10 2 38 51 61 18 13 98 80 34 0 66 30 37 33 55 64 59 65 49 20 55 36 31 92 
42 84 20 36 3 16 74 22 11 83 19 78 69 9 6 90 4 42 36 35 58 55 27 24 2 25 80 18 7 22 75 91 76 55 80 63 72 47 51 7 17 17 60 55 34 22 17 58 69 71 16 78 7 72 9 27 93 13 12 46 7 41 69 74 32 41 77 86 88 79 59 73 32 41 72 62 3 36 42 11 19 86 89 56 36 66 0 35 44 25 23 20 2 5 27 2 74 52 61 88 
7 88 34 13 55 67 7 48 60 43 53 84 36 21 21 2 35 62 42 78 58 66 59 64 6 85 100 46 8 86 49 72 27 49 40 2 13 6 41 71 30 19 65 21 56 86 85 18 14 41 37 31 18 51 62 31 14 8 40 12 91 4 37 64 5 18 63 40 47 45 34 59 75 7 80 94 98 50 56 68 53 43 63 16 24 30 35 0 97 31 38 77 48 67 65 80 21 81 90 38 
18 24 10 18 55 12 51 81 76 78 83 33 65 50 22 40 16 63 56 55 2 7 94 81 40 62 96 59 95 20 88 51 37 68 99 63 70 43 14 6 11 60 82 59 64 4 50 62 46 61 8 69 24 12 25 27 15 26 3 52 45 74 35 51 95 81 83 78 82 93 32 78 5 60 20 96 79 71 39 73 49 72 44 74 78 37 44 97 0 29 10 92 16 92 83 51 88 60 73 7 
49 65 61 76 28 40 64 15 79 76 20 91 99 46 47 80 97 8 65 20 49 17 21 29 9 6 19 62 33 64 41 5 57 39 67 48 59 68 72 93 69 98 17 31 97 25 44 81 63 93 94 6 70 20 97 31 48 74 29 54 17 87 69 87 79 70 46 37 25 60 56 83 9 49 32 91 62 30 85 61 99 21 95 28 83 33 25 31 29 0 61 29 85 14 54 37 27 93 33 57 
73 5 25 50 62 69 6 27 13 9 2 11 53 36 41 36 55 36 63 21 34 20 8 49 35 54 68 39 68 42 32 9 80 35 42 16 78 29 74 14 52 60 14 62 68 45 16 3 80 31 26 6 62 77 7 18 75 67 24 71 35 39 46 71 96 84 100 65 12 21 78 92 99 93 24 27 17 69 81 85 30 95 33 26 8 55 23 38 10 61 0 30 9 56 48 26 35 21 6 77 
92 28 33 22 88 82 98 44 55 55 40 28 100 37 91 45 44 20 35 94 2 30 82 89 79 75 59 73 49 65 46 99 23 98 54 10 50 26 44 78 68 31 84 75 100 77 23 90 42 97 58 14 25 43 46 29 50 54 92 15 91 92 35 1 30 18 74 5 86 56 43 61 15 91 95 85 33 1 50 7 61 21 71 11 48 64 20 77 92 29 30 0 58 34 38 49 49 29 84 51 
24 95 97 69 10 100 38 96 14 50 59 59 94 89 27 27 7 86 24 31 16 79 34 17 77 68 3 38 65 26 75 37 67 3 21 28 30 19 19 53 14 42 44 67 3 54 72 1 38 54 19 39 58 5 97 86 59 61 43 29 83 73 85 39 77 38 76 97 73 98 76 38 38 75 24 1 70 98 66 36 47 11 36 33 18 59 2 48 16 85 9 58 0 16 43 75 74 55 3 59 
46 63 42 21 93 71 64 46 48 76 76 95 55 52 54 53 33 31 63 27 68 64 9 81 18 10 22 31 10 53 62 19 10 83 97 33 99 51 77 53 87 69 73 67 34 52 54 42 26 59 13 51 39 60 31 87 48 11 2 21 59 29 59 48 67 40 61 9 20 46 33 22 82 50 30 51 26 33 96 99 7 85 14 10 74 65 5 67 92 14 56 34 16 0 21 9 95 47 1 27 
86 89 50 75 23 38 72 6 42 48 63 96 92 4 8 48 92 14 50 10 98 19 82 24 66 7 47 64 9 20 88 31 40 48 97 5 46 54 77 69 3 6 83 24 9 35 73 5 25 91 47 93 30 25 65 6 95 60 54 51 39 84 13 40 37 31 44 32 70 75 40 4 7 99 54 17 46 55 28 8 70 6 61 39 8 49 27 65 83 54 48 38 43 21 0 55 83 87 10 30 
77 56 4 78 6 6 6 84 58 16 37 85 44 54 70 86 70 67 96 45 30 25 81 13 58 27 19 57 19 26 67 59 50 16 53 65 26 94 72 42 63 53 30 23 66 91 74 75 67 46 53 57 5 30 2 38 75 52 64 38 11 100 56 84 69 10 28 37 61 67 21 14 99 74 72 72 15 52 3 83 28 33 93 88 62 20 2 80 51 37 26 49 75 9 55 0 12 96 50 69 
64 82 88 32 14 64 1 60 68 45 76 27 50 15 15 21 9 91 3 97 25 71 36 4 61 59 72 39 93 71 84 52 29 1 96 77 84 8 74 68 26 44 63 85 78 73 82 98 87 88 24 2 3 49 14 92 38 18 65 25 47 10 99 99 57 71 88 19 90 6 59 54 19 64 74 34 73 31 32 1 90 77 20 12 45 55 74 21 88 27 35 49 74 95 83 12 0 72 59 2 
77 32 70 8 91 70 88 70 20 49 81 47 21 7 22 22 62 54 20 38 48 53 74 55 35 19 24 26 32 89 65 78 10 37 5 65 97 30 64 35 59 66 75 5 79 42 26 3 65 67 31 43 52 54 37 13 45 74 2 59 35 48 1 71 62 100 11 91 12 16 58 95 80 36 96 40 37 85 29 49 82 56 11 37 70 36 52 81 60 93 21 29 55 47 87 96 72 0 61 60 
91 87 10 66 86 7 22 17 74 85 55 96 58 41 58 58 79 41 72 12 77 48 74 71 15 96 98 49 58 25 19 78 17 79 75 56 64 37 54 3 53 70 37 22 4 95 51 98 65 7 55 11 65 57 64 59 40 67 9 45 67 65 25 56 21 28 59 75 35 30 27 34 54 55 47 67 94 13 25 91 38 50 37 48 99 31 61 90 73 33 6 84 3 1 10 50 59 61 0 3 
38 79 56 32 94 15 79 42 96 34 17 19 34 71 58 84 14 83 48 22 73 2 89 22 54 44 96 56 11 18 22 84 50 93 15 91 33 97 58 47 33 28 62 27 93 46 54 49 62 30 10 64 23 13 13 64 77 18 60 95 35 14 39 40 80 67 87 52 93 41 74 65 84 70 23 10 57 99 61 91 57 47 85 62 81 92 88 38 7 57 77 51 59 27 30 69 2 60 3 0 
