80
0 37 93 34 40 41 26 25 73 91 60 71 33 75 42 72 32 90 36 17 5 80 74 34 2 11 35 48 61 19 11 72 55 56 58 47 96 35 23 68 26 82 90 58 56 83 81 39 73 69 55 29 48 29 15 49 91 49 96 3 67 59 75 74 14 84 20 61 18 42 80 43 75 21 53 82 3 33 20 75 
37 0 1 26 56 48 6 70 48 48 70 96 51 37 54 77 62 19 60 33 79 77 26 10 72 100 30 24 81 32 8 52 59 9 29 14 8 35 83 56 82 52 51 84 40 56 60 1 74 19 85 4 48 10 13 71 9 94 46 41 25 53 92 83 13 21 48 21 7 30 76 40 34 78 24 25 33 35 78 58 
93 1 0 6 62 61 5 72 25 75 32 18 72 25 94 24 16 29 37 88 76 57 94 58 84 86 91 13 61 15 45 95 92 2 100 6 14 56 77 38 30 60 7 1 84 100 77 52 80 65 39 56 73 85 13 8 22 55 20 82 69 64 28 13 17 80 18 30 35 46 19 17 57 25 17 41 76 45 44 56 
34 26 6 0 9 34 63 33 18 75 40 91 29 59 72 49 74 52 13 90 31 82 71 65 27 41 81 84 17 50 76 93 46 19 100 7 52 62 39 22 88 79 12 68 89 36 68 15 87 81 56 69 62 27 33 41 19 66 76 36 15 3 28 60 21 79 66 24 92 57 97 79 87 61 46 75 96 13 41 34 
40 56 62 9 0 45 97 2 59 23 86 51 41 51 26 28 17 28 55 77 100 85 94 75 76 50 72 54 88 84 51 15 31 16 55 64 60 51 17 70 73 2 20 66 5 45 93 21 24 100 49 75 36 43 50 12 44 73 17 32 56 68 46 86 35 52 1 46 3 69 16 27 70 35 92 26 32 37 47 7 
41 48 61 34 45 0 88 95 82 23 89 83 86 33 7 3 16 14 22 13 51 8 64 3 53 66 71 20 93 92 55 36 18 38 24 64 96 63 10 29 38 99 63 23 83 69 77 98 34 50 62 84 57 77 86 62 95 56 81 87 100 87 74 17 76 50 80 72 12 41 100 49 39 63 24 21 83 52 70 17 
26 6 5 63 97 88 0 54 83 52 62 60 38 23 54 45 4 92 44 42 17 60 18 66 91 41 30 32 40 30 22 54 53 43 89 57 64 5 10 47 56 71 6 45 94 11 42 49 2 85 90 18 97 59 84 39 99 13 22 91 42 44 96 47 38 84 3 1 40 64 99 48 34 4 92 27 66 33 27 67 
25 70 72 33 2 95 54 0 70 69 37 66 27 20 56 26 84 78 16 77 21 63 75 58 47 29 10 86 92 9 85 26 64 29 4 30 61 31 48 82 99 84 47 77 55 55 2 90 32 69 19 52 32 93 61 30 22 22 67 65 30 52 90 46 80 46 27 92 28 74 74 26 10 72 2 64 26 56 6 57 
73 48 25 18 59 82 83 70 0 24 24 60 7 16 72 36 89 94 3 6 75 6 95 20 85 92 98 76 19 24 49 96 33 73 50 48 98 5 53 55 80 76 66 39 44 38 74 32 31 28 37 5 33 84 77 17 27 74 45 46 97 45 41 81 17 90 29 67 46 81 21 26 9 38 64 52 75 89 35 57 
91 48 75 75 23 23 52 69 24 0 17 24 14 1 59 90 70 85 15 66 30 64 10 23 96 79 64 24 45 62 57 17 39 65 54 54 68 81 42 2 37 10 25 50 63 35 91 32 20 58 97 1 73 58 75 68 36 39 44 32 52 52 48 90 16 54 43 35 34 84 36 22 46 13 24 8 47 14 91 18 
60 70 32 40 86 89 62 37 24 17 0 23 39 19 95 96 93 15 84 83 10 15 34 61 15 75 28 20 17 62 53 53 97 26 50 61 49 57 60 15 99 77 37 37 95 84 84 40 50 67 74 59 34 60 19 100 34 46 19 3 7 71 55 55 96 4 68 97 12 27 11 10 3 47 98 50 82 81 41 31 
71 96 18 91 51 83 60 66 60 24 23 0 100 66 89 33 77 7 32 63 4 50 65 10 72 71 17 19 26 84 15 37 10 77 98 64 24 47 13 57 79 5 88 78 71 76 10 47 35 93 61 38 94 25 100 17 47 16 36 72 51 2 60 12 79 9 75 54 55 40 10 34 44 97 11 66 25 73 65 11 
33 51 72 29 41 86 38 27 7 14 39 100 0 17 25 48 11 2 99 27 48 66 14 20 16 68 79 27 46 88 2 51 94 93 60 79 88 9 42 54 85 66 70 95 82 94 94 44 95 93 23 95 58 88 14 26 55 44 52 100 83 5 50 77 49 62 7 37 22 48 90 6 13 11 52 47 4 45 42 51 
75 37 25 59 51 33 23 20 16 1 19 66 17 0 89 64 45 47 52 10 24 58 53 27 58 36 32 59 64 32 72 22 68 93 70 9 98 34 19 49 80 75 46 74 25 34 37 21 32 40 30 55 98 34 82 7 21 65 17 36 96 89 58 16 33 27 24 31 12 95 31 44 69 28 17 45 62 5 65 45 
42 54 94 72 26 7 54 56 72 59 95 89 25 89 0 45 46 100 94 79 33 52 52 49 68 87 96 8 44 11 41 22 87 23 34 81 5 29 49 33 45 93 46 49 9 90 45 6 41 90 36 73 41 87 73 61 26 69 20 69 79 60 43 65 34 28 97 39 56 97 23 52 89 68 100 49 57 97 54 50 
72 77 24 49 28 3 45 26 36 90 96 33 48 64 45 0 86 42 74 79 28 47 39 53 15 58 74 93 70 68 10 3 95 58 41 2 55 63 53 95 82 4 44 91 100 49 40 38 90 13 16 70 59 54 74 73 63 47 18 32 66 79 87 12 36 27 13 90 42 17 85 23 21 80 13 72 80 4 9 22 
32 62 16 74 17 16 4 84 89 70 93 77 11 45 46 86 0 17 24 91 75 29 64 100 92 63 69 75 28 47 61 40 34 40 4 76 33 21 12 55 93 43 20 64 22 23 73 43 91 96 85 18 25 49 17 68 63 37 94 42 35 55 81 68 46 37 95 78 57 6 84 49 48 55 12 22 78 36 64 20 
90 19 29 52 28 14 92 78 94 85 15 7 2 47 100 42 17 0 84 1 37 8 49 5 27 63 41 20 4 75 26 37 43 23 73 37 100 29 95 36 29 94 90 92 15 19 28 31 39 63 31 75 22 79 80 48 93 20 19 96 47 97 32 89 19 56 77 71 36 23 6 64 17 47 8 31 66 87 61 56 
36 60 37 13 55 22 44 16 3 15 84 32 99 52 94 74 24 84 0 49 91 82 70 21 13 69 13 33 87 61 31 83 44 19 54 100 47 24 87 70 81 51 38 79 10 68 96 96 81 51 96 71 33 17 44 97 85 8 29 71 68 11 6 64 81 11 15 28 34 1 49 66 3 38 44 12 5 92 59 37 
17 33 88 90 77 13 42 77 6 66 83 63 27 10 79 79 91 1 49 0 42 6 8 26 22 3 23 6 10 3 29 30 14 86 45 94 96 59 73 81 59 73 46 62 10 41 25 67 32 36 3 26 41 62 3 63 64 25 20 26 80 100 7 45 85 51 38 80 61 63 60 71 35 57 84 97 50 9 63 33 
5 79 76 31 100 51 17 21 75 30 10 4 48 24 33 28 75 37 91 42 0 96 65 58 36 79 61 50 42 37 22 19 16 21 77 12 6 27 50 37 39 64 49 10 50 57 93 46 6 53 8 39 48 25 48 36 3 60 85 96 97 58 15 64 79 43 76 36 70 77 24 60 40 72 69 41 29 62 87 86 
80 77 57 82 85 8 60 63 6 64 15 50 66 58 52 47 29 8 82 6 96 0 14 46 76 14 70 24 49 24 83 33 20 31 43 86 95 21 28 22 8 49 98 31 9 89 55 29 29 83 42 15 20 56 13 96 21 82 71 69 58 5 53 29 36 95 14 30 67 93 51 74 94 100 5 54 88 59 82 68 
74 26 94 71 94 64 18 75 95 10 34 65 14 53 52 39 64 49 70 8 65 14 0 93 24 35 64 31 47 11 51 80 81 71 37 86 23 65 21 70 30 2 36 75 4 10 20 3 66 73 42 76 6 61 20 29 95 83 11 93 46 13 73 26 83 61 63 58 78 35 27 7 36 14 33 91 75 52 45 40 
34 10 58 65 75 3 66 58 20 23 61 10 20 27 49 53 100 5 21 26 58 46 93 0 76 86 67 82 99 38 62 93 73 73 86 18 85 10 43 20 70 58 77 47 92 55 6 28 68 38 70 43 42 15 34 69 52 53 50 50 90 12 43 62 36 80 79 72 89 74 91 58 31 19 57 22 73 62 1 41 
2 72 84 27 76 53 91 47 85 96 15 72 16 58 68 15 92 27 13 22 36 76 24 76 0 51 71 35 44 85 68 13 36 20 62 86 62 25 80 23 12 11 2 84 51 75 26 60 57 45 16 78 69 77 31 9 28 53 95 71 37 15 35 24 86 97 61 47 73 92 70 85 2 23 20 4 49 45 64 5 
11 100 86 41 50 66 41 29 92 79 75 71 68 36 87 58 63 63 69 3 79 14 35 86 51 0 89 79 34 58 56 16 18 35 68 65 57 56 79 92 80 64 40 92 11 64 36 32 100 89 54 19 93 54 16 56 58 56 34 43 65 41 59 35 27 26 99 36 82 77 79 13 92 70 56 54 33 91 85 85 
35 30 91 81 72 71 30 10 98 64 28 17 79 32 96 74 69 41 13 23 61 70 64 67 71 89 0 80 90 3 72 43 70 27 52 26 12 95 90 53 53 24 31 30 22 66 63 50 44 75 42 65 31 47 98 21 32 34 52 21 88 23 16 58 1 67 83 13 61 72 17 65 48 47 47 69 65 9 71 60 
48 24 13 84 54 20 32 86 76 24 20 19 27 59 8 93 75 20 33 6 50 24 31 82 35 79 80 0 84 64 25 66 10 74 38 41 7 90 14 94 12 29 51 65 47 33 77 60 57 45 24 4 43 22 24 7 31 94 19 66 57 43 31 67 16 20 59 74 9 72 67 73 52 70 37 99 54 65 58 10 
61 81 61 17 88 93 40 92 19 45 17 26 46 64 44 70 28 4 87 10 42 49 47 99 44 34 90 84 0 9 33 65 51 55 89 10 85 34 28 50 91 70 32 57 37 51 15 62 12 39 28 84 90 49 20 88 3 84 97 64 44 30 29 94 84 69 3 20 2 30 21 44 51 52 100 39 54 67 100 17 
19 32 15 50 84 92 30 9 24 62 62 84 88 32 11 68 47 75 61 3 37 24 11 38 85 58 3 64 9 0 57 80 100 98 28 71 86 82 6 34 46 49 63 26 95 46 46 97 17 47 79 37 91 81 40 42 20 94 60 71 10 16 50 62 14 30 32 51 11 90 36 8 38 99 33 32 96 30 81 13 
11 8 45 76 51 55 22 85 49 57 53 15 2 72 41 10 61 26 31 29 22 83 51 62 68 56 72 25 33 57 0 77 11 49 19 91 89 60 62 34 72 85 95 39 34 8 4 15 92 6 26 81 42 85 70 40 70 2 87 99 34 99 27 44 100 45 86 40 57 100 25 28 84 19 66 69 79 22 84 70 
72 52 95 93 15 36 54 26 96 17 53 37 51 22 22 3 40 37 83 30 19 33 80 93 13 16 43 66 65 80 77 0 27 61 50 68 45 19 59 14 72 46 65 57 96 91 52 95 36 38 34 92 89 58 71 72 29 88 40 7 9 23 76 36 35 77 55 80 47 14 45 71 11 9 27 6 100 79 53 87 
55 59 92 46 31 18 53 64 33 39 97 10 94 68 87 95 34 43 44 14 16 20 81 73 36 18 70 10 51 100 11 27 0 68 38 78 56 96 100 27 76 87 18 34 96 93 61 83 27 37 37 58 35 2 3 5 64 63 32 70 14 62 74 100 29 11 29 84 6 28 62 33 15 79 66 10 71 26 44 98 
56 9 2 19 16 38 43 29 73 65 26 77 93 93 23 58 40 23 19 86 21 31 71 73 20 35 27 74 55 98 49 61 68 0 14 80 55 49 34 9 5 97 72 36 18 85 97 91 37 77 2 65 60 59 93 73 44 7 52 61 68 74 39 11 23 52 42 78 52 27 38 57 76 61 44 93 98 93 36 34 
58 29 100 100 55 24 89 4 50 54 50 98 60 70 34 41 4 73 54 45 77 43 37 86 62 68 52 38 89 28 19 50 38 14 0 69 89 98 81 99 42 53 94 100 56 55 67 30 93 29 52 96 23 81 48 49 19 56 24 31 99 69 28 43 56 61 12 96 11 44 94 52 48 88 52 4 94 70 85 86 
47 14 6 7 64 64 57 30 48 54 61 64 79 9 81 2 76 37 100 94 12 86 86 18 86 65 26 41 10 71 91 68 78 80 69 0 99 36 33 73 17 32 73 87 87 97 69 38 17 97 80 72 57 43 67 19 86 12 71 34 51 22 89 44 91 73 81 41 8 14 65 76 45 38 14 84 86 83 21 2 
96 8 14 52 60 96 64 61 98 68 49 24 88 98 5 55 33 100 47 96 6 95 23 85 62 57 12 7 85 86 89 45 56 55 89 99 0 79 100 25 87 43 43 6 80 54 28 13 57 49 53 100 91 25 33 84 85 98 48 60 94 85 26 77 70 8 49 23 38 49 47 76 43 89 33 22 95 60 87 51 
35 35 56 62 51 63 5 31 5 81 57 47 9 34 29 63 21 29 24 59 27 21 65 10 25 56 95 90 34 82 60 19 96 49 98 36 79 0 60 39 2 51 64 86 86 100 83 33 59 77 70 36 5 91 95 54 14 32 54 12 60 96 53 92 17 47 52 55 49 63 94 50 13 9 88 98 8 70 83 18 
23 83 77 39 17 10 10 48 53 42 60 13 42 19 49 53 12 95 87 73 50 28 21 43 80 79 90 14 28 6 62 59 100 34 81 33 100 60 0 98 52 54 55 94 48 8 7 32 61 19 91 8 71 82 76 69 85 31 17 48 76 18 12 84 5 62 43 27 44 60 24 47 65 30 40 13 37 99 44 49 
68 56 38 22 70 29 47 82 55 2 15 57 54 49 33 95 55 36 70 81 37 22 70 20 23 92 53 94 50 34 34 14 27 9 99 73 25 39 98 0 69 86 8 91 19 84 59 4 66 27 3 41 96 14 76 1 27 18 79 70 29 54 68 94 84 60 58 72 58 1 21 78 38 80 68 56 15 78 11 80 
26 82 30 88 73 38 56 99 80 37 99 79 85 80 45 82 93 29 81 59 39 8 30 70 12 80 53 12 91 46 72 72 76 5 42 17 87 2 52 69 0 56 13 72 51 79 99 3 5 68 81 27 97 35 46 90 70 5 47 41 14 99 13 43 88 93 10 43 7 39 54 39 94 18 10 45 48 61 99 53 
82 52 60 79 2 99 71 84 76 10 77 5 66 75 93 4 43 94 51 73 64 49 2 58 11 64 24 29 70 49 85 46 87 97 53 32 43 51 54 86 56 0 28 80 31 24 66 28 65 35 85 63 27 50 13 40 93 100 84 54 95 90 45 100 80 38 17 42 34 65 2 33 69 29 12 51 5 29 78 21 
90 51 7 12 20 63 6 47 66 25 37 88 70 46 46 44 20 90 38 46 49 98 36 77 2 40 31 51 32 63 95 65 18 72 94 73 43 64 55 8 13 28 0 15 62 84 41 64 48 80 56 100 63 61 94 5 5 93 84 43 61 25 28 77 26 60 45 7 23 47 63 51 25 83 65 38 18 58 53 66 
58 84 1 68 66 23 45 77 39 50 37 78 95 74 49 91 64 92 79 62 10 31 75 47 84 92 30 65 57 26 39 57 34 36 100 87 6 86 94 91 72 80 15 0 37 8 17 52 21 10 56 25 54 39 19 66 16 47 43 93 6 87 99 81 86 61 31 62 44 48 51 13 5 4 30 93 11 46 44 83 
56 40 84 89 5 83 94 55 44 63 95 71 82 25 9 100 22 15 10 10 50 9 4 92 51 11 22 47 37 95 34 96 96 18 56 87 80 86 48 19 51 31 62 37 0 7 51 8 12 90 26 78 57 72 20 49 30 58 48 10 43 60 92 4 55 91 55 68 47 58 97 40 20 95 35 3 1 86 62 13 
83 56 100 36 45 69 11 55 38 35 84 76 94 34 90 49 23 19 68 41 57 89 10 55 75 64 66 33 51 46 8 91 93 85 55 97 54 100 8 84 79 24 84 8 7 0 27 87 90 83 11 61 31 92 18 30 53 61 42 44 16 96 87 70 15 33 79 64 72 51 10 7 53 10 44 14 74 70 52 15 
81 60 77 68 93 77 42 2 74 91 84 10 94 37 45 40 73 28 96 25 93 55 20 6 26 36 63 77 15 46 4 52 61 97 67 69 28 83 7 59 99 66 41 17 51 27 0 4 14 75 34 5 93 16 57 5 9 53 20 56 39 42 71 71 20 86 95 70 95 53 74 56 96 39 82 17 43 96 20 56 
39 1 52 15 21 98 49 90 32 32 40 47 44 21 6 38 43 31 96 67 46 29 3 28 60 32 50 60 62 97 15 95 83 91 30 38 13 33 32 4 3 28 64 52 8 87 4 0 23 5 13 67 20 21 71 80 73 42 36 63 83 58 86 55 43 80 76 89 84 50 96 79 88 77 95 82 25 66 38 47 
73 74 80 87 24 34 2 32 31 20 50 35 95 32 41 90 91 39 81 32 6 29 66 68 57 100 44 57 12 17 92 36 27 37 93 17 57 59 61 66 5 65 48 21 12 90 14 23 0 70 2 13 42 22 35 21 47 28 56 61 63 65 46 17 59 77 92 47 60 93 43 90 33 71 36 14 95 1 3 41 
69 19 65 81 100 50 85 69 28 58 67 93 93 40 90 13 96 63 51 36 53 83 73 38 45 89 75 45 39 47 6 38 37 77 29 97 49 77 19 27 68 35 80 10 90 83 75 5 70 0 71 4 5 12 26 91 32 24 71 40 84 33 4 82 1 63 58 44 61 18 37 55 59 69 26 95 34 20 47 37 
55 85 39 56 49 62 90 19 37 97 74 61 23 30 36 16 85 31 96 3 8 42 42 70 16 54 42 24 28 79 26 34 37 2 52 80 53 70 91 3 81 85 56 56 26 11 34 13 2 71 0 13 69 40 17 80 17 60 64 40 30 55 76 14 10 57 14 72 66 9 85 35 45 39 94 65 64 40 99 84 
29 4 56 69 75 84 18 52 5 1 59 38 95 55 73 70 18 75 71 26 39 15 76 43 78 19 65 4 84 37 81 92 58 65 96 72 100 36 8 41 27 63 100 25 78 61 5 67 13 4 13 0 86 87 96 55 26 64 86 95 75 1 86 56 55 61 69 65 69 34 88 35 43 24 69 87 63 14 4 78 
48 48 73 62 36 57 97 32 33 73 34 94 58 98 41 59 25 22 33 41 48 20 6 42 69 93 31 43 90 91 42 89 35 60 23 57 91 5 71 96 97 27 63 54 57 31 93 20 42 5 69 86 0 53 54 13 91 40 60 97 17 24 34 11 50 35 97 6 41 9 74 57 78 8 97 64 2 20 84 88 
29 10 85 27 43 77 59 93 84 58 60 25 88 34 87 54 49 79 17 62 25 56 61 15 77 54 47 22 49 81 85 58 2 59 81 43 25 91 82 14 35 50 61 39 72 92 16 21 22 12 40 87 53 0 34 98 43 12 2 96 76 44 87 36 92 4 11 26 66 60 12 62 65 4 23 91 61 100 50 9 
15 13 13 33 50 86 84 61 77 75 19 100 14 82 73 74 17 80 44 3 48 13 20 34 31 16 98 24 20 40 70 71 3 93 48 67 33 95 76 76 46 13 94 19 20 18 57 71 35 26 17 96 54 34 0 15 51 28 98 90 14 47 33 77 49 80 52 44 19 87 36 74 97 13 39 57 76 53 73 79 
49 71 8 41 12 62 39 30 17 68 100 17 26 7 61 73 68 48 97 63 36 96 29 69 9 56 21 7 88 42 40 72 5 73 49 19 84 54 69 1 90 40 5 66 49 30 5 80 21 91 80 55 13 98 15 0 75 15 91 26 64 99 92 66 27 89 56 92 36 40 68 36 71 19 79 89 6 66 14 54 
91 9 22 19 44 95 99 22 27 36 34 47 55 21 26 63 63 93 85 64 3 21 95 52 28 58 32 31 3 20 70 29 64 44 19 86 85 14 85 27 70 93 5 16 30 53 9 73 47 32 17 26 91 43 51 75 0 78 5 62 5 57 35 84 83 1 74 60 17 73 51 82 51 91 89 42 26 28 61 13 
49 94 55 66 73 56 13 22 74 39 46 16 44 65 69 47 37 20 8 25 60 82 83 53 53 56 34 94 84 94 2 88 63 7 56 12 98 32 31 18 5 100 93 47 58 61 53 42 28 24 60 64 40 12 28 15 78 0 51 79 44 91 84 9 5 38 39 9 51 43 17 85 26 51 38 52 62 54 24 64 
96 46 20 76 17 81 22 67 45 44 19 36 52 17 20 18 94 19 29 20 85 71 11 50 95 34 52 19 97 60 87 40 32 52 24 71 48 54 17 79 47 84 84 43 48 42 20 36 56 71 64 86 60 2 98 91 5 51 0 87 26 54 76 19 32 55 79 44 5 57 87 96 93 48 52 82 86 12 32 80 
3 41 82 36 32 87 91 65 46 32 3 72 100 36 69 32 42 96 71 26 96 69 93 50 71 43 21 66 64 71 99 7 70 61 31 34 60 12 48 70 41 54 43 93 10 44 56 63 61 40 40 95 97 96 90 26 62 79 87 0 80 69 58 82 6 9 43 11 84 6 97 9 59 72 79 90 27 57 86 83 
67 25 69 15 56 100 42 30 97 52 7 51 83 96 79 66 35 47 68 80 97 58 46 90 37 65 88 57 44 10 34 9 14 68 99 51 94 60 76 29 14 95 61 6 43 16 39 83 63 84 30 75 17 76 14 64 5 44 26 80 0 65 24 30 9 71 33 90 56 44 74 88 75 42 45 56 99 53 98 9 
59 53 64 3 68 87 44 52 45 52 71 2 5 89 60 79 55 97 11 100 58 5 13 12 15 41 23 43 30 16 99 23 62 74 69 22 85 96 18 54 99 90 25 87 60 96 42 58 65 33 55 1 24 44 47 99 57 91 54 69 65 0 36 55 57 96 66 29 26 7 7 34 92 41 98 16 71 7 86 55 
75 92 28 28 46 74 96 90 41 48 55 60 50 58 43 87 81 32 6 7 15 53 73 43 35 59 16 31 29 50 27 76 74 39 28 89 26 53 12 68 13 45 28 99 92 87 71 86 46 4 76 86 34 87 33 92 35 84 76 58 24 36 0 48 94 99 21 33 73 14 77 81 12 29 30 72 16 85 29 63 
74 83 13 60 86 17 47 46 81 90 55 12 77 16 65 12 68 89 64 45 64 29 26 62 24 35 58 67 94 62 44 36 100 11 43 44 77 92 84 94 43 100 77 81 4 70 71 55 17 82 14 56 11 36 77 66 84 9 19 82 30 55 48 0 50 9 40 8 67 73 100 7 70 67 29 28 4 84 28 49 
14 13 17 21 35 76 38 80 17 16 96 79 49 33 34 36 46 19 81 85 79 36 83 36 86 27 1 16 84 14 100 35 29 23 56 91 70 17 5 84 88 80 26 86 55 15 20 43 59 1 10 55 50 92 49 27 83 5 32 6 9 57 94 50 0 82 48 81 6 62 57 86 25 37 16 49 4 52 29 18 
84 21 80 79 52 50 84 46 90 54 4 9 62 27 28 27 37 56 11 51 43 95 61 80 97 26 67 20 69 30 45 77 11 52 61 73 8 47 62 60 93 38 60 61 91 33 86 80 77 63 57 61 35 4 80 89 1 38 55 9 71 96 99 9 82 0 53 37 57 60 3 81 11 9 51 29 38 30 33 73 
20 48 18 66 1 80 3 27 29 43 68 75 7 24 97 13 95 77 15 38 76 14 63 79 61 99 83 59 3 32 86 55 29 42 12 81 49 52 43 58 10 17 45 31 55 79 95 76 92 58 14 69 97 11 52 56 74 39 79 43 33 66 21 40 48 53 0 57 33 54 57 66 11 70 74 49 94 11 16 94 
61 21 30 24 46 72 1 92 67 35 97 54 37 31 39 90 78 71 28 80 36 30 58 72 47 36 13 74 20 51 40 80 84 78 96 41 23 55 27 72 43 42 7 62 68 64 70 89 47 44 72 65 6 26 44 92 60 9 44 11 90 29 33 8 81 37 57 0 66 19 22 36 71 58 92 82 12 25 93 21 
18 7 35 92 3 12 40 28 46 34 12 55 22 12 56 42 57 36 34 61 70 67 78 89 73 82 61 9 2 11 57 47 6 52 11 8 38 49 44 58 7 34 23 44 47 72 95 84 60 61 66 69 41 66 19 36 17 51 5 84 56 26 73 67 6 57 33 66 0 75 73 10 56 57 82 65 90 87 21 55 
42 30 46 57 69 41 64 74 81 84 27 40 48 95 97 17 6 23 1 63 77 93 35 74 92 77 72 72 30 90 100 14 28 27 44 14 49 63 60 1 39 65 47 48 58 51 53 50 93 18 9 34 9 60 87 40 73 43 57 6 44 7 14 73 62 60 54 19 75 0 49 90 28 49 35 90 64 29 8 34 
80 76 19 97 16 100 99 74 21 36 11 10 90 31 23 85 84 6 49 60 24 51 27 91 70 79 17 67 21 36 25 45 62 38 94 65 47 94 24 21 54 2 63 51 97 10 74 96 43 37 85 88 74 12 36 68 51 17 87 97 74 7 77 100 57 3 57 22 73 49 0 50 43 4 8 86 86 19 10 30 
43 40 17 79 27 49 48 26 26 22 10 34 6 44 52 23 49 64 66 71 60 74 7 58 85 13 65 73 44 8 28 71 33 57 52 76 76 50 47 78 39 33 51 13 40 7 56 79 90 55 35 35 57 62 74 36 82 85 96 9 88 34 81 7 86 81 66 36 10 90 50 0 91 36 2 52 92 59 85 56 
75 34 57 87 70 39 34 10 9 46 3 44 13 69 89 21 48 17 3 35 40 94 36 31 2 92 48 52 51 38 84 11 15 76 48 45 43 13 65 38 94 69 25 5 20 53 96 88 33 59 45 43 78 65 97 71 51 26 93 59 75 92 12 70 25 11 11 71 56 28 43 91 0 100 71 76 6 72 17 33 
21 78 25 61 35 63 4 72 38 13 47 97 11 28 68 80 55 47 38 57 72 100 14 19 23 70 47 70 52 99 19 9 79 61 88 38 89 9 30 80 18 29 83 4 95 10 39 77 71 69 39 24 8 4 13 19 91 51 48 72 42 41 29 67 37 9 70 58 57 49 4 36 100 0 20 51 75 36 79 82 
53 24 17 46 92 24 92 2 64 24 98 11 52 17 100 13 12 8 44 84 69 5 33 57 20 56 47 37 100 33 66 27 66 44 52 14 33 88 40 68 10 12 65 30 35 44 82 95 36 26 94 69 97 23 39 79 89 38 52 79 45 98 30 29 16 51 74 92 82 35 8 2 71 20 0 69 29 24 73 88 
82 25 41 75 26 21 27 64 52 8 50 66 47 45 49 72 22 31 12 97 41 54 91 22 4 54 69 99 39 32 69 6 10 93 4 84 22 98 13 56 45 51 38 93 3 14 17 82 14 95 65 87 64 91 57 89 42 52 82 90 56 16 72 28 49 29 49 82 65 90 86 52 76 51 69 0 9 10 58 71 
3 33 76 96 32 83 66 26 75 47 82 25 4 62 57 80 78 66 5 50 29 88 75 73 49 33 65 54 54 96 79 100 71 98 94 86 95 8 37 15 48 5 18 11 1 74 43 25 95 34 64 63 2 61 76 6 26 62 86 27 99 71 16 4 4 38 94 12 90 64 86 92 6 75 29 9 0 91 1 6 
33 35 45 13 37 52 33 56 89 14 81 73 45 5 97 4 36 87 92 9 62 59 52 62 45 91 9 65 67 30 22 79 26 93 70 83 60 70 99 78 61 29 58 46 86 70 96 66 1 20 40 14 20 100 53 66 28 54 12 57 53 7 85 84 52 30 11 25 87 29 19 59 72 36 24 10 91 0 44 52 
20 78 44 41 47 70 27 6 35 91 41 65 42 65 54 9 64 61 59 63 87 82 45 1 64 85 71 58 100 81 84 53 44 36 85 21 87 83 44 11 99 78 53 44 62 52 20 38 3 47 99 4 84 50 73 14 61 24 32 86 98 86 29 28 29 33 16 93 21 8 10 85 17 79 73 58 1 44 0 49 
75 58 56 34 7 17 67 57 57 18 31 11 51 45 50 22 20 56 37 33 86 68 40 41 5 85 60 10 17 13 70 87 98 34 86 2 51 18 49 80 53 21 66 83 13 15 56 47 41 37 84 78 88 9 79 54 13 64 80 83 9 55 63 49 18 73 94 21 55 34 30 56 33 82 88 71 6 52 49 0 
