90
0 435 466 989 462 263 349 561 873 648 364 738 981 247 177 684 291 358 556 53 167 902 146 475 649 508 138 620 361 121 797 206 555 614 194 368 229 895 928 101 542 643 190 874 241 366 557 532 724 112 584 242 366 729 716 14 589 205 634 301 677 782 506 583 747 700 302 975 946 581 428 839 224 617 712 464 335 620 347 410 83 282 651 448 11 719 462 951 923 447 
435 0 251 952 580 756 534 326 807 188 653 752 768 432 590 991 400 653 807 734 272 153 143 355 435 794 802 797 512 615 747 786 61 997 737 992 104 623 670 911 810 322 662 577 753 604 920 152 608 78 238 880 230 380 586 16 525 739 812 388 354 910 174 766 258 262 758 362 236 427 272 45 100 285 974 204 240 245 707 848 322 944 727 903 676 664 919 552 402 82 
466 251 0 940 755 344 465 873 601 78 982 314 314 408 585 710 859 222 35 414 461 279 120 660 952 416 738 207 443 401 477 994 803 558 933 909 253 749 781 854 827 762 167 140 521 104 201 731 677 236 144 489 866 616 149 170 31 238 376 473 639 204 466 793 113 751 701 366 851 834 571 677 947 737 168 468 192 369 198 868 956 694 357 173 309 857 342 339 94 69 
989 952 940 0 163 84 272 980 876 385 82 929 102 933 762 672 609 708 760 129 527 952 849 77 171 804 122 879 976 430 735 670 120 181 90 634 264 362 613 492 98 695 420 199 979 533 222 939 592 981 67 471 284 915 547 807 70 668 685 398 449 772 419 568 952 508 201 567 869 165 410 318 211 829 868 189 713 89 128 305 422 546 775 57 813 673 863 234 692 900 
462 580 755 163 0 983 492 671 401 59 974 909 611 892 129 127 302 447 338 130 666 878 195 107 357 851 528 903 977 936 67 649 799 300 692 698 283 183 720 683 593 693 943 555 584 72 681 237 870 370 719 887 248 913 993 604 763 872 858 739 808 924 739 958 224 430 7 858 964 726 892 908 770 835 462 353 258 494 942 127 864 660 365 111 572 358 66 334 581 924 
263 756 344 84 983 0 424 388 847 162 697 422 943 703 279 906 428 171 813 197 357 626 902 614 119 843 92 982 502 456 444 425 165 510 758 746 433 181 485 631 694 182 53 636 884 683 541 664 205 705 212 561 330 113 526 800 307 617 134 160 73 577 584 237 438 693 334 222 225 819 853 918 1000 257 905 235 291 797 250 496 501 462 408 182 926 934 982 585 902 467 
349 534 465 272 492 424 0 744 326 43 680 915 481 724 248 702 949 66 906 218 417 514 123 4 805 271 253 652 772 714 411 305 992 344 638 576 598 104 671 275 499 350 189 979 426 789 32 374 206 938 943 623 803 417 978 607 688 230 258 811 296 669 115 639 364 105 214 313 208 236 588 706 938 128 36 363 916 420 88 122 357 30 96 511 799 425 118 486 654 727 
561 326 873 980 671 388 744 0 648 301 747 114 939 463 218 504 775 778 740 714 835 677 842 871 391 109 290 478 582 998 507 677 508 657 101 977 494 107 56 141 407 802 255 698 616 824 553 743 953 292 456 788 320 649 10 710 758 651 539 339 1000 46 368 859 54 820 836 548 926 891 688 685 44 294 734 660 470 286 402 422 930 209 209 601 858 570 663 615 220 201 
873 807 601 876 401 847 326 648 0 305 219 598 672 78 652 492 265 199 769 507 238 453 550 884 538 561 353 824 962 126 753 171 335 705 380 256 367 346 476 568 650 46 165 674 123 168 517 387 718 285 893 956 90 795 191 627 355 895 802 669 20 906 191 706 611 570 962 977 915 437 544 916 482 61 941 957 580 809 695 298 446 588 605 535 734 795 513 88 689 315 
648 188 78 385 59 162 43 301 305 0 756 708 220 946 414 182 867 375 159 781 163 54 49 996 114 341 952 694 150 647 343 595 586 947 481 319 741 345 406 429 11 514 488 583 459 901 764 326 627 922 458 789 976 858 785 441 551 88 486 700 734 828 646 319 774 478 989 514 822 395 294 833 908 782 767 718 34 530 395 13 452 853 153 779 62 289 219 612 377 57 
364 653 982 82 974 697 680 747 219 756 0 663 462 884 308 133 10 137 121 523 959 867 169 143 126 302 909 844 687 790 238 699 241 442 852 371 856 140 942 467 868 998 482 330 881 141 462 242 278 934 765 588 801 285 82 926 938 342 121 624 131 711 675 724 152 526 94 359 17 35 178 885 384 659 214 617 799 27 858 76 960 974 15 760 258 96 38 547 437 158 
738 752 314 929 909 422 915 114 598 708 663 0 171 920 868 845 643 372 722 88 730 738 475 907 974 858 917 539 474 716 917 684 143 877 657 158 988 267 253 25 813 42 535 335 961 402 531 955 125 252 42 207 342 516 465 667 726 382 206 199 97 122 234 239 350 891 748 338 509 353 714 321 394 600 8 706 354 538 660 478 142 53 684 835 569 501 501 294 882 58 
981 768 314 102 611 943 481 939 672 220 462 171 0 844 978 532 78 568 881 320 316 570 828 668 636 500 413 235 507 118 588 397 129 418 890 181 453 724 101 953 576 746 834 634 942 163 517 371 731 397 690 398 319 869 65 306 720 477 540 227 946 480 975 426 249 864 958 701 939 411 6 514 156 191 499 449 354 15 819 436 764 860 833 434 80 249 739 800 77 630 
247 432 408 933 892 703 724 463 78 946 884 920 844 0 378 22 461 352 799 709 567 108 762 505 518 119 370 26 309 869 474 14 235 645 449 350 856 281 783 936 529 521 87 605 503 464 978 963 167 128 24 85 236 137 589 753 255 310 130 915 178 956 929 765 600 729 114 455 362 897 742 242 769 828 199 271 643 528 586 809 656 961 893 891 97 833 995 703 143 477 
177 590 585 762 129 279 248 218 652 414 308 868 978 378 0 617 672 432 897 436 31 626 902 837 339 150 931 580 918 758 778 541 401 306 478 561 961 438 454 203 886 638 549 940 780 25 556 804 808 805 591 838 782 492 27 120 641 957 699 911 66 477 803 818 134 280 379 446 69 184 648 954 821 548 893 953 925 800 756 732 956 346 922 89 190 948 208 182 256 259 
684 991 710 672 127 906 702 504 492 182 133 845 532 22 617 0 92 321 87 894 491 220 525 869 665 945 52 664 250 872 563 494 824 487 646 931 571 601 277 492 690 818 791 249 999 398 507 91 70 593 336 560 164 213 428 828 157 831 843 407 55 406 900 230 244 545 161 814 498 789 657 187 606 799 787 604 196 294 46 618 886 734 177 50 946 957 229 102 787 424 
291 400 859 609 302 428 949 775 265 867 10 643 78 461 672 92 0 860 841 829 760 71 424 656 583 590 153 371 246 691 976 397 478 931 944 123 977 561 8 710 738 409 7 694 990 108 832 413 320 673 593 431 95 16 86 677 605 591 399 203 281 374 599 110 656 542 232 632 103 592 693 192 352 699 237 693 159 68 105 478 92 49 908 538 417 345 214 21 935 612 
358 653 222 708 447 171 66 778 199 375 137 372 568 352 432 321 860 0 575 568 337 525 29 993 67 261 976 521 204 21 64 555 719 300 248 229 719 704 706 811 753 965 348 169 310 914 541 596 877 116 163 566 992 544 558 58 804 885 930 359 905 345 913 624 644 512 204 363 216 910 525 320 226 872 840 535 137 732 483 14 199 997 579 191 540 488 600 695 372 530 
556 807 35 760 338 813 906 740 769 159 121 722 881 799 897 87 841 575 0 53 629 874 966 604 870 829 807 584 396 716 108 715 942 979 906 828 468 638 662 481 836 659 411 26 198 898 626 893 269 507 945 249 732 262 852 601 91 659 184 486 374 643 553 667 974 810 847 441 447 508 921 635 518 331 660 716 580 637 960 200 495 256 449 227 518 300 179 960 958 715 
53 734 414 129 130 197 218 714 507 781 523 88 320 709 436 894 829 568 53 0 797 684 357 701 702 330 511 900 770 309 408 42 943 925 724 955 992 303 591 951 503 86 207 951 664 76 250 842 35 560 556 183 243 265 884 944 594 746 196 364 54 603 757 349 879 481 303 223 783 245 525 637 682 731 587 345 158 189 539 544 100 446 727 342 710 962 637 304 707 832 
167 272 461 527 666 357 417 835 238 163 959 730 316 567 31 491 760 337 629 797 0 19 112 786 127 460 17 607 114 239 742 359 763 378 40 846 317 737 3 857 275 899 956 72 625 649 782 938 637 437 996 469 807 459 606 933 919 622 892 32 212 633 742 327 362 782 172 30 870 526 238 144 776 545 567 400 193 348 689 830 136 684 650 942 143 255 227 413 229 118 
902 153 279 952 878 626 514 677 453 54 867 738 570 108 626 220 71 525 874 684 19 0 796 792 102 538 118 815 671 641 197 540 519 434 683 294 979 249 46 523 949 734 352 84 770 1 378 264 608 604 28 188 73 823 979 526 360 97 340 30 89 536 921 607 322 603 901 652 204 946 174 504 31 878 939 800 230 316 415 837 271 442 376 343 265 355 868 976 803 560 
146 143 120 849 195 902 123 842 550 49 169 475 828 762 902 525 424 29 966 357 112 796 0 358 891 447 278 498 120 233 398 771 788 695 945 291 725 822 581 525 51 249 291 240 519 733 615 214 997 321 433 972 123 344 681 14 791 959 511 910 191 260 33 978 954 977 620 30 150 200 906 552 448 197 143 319 929 758 884 277 78 316 600 553 660 281 566 802 239 428 
475 355 660 77 107 614 4 871 884 996 143 907 668 505 837 869 656 993 604 701 786 792 358 0 63 781 39 95 110 344 423 729 373 924 280 631 828 80 827 970 398 755 79 281 383 509 948 982 61 959 262 978 760 852 757 175 632 795 269 741 490 44 821 862 967 453 844 794 532 670 116 281 776 194 913 158 702 860 140 762 171 753 91 930 957 847 456 588 641 77 
649 435 952 171 357 119 805 391 538 114 126 974 636 518 339 665 583 67 870 702 127 102 891 63 0 681 130 120 853 344 438 305 187 584 836 209 699 468 984 892 380 494 946 240 985 59 410 89 150 691 45 996 147 985 989 575 17 118 694 869 813 483 174 352 66 361 912 116 829 247 8 560 740 305 151 76 363 560 165 512 603 209 508 101 193 496 675 209 965 720 
508 794 416 804 851 843 271 109 561 341 302 858 500 119 150 945 590 261 829 330 460 538 447 781 681 0 430 130 202 955 833 620 667 744 735 847 990 94 407 730 398 557 157 761 469 321 624 423 530 131 523 74 978 549 635 295 620 64 424 821 370 256 792 36 999 527 883 340 972 289 69 370 197 226 482 665 898 105 87 779 588 961 205 917 509 839 211 128 254 986 
138 802 738 122 528 92 253 290 353 952 909 917 413 370 931 52 153 976 807 511 17 118 278 39 130 430 0 301 623 593 92 10 943 970 892 283 942 532 703 311 729 280 144 745 178 600 832 308 539 792 512 456 653 350 18 132 955 356 432 929 948 876 939 243 845 182 525 786 714 227 448 794 859 591 538 388 191 369 695 81 513 207 536 517 908 906 648 863 613 80 
620 797 207 879 903 982 652 478 824 694 844 539 235 26 580 664 371 521 584 900 607 815 498 95 120 130 301 0 143 912 307 433 154 151 615 30 937 680 609 384 473 467 327 10 854 517 731 548 597 595 106 485 111 14 742 110 228 706 541 370 617 847 803 123 998 769 152 286 448 760 669 920 578 995 281 431 863 363 331 812 309 436 648 419 449 389 529 28 446 421 
361 512 443 976 977 502 772 582 962 150 687 474 507 309 918 250 246 204 396 770 114 671 120 110 853 202 623 143 0 398 62 268 552 184 265 672 688 550 119 447 570 390 25 917 22 807 779 737 137 590 45 573 589 816 373 329 696 401 774 116 150 836 383 53 371 999 724 58 900 194 857 470 583 881 386 956 39 516 692 176 458 737 100 46 552 824 375 247 224 500 
121 615 401 430 936 456 714 998 126 647 790 716 118 869 758 872 691 21 716 309 239 641 233 344 344 955 593 912 398 0 714 725 687 97 777 58 95 500 467 347 45 323 816 979 555 553 935 594 420 978 121 877 66 220 275 617 43 1 215 619 500 929 343 187 377 472 596 823 323 62 169 368 737 336 346 291 888 632 236 660 610 356 888 675 927 162 644 322 514 210 
797 747 477 735 67 444 411 507 753 343 238 917 588 474 778 563 976 64 108 408 742 197 398 423 438 833 92 307 62 714 0 292 14 138 986 552 866 457 147 689 780 560 857 147 296 193 844 939 432 476 174 91 85 882 979 111 160 492 754 481 6 964 772 371 453 758 922 319 566 420 359 345 331 215 843 627 759 39 917 191 514 442 633 950 323 963 60 483 455 166 
206 786 994 670 649 425 305 677 171 595 699 684 397 14 541 494 397 555 715 42 359 540 771 729 305 620 10 433 268 725 292 0 315 812 129 439 182 933 548 455 603 113 874 961 810 204 528 4 182 638 42 450 180 907 892 813 856 566 775 268 400 581 433 715 392 913 505 573 845 52 379 448 516 252 760 325 808 287 681 341 277 74 791 456 981 34 268 188 599 395 
555 61 803 120 799 165 992 508 335 586 241 143 129 235 401 824 478 719 942 943 763 519 788 373 187 667 943 154 552 687 14 315 0 455 999 975 887 65 719 799 569 643 996 972 22 795 487 625 554 164 432 193 844 125 469 917 267 924 249 300 544 437 250 290 891 600 264 130 664 334 280 584 977 627 555 998 421 394 622 975 557 406 519 752 882 339 20 148 262 269 
614 997 558 181 300 510 344 657 705 947 442 877 418 645 306 487 931 300 979 925 378 434 695 924 584 744 970 151 184 97 138 812 455 0 799 157 705 48 446 947 648 62 428 663 395 708 599 723 334 153 720 755 898 694 81 454 451 951 557 684 289 577 183 902 197 981 59 901 380 504 199 379 565 627 42 312 334 640 34 19 144 106 125 42 151 557 847 601 507 756 
194 737 933 90 692 758 638 101 380 481 852 657 890 449 478 646 944 248 906 724 40 683 945 280 836 735 892 615 265 777 986 129 999 799 0 636 147 332 818 49 528 798 459 780 529 962 330 908 879 956 949 190 641 940 575 12 435 680 136 828 830 45 27 782 903 782 417 50 465 234 450 344 383 908 123 912 221 452 819 451 760 119 992 400 410 567 763 196 246 899 
368 992 909 634 698 746 576 977 256 319 371 158 181 350 561 931 123 229 828 955 846 294 291 631 209 847 283 30 672 58 552 439 975 157 636 0 24 428 295 50 209 197 183 978 598 647 563 47 990 298 306 464 209 879 267 379 329 26 849 321 778 610 887 540 805 484 790 180 911 84 581 472 633 763 449 230 761 363 277 102 660 934 565 220 812 832 598 141 209 798 
229 104 253 264 283 433 598 494 367 741 856 988 453 856 961 571 977 719 468 992 317 979 725 828 699 990 942 937 688 95 866 182 887 705 147 24 0 461 338 759 699 878 564 182 19 95 445 455 28 916 87 142 716 316 903 430 944 4 90 878 921 309 41 752 259 181 312 56 993 650 815 43 879 730 225 897 176 21 351 203 288 789 345 355 105 599 784 400 602 873 
895 623 749 362 183 181 104 107 346 345 140 267 724 281 438 601 561 704 638 303 737 249 822 80 468 94 532 680 550 500 457 933 65 48 332 428 461 0 277 874 182 670 625 792 850 289 847 195 938 13 237 816 94 813 64 270 833 767 824 120 555 520 474 11 118 258 411 72 482 39 945 15 708 922 806 910 210 5 104 147 17 340 314 463 153 377 84 337 495 907 
928 670 781 613 720 485 671 56 476 406 942 253 101 783 454 277 8 706 662 591 3 46 581 827 984 407 703 609 119 467 147 548 719 446 818 295 338 277 0 457 50 427 282 412 896 891 822 967 373 213 912 387 920 185 545 829 394 549 284 892 917 624 557 379 128 285 462 816 780 721 624 181 499 906 592 394 148 414 361 872 626 624 259 897 160 155 78 553 703 361 
101 911 854 492 683 631 275 141 568 429 467 25 953 936 203 492 710 811 481 951 857 523 525 970 892 730 311 384 447 347 689 455 799 947 49 50 759 874 457 0 796 619 336 352 350 815 988 811 631 767 883 254 947 381 511 539 775 659 304 487 530 281 462 140 177 621 294 254 525 348 967 672 967 302 23 316 117 362 478 747 129 713 352 75 93 863 965 219 521 268 
542 810 827 98 593 694 499 407 650 11 868 813 576 529 886 690 738 753 836 503 275 949 51 398 380 398 729 473 570 45 780 603 569 648 528 209 699 182 50 796 0 57 402 548 518 542 77 138 187 682 14 535 648 685 853 950 59 168 418 421 997 516 549 61 867 975 506 729 292 724 601 911 781 3 811 650 896 887 140 82 568 153 616 568 838 468 517 248 987 934 
643 322 762 695 693 182 350 802 46 514 998 42 746 521 638 818 409 965 659 86 899 734 249 755 494 557 280 467 390 323 560 113 643 62 798 197 878 670 427 619 57 0 668 336 449 568 396 667 895 901 396 538 977 348 448 109 350 610 758 597 848 897 679 768 50 646 335 239 466 851 486 804 136 506 139 936 425 887 954 319 139 701 208 467 49 656 575 750 617 333 
190 662 167 420 943 53 189 255 165 488 482 535 834 87 549 791 7 348 411 207 956 352 291 79 946 157 144 327 25 816 857 874 996 428 459 183 564 625 282 336 402 668 0 347 465 581 377 232 982 22 566 220 839 768 58 643 255 915 133 542 339 19 495 10 510 196 569 976 244 576 903 345 193 587 691 657 167 419 888 149 441 805 720 279 924 129 273 178 395 406 
874 577 140 199 555 636 979 698 674 583 330 335 634 605 940 249 694 169 26 951 72 84 240 281 240 761 745 10 917 979 147 961 972 663 780 978 182 792 412 352 548 336 347 0 71 734 424 565 95 285 112 663 613 707 239 515 52 783 101 94 439 619 513 678 767 305 834 839 583 757 319 208 934 714 613 4 799 388 920 245 673 32 907 285 90 497 151 141 279 251 
241 753 521 979 584 884 426 616 123 459 881 961 942 503 780 999 990 310 198 664 625 770 519 383 985 469 178 854 22 555 296 810 22 395 529 598 19 850 896 350 518 449 465 71 0 235 69 869 99 98 988 403 931 178 337 687 496 544 972 209 156 327 7 544 247 251 216 630 510 852 719 358 2 212 989 604 798 409 472 896 507 811 298 437 988 634 476 484 178 447 
366 604 104 533 72 683 789 824 168 901 141 402 163 464 25 398 108 914 898 76 649 1 733 509 59 321 600 517 807 553 193 204 795 708 962 647 95 289 891 815 542 568 581 734 235 0 44 685 126 51 228 724 653 795 353 514 998 423 224 999 986 564 602 783 972 426 678 478 588 975 267 576 961 94 59 490 540 454 174 17 856 402 740 861 548 444 374 546 867 949 
557 920 201 222 681 541 32 553 517 764 462 531 517 978 556 507 832 541 626 250 782 378 615 948 410 624 832 731 779 935 844 528 487 599 330 563 445 847 822 988 77 396 377 424 69 44 0 896 852 512 850 635 484 275 664 313 862 991 931 789 951 24 199 440 916 653 613 932 508 366 672 368 266 115 94 811 333 42 706 537 906 555 523 741 181 186 53 395 176 336 
532 152 731 939 237 664 374 743 387 326 242 955 371 963 804 91 413 596 893 842 938 264 214 982 89 423 308 548 737 594 939 4 625 723 908 47 455 195 967 811 138 667 232 565 869 685 896 0 535 478 359 734 917 274 386 882 558 245 599 229 613 864 695 58 26 380 451 732 268 356 638 790 96 171 327 501 917 855 836 451 332 546 184 601 820 921 834 377 166 432 
724 608 677 592 870 205 206 953 718 627 278 125 731 167 808 70 320 877 269 35 637 608 997 61 150 530 539 597 137 420 432 182 554 334 879 990 28 938 373 631 187 895 982 95 99 126 852 535 0 957 130 648 3 187 673 382 637 404 649 345 394 790 440 916 469 292 832 323 127 634 6 673 818 958 844 90 791 572 255 575 880 736 222 234 274 894 968 263 650 968 
112 78 236 981 370 705 938 292 285 922 934 252 397 128 805 593 673 116 507 560 437 604 321 959 691 131 792 595 590 978 476 638 164 153 956 298 916 13 213 767 682 901 22 285 98 51 512 478 957 0 607 395 758 398 310 578 42 493 900 168 126 257 192 295 567 387 385 709 310 991 283 541 727 856 775 352 102 742 614 751 709 572 497 818 970 158 395 11 650 646 
584 238 144 67 719 212 943 456 893 458 765 42 690 24 591 336 593 163 945 556 996 28 433 262 45 523 512 106 45 121 174 42 432 720 949 306 87 237 912 883 14 396 566 112 988 228 850 359 130 607 0 530 127 903 74 422 821 812 158 529 122 148 164 14 226 19 788 578 120 529 543 222 590 115 718 407 436 875 154 798 876 799 327 3 53 752 776 873 916 933 
242 880 489 471 887 561 623 788 956 789 588 207 398 85 838 560 431 566 249 183 469 188 972 978 996 74 456 485 573 877 91 450 193 755 190 464 142 816 387 254 535 538 220 663 403 724 635 734 648 395 530 0 402 37 80 565 402 658 583 190 587 55 70 129 276 659 595 994 418 30 220 571 827 96 369 506 450 422 609 225 646 524 157 47 912 588 963 314 245 546 
366 230 866 284 248 330 803 320 90 976 801 342 319 236 782 164 95 992 732 243 807 73 123 760 147 978 653 111 589 66 85 180 844 898 641 209 716 94 920 947 648 977 839 613 931 653 484 917 3 758 127 402 0 503 183 952 924 664 227 935 258 572 352 288 144 922 466 239 642 971 688 415 932 912 61 455 420 459 367 7 422 680 604 967 534 786 270 809 449 496 
729 380 616 915 913 113 417 649 795 858 285 516 869 137 492 213 16 544 262 265 459 823 344 852 985 549 350 14 816 220 882 907 125 694 940 879 316 813 185 381 685 348 768 707 178 795 275 274 187 398 903 37 503 0 743 59 420 94 346 563 367 163 153 361 486 192 775 417 455 187 871 874 646 589 232 67 620 835 385 505 973 654 314 773 501 56 831 272 150 528 
716 586 149 547 993 526 978 10 191 785 82 465 65 589 27 428 86 558 852 884 606 979 681 757 989 635 18 742 373 275 979 892 469 81 575 267 903 64 545 511 853 448 58 239 337 353 664 386 673 310 74 80 183 743 0 834 868 691 338 228 176 881 355 592 335 541 814 208 186 403 440 252 374 626 988 879 598 641 192 371 494 247 201 765 748 729 951 968 771 288 
14 16 170 807 604 800 607 710 627 441 926 667 306 753 120 828 677 58 601 944 933 526 14 175 575 295 132 110 329 617 111 813 917 454 12 379 430 270 829 539 950 109 643 515 687 514 313 882 382 578 422 565 952 59 834 0 195 946 169 549 889 855 442 702 63 627 456 854 231 182 479 570 60 429 211 603 799 56 201 351 820 949 431 770 916 201 410 462 146 930 
589 525 31 70 763 307 688 758 355 551 938 726 720 255 641 157 605 804 91 594 919 360 791 632 17 620 955 228 696 43 160 856 267 451 435 329 944 833 394 775 59 350 255 52 496 998 862 558 637 42 821 402 924 420 868 195 0 363 386 784 804 440 198 782 247 51 364 428 882 934 839 310 496 441 460 551 642 162 370 942 593 140 209 145 901 670 643 830 384 28 
205 739 238 668 872 617 230 651 895 88 342 382 477 310 957 831 591 885 659 746 622 97 959 795 118 64 356 706 401 1 492 566 924 951 680 26 4 767 549 659 168 610 915 783 544 423 991 245 404 493 812 658 664 94 691 946 363 0 613 187 819 811 969 66 213 684 493 94 617 332 755 112 124 566 662 765 728 384 706 672 875 266 168 775 936 810 604 671 190 216 
634 812 376 685 858 134 258 539 802 486 121 206 540 130 699 843 399 930 184 196 892 340 511 269 694 424 432 541 774 215 754 775 249 557 136 849 90 824 284 304 418 758 133 101 972 224 931 599 649 900 158 583 227 346 338 169 386 613 0 858 8 378 178 73 591 861 918 36 478 601 791 941 724 708 955 841 787 338 898 810 212 164 978 986 451 787 941 121 328 508 
301 388 473 398 739 160 811 339 669 700 624 199 227 915 911 407 203 359 486 364 32 30 910 741 869 821 929 370 116 619 481 268 300 684 828 321 878 120 892 487 421 597 542 94 209 999 789 229 345 168 529 190 935 563 228 549 784 187 858 0 330 336 886 507 760 828 720 677 863 549 277 653 489 353 713 795 193 499 132 442 309 695 605 286 32 407 424 972 528 752 
677 354 639 449 808 73 296 1000 20 734 131 97 946 178 66 55 281 905 374 54 212 89 191 490 813 370 948 617 150 500 6 400 544 289 830 778 921 555 917 530 997 848 339 439 156 986 951 613 394 126 122 587 258 367 176 889 804 819 8 330 0 832 857 439 717 716 198 544 435 875 758 983 503 411 823 207 475 618 751 973 749 193 633 796 149 270 827 556 694 799 
782 910 204 772 924 577 669 46 906 828 711 122 480 956 477 406 374 345 643 603 633 536 260 44 483 256 876 847 836 929 964 581 437 577 45 610 309 520 624 281 516 897 19 619 327 564 24 864 790 257 148 55 572 163 881 855 440 811 378 336 832 0 83 797 630 291 235 698 6 432 593 440 658 350 774 513 112 597 719 586 214 470 911 314 14 543 109 162 813 936 
506 174 466 419 739 584 115 368 191 646 675 234 975 929 803 900 599 913 553 757 742 921 33 821 174 792 939 803 383 343 772 433 250 183 27 887 41 474 557 462 549 679 495 513 7 602 199 695 440 192 164 70 352 153 355 442 198 969 178 886 857 83 0 717 858 86 799 654 67 442 240 116 447 23 708 239 33 409 12 545 873 960 615 458 173 84 720 839 449 263 
583 766 793 568 958 237 639 859 706 319 724 239 426 765 818 230 110 624 667 349 327 607 978 862 352 36 243 123 53 187 371 715 290 902 782 540 752 11 379 140 61 768 10 678 544 783 440 58 916 295 14 129 288 361 592 702 782 66 73 507 439 797 717 0 947 611 427 234 327 284 671 478 289 737 919 880 204 717 902 263 955 934 672 319 830 896 278 445 705 803 
747 258 113 952 224 438 364 54 611 774 152 350 249 600 134 244 656 644 974 879 362 322 954 967 66 999 845 998 371 377 453 392 891 197 903 805 259 118 128 177 867 50 510 767 247 972 916 26 469 567 226 276 144 486 335 63 247 213 591 760 717 630 858 947 0 880 425 641 329 39 939 939 465 525 617 748 195 94 388 284 364 267 487 81 520 750 35 454 773 705 
700 262 751 508 430 693 105 820 570 478 526 891 864 729 280 545 542 512 810 481 782 603 977 453 361 527 182 769 999 472 758 913 600 981 782 484 181 258 285 621 975 646 196 305 251 426 653 380 292 387 19 659 922 192 541 627 51 684 861 828 716 291 86 611 880 0 635 668 983 79 372 785 311 148 425 639 186 715 929 650 239 545 749 434 991 488 69 354 754 555 
302 758 701 201 7 334 214 836 962 989 94 748 958 114 379 161 232 204 847 303 172 901 620 844 912 883 525 152 724 596 922 505 264 59 417 790 312 411 462 294 506 335 569 834 216 678 613 451 832 385 788 595 466 775 814 456 364 493 918 720 198 235 799 427 425 635 0 434 274 656 821 79 780 525 713 799 859 144 523 643 454 670 419 444 856 134 372 857 724 268 
975 362 366 567 858 222 313 548 977 514 359 338 701 455 446 814 632 363 441 223 30 652 30 794 116 340 786 286 58 823 319 573 130 901 50 180 56 72 816 254 729 239 976 839 630 478 932 732 323 709 578 994 239 417 208 854 428 94 36 677 544 698 654 234 641 668 434 0 958 509 258 445 577 612 551 132 397 176 139 569 254 919 446 318 717 304 461 239 947 914 
946 236 851 869 964 225 208 926 915 822 17 509 939 362 69 498 103 216 447 783 870 204 150 532 829 972 714 448 900 323 566 845 664 380 465 911 993 482 780 525 292 466 244 583 510 588 508 268 127 310 120 418 642 455 186 231 882 617 478 863 435 6 67 327 329 983 274 958 0 261 717 709 468 202 80 324 926 348 633 434 957 430 11 920 980 494 317 155 984 237 
581 427 834 165 726 819 236 891 437 395 35 353 411 897 184 789 592 910 508 245 526 946 200 670 247 289 227 760 194 62 420 52 334 504 234 84 650 39 721 348 724 851 576 757 852 975 366 356 634 991 529 30 971 187 403 182 934 332 601 549 875 432 442 284 39 79 656 509 261 0 408 254 682 77 323 338 538 913 636 803 173 352 512 640 554 943 316 831 642 948 
428 272 571 410 892 853 588 688 544 294 178 714 6 742 648 657 693 525 921 525 238 174 906 116 8 69 448 669 857 169 359 379 280 199 450 581 815 945 624 967 601 486 903 319 719 267 672 638 6 283 543 220 688 871 440 479 839 755 791 277 758 593 240 671 939 372 821 258 717 408 0 616 599 377 978 518 708 471 186 862 807 423 621 60 456 698 382 793 235 295 
839 45 677 318 908 918 706 685 916 833 885 321 514 242 954 187 192 320 635 637 144 504 552 281 560 370 794 920 470 368 345 448 584 379 344 472 43 15 181 672 911 804 345 208 358 576 368 790 673 541 222 571 415 874 252 570 310 112 941 653 983 440 116 478 939 785 79 445 709 254 616 0 428 389 467 132 252 459 37 195 774 867 836 73 482 786 802 460 304 509 
224 100 947 211 770 1000 938 44 482 908 384 394 156 769 821 606 352 226 518 682 776 31 448 776 740 197 859 578 583 737 331 516 977 565 383 633 879 708 499 967 781 136 193 934 2 961 266 96 818 727 590 827 932 646 374 60 496 124 724 489 503 658 447 289 465 311 780 577 468 682 599 428 0 282 489 371 88 263 343 500 71 40 881 215 626 527 643 15 346 126 
617 285 737 829 835 257 128 294 61 782 659 600 191 828 548 799 699 872 331 731 545 878 197 194 305 226 591 995 881 336 215 252 627 627 908 763 730 922 906 302 3 506 587 714 212 94 115 171 958 856 115 96 912 589 626 429 441 566 708 353 411 350 23 737 525 148 525 612 202 77 377 389 282 0 618 156 162 812 929 28 1000 353 861 785 154 672 88 15 954 929 
712 974 168 868 462 905 36 734 941 767 214 8 499 199 893 787 237 840 660 587 567 939 143 913 151 482 538 281 386 346 843 760 555 42 123 449 225 806 592 23 811 139 691 613 989 59 94 327 844 775 718 369 61 232 988 211 460 662 955 713 823 774 708 919 617 425 713 551 80 323 978 467 489 618 0 385 393 543 727 244 965 119 477 180 744 3 822 110 700 299 
464 204 468 189 353 235 363 660 957 718 617 706 449 271 953 604 693 535 716 345 400 800 319 158 76 665 388 431 956 291 627 325 998 312 912 230 897 910 394 316 650 936 657 4 604 490 811 501 90 352 407 506 455 67 879 603 551 765 841 795 207 513 239 880 748 639 799 132 324 338 518 132 371 156 385 0 728 855 460 891 135 839 890 488 699 675 993 371 114 7 
335 240 192 713 258 291 916 470 580 34 799 354 354 643 925 196 159 137 580 158 193 230 929 702 363 898 191 863 39 888 759 808 421 334 221 761 176 210 148 117 896 425 167 799 798 540 333 917 791 102 436 450 420 620 598 799 642 728 787 193 475 112 33 204 195 186 859 397 926 538 708 252 88 162 393 728 0 676 394 743 420 289 822 664 253 940 140 432 683 494 
620 245 369 89 494 797 420 286 809 530 27 538 15 528 800 294 68 732 637 189 348 316 758 860 560 105 369 363 516 632 39 287 394 640 452 363 21 5 414 362 887 887 419 388 409 454 42 855 572 742 875 422 459 835 641 56 162 384 338 499 618 597 409 717 94 715 144 176 348 913 471 459 263 812 543 855 676 0 605 145 194 903 872 48 362 762 535 200 4 374 
347 707 198 128 942 250 88 402 695 395 858 660 819 586 756 46 105 483 960 539 689 415 884 140 165 87 695 331 692 236 917 681 622 34 819 277 351 104 361 478 140 954 888 920 472 174 706 836 255 614 154 609 367 385 192 201 370 706 898 132 751 719 12 902 388 929 523 139 633 636 186 37 343 929 727 460 394 605 0 251 30 366 621 495 725 648 889 467 67 529 
410 848 868 305 127 496 122 422 298 13 76 478 436 809 732 618 478 14 200 544 830 837 277 762 512 779 81 812 176 660 191 341 975 19 451 102 203 147 872 747 82 319 149 245 896 17 537 451 575 751 798 225 7 505 371 351 942 672 810 442 973 586 545 263 284 650 643 569 434 803 862 195 500 28 244 891 743 145 251 0 288 82 781 579 573 213 614 67 169 758 
83 322 956 422 864 501 357 930 446 452 960 142 764 656 956 886 92 199 495 100 136 271 78 171 603 588 513 309 458 610 514 277 557 144 760 660 288 17 626 129 568 139 441 673 507 856 906 332 880 709 876 646 422 973 494 820 593 875 212 309 749 214 873 955 364 239 454 254 957 173 807 774 71 1000 965 135 420 194 30 288 0 612 72 981 11 785 94 545 985 97 
282 944 694 546 660 462 30 209 588 853 974 53 860 961 346 734 49 997 256 446 684 442 316 753 209 961 207 436 737 356 442 74 406 106 119 934 789 340 624 713 153 701 805 32 811 402 555 546 736 572 799 524 680 654 247 949 140 266 164 695 193 470 960 934 267 545 670 919 430 352 423 867 40 353 119 839 289 903 366 82 612 0 918 235 478 636 207 973 360 854 
651 727 357 775 365 408 96 209 605 153 15 684 833 893 922 177 908 579 449 727 650 376 600 91 508 205 536 648 100 888 633 791 519 125 992 565 345 314 259 352 616 208 720 907 298 740 523 184 222 497 327 157 604 314 201 431 209 168 978 605 633 911 615 672 487 749 419 446 11 512 621 836 881 861 477 890 822 872 621 781 72 918 0 213 826 272 741 466 354 521 
448 903 173 57 111 182 511 601 535 779 760 835 434 891 89 50 538 191 227 342 942 343 553 930 101 917 517 419 46 675 950 456 752 42 400 220 355 463 897 75 568 467 279 285 437 861 741 601 234 818 3 47 967 773 765 770 145 775 986 286 796 314 458 319 81 434 444 318 920 640 60 73 215 785 180 488 664 48 495 579 981 235 213 0 44 926 85 657 344 606 
11 676 309 813 572 926 799 858 734 62 258 569 80 97 190 946 417 540 518 710 143 265 660 957 193 509 908 449 552 927 323 981 882 151 410 812 105 153 160 93 838 49 924 90 988 548 181 820 274 970 53 912 534 501 748 916 901 936 451 32 149 14 173 830 520 991 856 717 980 554 456 482 626 154 744 699 253 362 725 573 11 478 826 44 0 766 955 677 746 966 
719 664 857 673 358 934 425 570 795 289 96 501 249 833 948 957 345 488 300 962 255 355 281 847 496 839 906 389 824 162 963 34 339 557 567 832 599 377 155 863 468 656 129 497 634 444 186 921 894 158 752 588 786 56 729 201 670 810 787 407 270 543 84 896 750 488 134 304 494 943 698 786 527 672 3 675 940 762 648 213 785 636 272 926 766 0 461 840 862 797 
462 919 342 863 66 982 118 663 513 219 38 501 739 995 208 229 214 600 179 637 227 868 566 456 675 211 648 529 375 644 60 268 20 847 763 598 784 84 78 965 517 575 273 151 476 374 53 834 968 395 776 963 270 831 951 410 643 604 941 424 827 109 720 278 35 69 372 461 317 316 382 802 643 88 822 993 140 535 889 614 94 207 741 85 955 461 0 288 780 31 
951 552 339 234 334 585 486 615 88 612 547 294 800 703 182 102 21 695 960 304 413 976 802 588 209 128 863 28 247 322 483 188 148 601 196 141 400 337 553 219 248 750 178 141 484 546 395 377 263 11 873 314 809 272 968 462 830 671 121 972 556 162 839 445 454 354 857 239 155 831 793 460 15 15 110 371 432 200 467 67 545 973 466 657 677 840 288 0 766 415 
923 402 94 692 581 902 654 220 689 377 437 882 77 143 256 787 935 372 958 707 229 803 239 641 965 254 613 446 224 514 455 599 262 507 246 209 602 495 703 521 987 617 395 279 178 867 176 166 650 650 916 245 449 150 771 146 384 190 328 528 694 813 449 705 773 754 724 947 984 642 235 304 346 954 700 114 683 4 67 169 985 360 354 344 746 862 780 766 0 589 
447 82 69 900 924 467 727 201 315 57 158 58 630 477 259 424 612 530 715 832 118 560 428 77 720 986 80 421 500 210 166 395 269 756 899 798 873 907 361 268 934 333 406 251 447 949 336 432 968 646 933 546 496 528 288 930 28 216 508 752 799 936 263 803 705 555 268 914 237 948 295 509 126 929 299 7 494 374 529 758 97 854 521 606 966 797 31 415 589 0 
