70
0 88 2 20 44 21 95 73 65 71 13 89 9 13 67 28 85 39 57 69 57 99 50 46 68 29 22 33 94 25 40 45 13 41 16 56 13 63 80 30 85 93 18 93 57 36 73 41 74 29 62 82 79 11 79 47 39 53 79 85 77 70 29 89 62 97 45 27 59 76 
88 0 56 43 68 25 88 76 60 12 17 85 92 78 66 70 40 97 16 31 49 46 15 25 15 95 14 29 91 10 55 1 85 62 96 5 86 83 80 45 94 48 81 85 77 46 6 17 94 22 47 42 19 13 67 86 7 80 14 50 41 20 50 25 81 45 81 18 79 13 
2 56 0 14 24 60 94 60 37 91 66 5 85 39 51 26 57 15 92 42 21 23 7 70 63 26 72 40 58 68 72 75 47 84 88 22 96 33 82 84 24 99 88 8 37 90 33 45 4 77 39 76 99 45 46 14 23 69 53 32 36 76 59 34 60 46 56 55 79 89 
20 43 14 0 38 54 87 77 61 75 66 45 71 21 21 9 96 72 6 93 85 80 61 89 11 97 64 69 30 75 67 37 81 97 25 70 50 63 46 62 37 63 6 60 83 79 68 79 50 25 71 86 4 84 26 67 32 41 87 13 68 5 50 48 1 26 18 2 89 15 
44 68 24 38 0 15 77 30 73 36 12 51 4 42 52 80 65 89 84 48 66 2 79 6 88 43 73 93 92 73 45 18 42 99 6 8 13 82 37 85 18 49 87 73 42 90 52 6 78 87 53 43 88 83 1 28 26 25 20 69 97 64 86 38 14 43 46 27 77 34 
21 25 60 54 15 0 63 46 82 2 70 24 91 73 81 69 60 86 63 99 68 15 26 45 40 45 66 88 61 3 78 74 46 75 52 74 8 15 71 42 16 40 65 58 12 97 78 23 82 41 22 2 7 47 46 46 44 63 86 56 66 63 81 11 37 33 36 44 99 6 
95 88 94 87 77 63 0 85 66 45 1 23 8 98 1 31 31 93 52 32 99 50 30 97 45 92 82 100 57 44 81 19 80 65 54 75 63 11 12 28 7 12 2 15 61 2 45 44 94 48 75 45 97 4 41 94 48 22 93 56 17 25 75 48 89 80 22 3 91 33 
73 76 60 77 30 46 85 0 82 97 97 84 63 9 85 7 52 31 54 79 27 3 34 67 96 81 40 40 37 56 65 63 3 5 94 76 8 36 61 89 33 57 72 47 17 9 54 21 91 59 99 69 13 32 35 60 65 26 100 1 81 16 15 35 20 8 10 79 44 70 
65 60 37 61 73 82 66 82 0 68 28 78 91 74 95 51 79 15 93 90 13 61 2 96 47 62 60 72 13 12 4 28 26 38 99 86 48 78 81 69 97 8 47 39 33 93 42 12 7 86 53 71 99 54 66 45 67 78 69 79 89 72 58 67 10 57 4 9 86 84 
71 12 91 75 36 2 45 97 68 0 77 34 43 23 24 75 67 65 38 73 3 90 95 1 96 13 45 62 90 13 93 30 85 50 48 46 58 51 54 95 34 82 28 76 57 52 3 23 68 92 96 70 34 42 70 29 54 67 42 95 79 34 25 15 36 72 60 45 23 65 
13 17 66 66 12 70 1 97 28 77 0 40 8 47 67 36 3 70 90 25 38 33 72 59 66 14 29 46 19 95 88 14 25 73 90 40 60 13 51 5 35 16 44 95 14 62 82 16 84 71 92 73 3 64 31 21 29 11 66 99 5 5 12 82 30 53 21 89 66 23 
89 85 5 45 51 24 23 84 78 34 40 0 93 52 90 88 46 3 2 79 18 37 49 62 9 4 25 39 24 5 2 41 3 58 46 67 39 27 19 11 15 84 34 60 36 23 99 33 78 100 12 95 36 12 56 96 15 32 87 90 88 88 83 91 45 80 9 84 6 27 
9 92 85 71 4 91 8 63 91 43 8 93 0 46 20 63 31 31 50 54 30 82 31 81 45 77 69 57 85 64 23 68 2 65 56 89 47 46 86 26 54 21 31 32 66 2 94 97 33 43 2 14 77 84 94 73 60 14 29 96 30 4 64 31 20 19 20 66 16 5 
13 78 39 21 42 73 98 9 74 23 47 52 46 0 43 69 77 25 52 42 26 98 90 10 40 91 75 68 74 69 41 86 34 21 81 63 24 44 94 43 14 13 60 29 69 54 49 45 78 1 38 56 98 28 17 89 18 92 57 44 12 49 29 45 69 9 8 45 5 1 
67 66 51 21 52 81 1 85 95 24 67 90 20 43 0 39 18 65 51 47 85 4 95 81 34 47 18 41 44 45 57 33 15 100 41 58 11 41 38 8 9 98 15 5 2 67 44 72 83 46 70 19 49 16 99 34 63 16 74 6 13 31 90 79 30 82 36 93 22 73 
28 70 26 9 80 69 31 7 51 75 36 88 63 69 39 0 100 83 70 66 87 24 84 82 47 66 27 16 36 28 31 34 61 45 1 35 3 65 17 44 43 46 26 78 90 99 2 89 81 24 6 20 99 89 1 45 6 28 12 41 7 94 74 67 39 27 1 41 91 17 
85 40 57 96 65 60 31 52 79 67 3 46 31 77 18 100 0 84 34 15 61 63 56 60 17 97 92 40 2 11 90 43 64 86 48 91 97 41 49 90 66 15 80 92 68 72 83 36 8 68 2 68 30 58 79 98 54 23 89 7 33 78 49 96 63 49 38 11 41 86 
39 97 15 72 89 86 93 31 15 65 70 3 31 25 65 83 84 0 1 6 53 32 50 20 4 84 55 11 51 57 30 32 66 9 30 71 31 70 77 15 48 78 11 62 78 100 73 18 38 25 75 90 56 24 9 59 7 15 21 9 23 51 93 88 59 74 58 41 43 87 
57 16 92 6 84 63 52 54 93 38 90 2 50 52 51 70 34 1 0 55 90 16 17 4 93 69 76 62 6 100 36 95 7 12 55 18 70 69 38 79 44 40 23 31 98 96 41 90 38 27 97 80 42 13 83 86 81 58 47 86 9 34 32 67 97 38 84 67 7 74 
69 31 42 93 48 99 32 79 90 73 25 79 54 42 47 66 15 6 55 0 97 2 13 19 32 63 66 72 52 3 50 48 34 43 13 16 28 45 25 26 83 85 12 14 52 60 52 87 26 10 60 74 11 73 44 94 35 9 18 38 64 19 86 97 62 50 65 41 94 41 
57 49 21 85 66 68 99 27 13 3 38 18 30 26 85 87 61 53 90 97 0 19 28 26 82 42 29 41 45 15 67 6 27 92 68 99 36 13 85 96 30 22 59 49 59 8 62 8 72 2 54 12 72 81 89 53 74 69 94 70 36 12 75 62 3 94 12 90 7 96 
99 46 23 80 2 15 50 3 61 90 33 37 82 98 4 24 63 32 16 2 19 0 86 88 17 96 36 28 3 49 35 26 51 40 90 74 73 78 27 46 99 20 16 34 31 42 47 33 88 58 75 94 5 60 81 21 55 69 48 10 69 35 35 71 26 24 45 98 54 71 
50 15 7 61 79 26 30 34 2 95 72 49 31 90 95 84 56 50 17 13 28 86 0 44 52 90 11 37 72 4 83 4 91 92 30 36 96 89 69 68 96 89 68 5 57 54 91 28 79 15 72 29 68 94 24 71 83 34 7 54 89 41 9 32 32 39 67 79 79 87 
46 25 70 89 6 45 97 67 96 1 59 62 81 10 81 82 60 20 4 19 26 88 44 0 46 26 75 13 82 84 66 73 63 97 87 86 25 6 79 48 76 13 33 82 18 21 74 26 52 5 16 71 83 47 57 28 24 84 93 6 19 10 30 81 6 68 66 30 73 96 
68 15 63 11 88 40 45 96 47 96 66 9 45 40 34 47 17 4 93 32 82 17 52 46 0 29 48 8 61 81 25 34 54 2 85 10 70 7 92 68 64 71 91 99 15 48 17 25 29 97 82 96 14 64 68 9 92 67 16 53 99 92 38 4 93 22 13 14 29 56 
29 95 26 97 43 45 92 81 62 13 14 4 77 91 47 66 97 84 69 63 42 96 90 26 29 0 81 44 79 24 94 93 71 10 69 100 58 51 47 23 14 67 31 57 33 98 61 84 41 98 87 33 72 100 99 52 7 79 95 85 54 40 30 77 49 98 28 58 100 74 
22 14 72 64 73 66 82 40 60 45 29 25 69 75 18 27 92 55 76 66 29 36 11 75 48 81 0 80 65 40 62 22 25 11 82 8 51 32 46 35 3 97 33 54 4 64 100 88 17 39 69 45 39 67 72 96 66 98 27 83 37 40 4 13 50 37 72 100 68 70 
33 29 40 69 93 88 100 40 72 62 46 39 57 68 41 16 40 11 62 72 41 28 37 13 8 44 80 0 86 22 66 19 75 69 34 74 9 2 12 77 47 2 95 70 49 13 67 75 95 56 66 98 68 67 86 92 18 54 61 4 75 26 22 2 47 7 75 7 8 39 
94 91 58 30 92 61 57 37 13 90 19 24 85 74 44 36 2 51 6 52 45 3 72 82 61 79 65 86 0 83 54 40 78 24 89 90 42 15 36 97 81 33 17 47 18 8 65 23 20 20 50 45 93 51 43 99 77 49 6 15 84 12 7 13 87 95 54 28 61 89 
25 10 68 75 73 3 44 56 12 13 95 5 64 69 45 28 11 57 100 3 15 49 4 84 81 24 40 22 83 0 25 93 21 41 92 90 100 8 13 19 27 14 15 19 64 58 17 40 58 74 55 41 37 13 53 23 7 6 3 19 94 79 12 66 19 3 8 70 10 72 
40 55 72 67 45 78 81 65 4 93 88 2 23 41 57 31 90 30 36 50 67 35 83 66 25 94 62 66 54 25 0 88 36 85 2 54 48 11 22 39 69 95 45 9 84 57 14 6 63 71 8 82 17 86 45 34 56 47 41 25 56 12 64 91 96 18 96 95 28 69 
45 1 75 37 18 74 19 63 28 30 14 41 68 86 33 34 43 32 95 48 6 26 4 73 34 93 22 19 40 93 88 0 34 96 63 78 57 98 35 22 4 49 92 63 82 8 1 26 42 8 72 34 85 27 46 48 69 41 65 16 88 45 84 21 92 99 98 100 96 32 
13 85 47 81 42 46 80 3 26 85 25 3 2 34 15 61 64 66 7 34 27 51 91 63 54 71 25 75 78 21 36 34 0 21 51 33 65 66 14 24 66 40 17 25 63 51 9 90 96 9 10 88 25 78 75 21 61 47 13 11 45 12 7 28 33 57 60 97 22 26 
41 62 84 97 99 75 65 5 38 50 73 58 65 21 100 45 86 9 12 43 92 40 92 97 2 10 11 69 24 41 85 96 21 0 20 39 65 37 64 27 39 24 68 34 84 30 73 9 7 100 29 19 46 93 30 42 5 36 70 89 44 81 85 18 6 56 56 22 44 71 
16 96 88 25 6 52 54 94 99 48 90 46 56 81 41 1 48 30 55 13 68 90 30 87 85 69 82 34 89 92 2 63 51 20 0 1 82 95 68 67 30 49 92 90 55 91 19 26 88 11 55 30 67 42 51 55 85 31 91 2 89 47 10 62 42 80 62 24 26 82 
56 5 22 70 8 74 75 76 86 46 40 67 89 63 58 35 91 71 18 16 99 74 36 86 10 100 8 74 90 90 54 78 33 39 1 0 42 8 30 33 97 37 23 15 62 11 78 68 92 96 9 42 51 45 24 41 99 64 39 8 26 81 39 87 56 17 20 97 24 50 
13 86 96 50 13 8 63 8 48 58 60 39 47 24 11 3 97 31 70 28 36 73 96 25 70 58 51 9 42 100 48 57 65 65 82 42 0 30 20 38 4 87 99 66 16 66 57 11 26 50 13 70 74 6 68 89 44 75 14 24 66 53 31 82 72 28 57 73 9 28 
63 83 33 63 82 15 11 36 78 51 13 27 46 44 41 65 41 70 69 45 13 78 89 6 7 51 32 2 15 8 11 98 66 37 95 8 30 0 10 64 66 60 30 81 25 38 44 2 88 8 72 13 13 91 1 57 18 67 32 83 71 63 16 42 42 24 67 50 51 76 
80 80 82 46 37 71 12 61 81 54 51 19 86 94 38 17 49 77 38 25 85 27 69 79 92 47 46 12 36 13 22 35 14 64 68 30 20 10 0 65 17 36 94 49 12 84 92 14 23 100 37 35 12 27 87 20 44 5 52 78 75 66 93 17 7 16 83 8 19 10 
30 45 84 62 85 42 28 89 69 95 5 11 26 43 8 44 90 15 79 26 96 46 68 48 68 23 35 77 97 19 39 22 24 27 67 33 38 64 65 0 72 35 45 18 83 9 1 27 22 75 78 10 9 41 36 47 61 32 52 64 9 26 81 54 94 87 69 28 46 39 
85 94 24 37 18 16 7 33 97 34 35 15 54 14 9 43 66 48 44 83 30 99 96 76 64 14 3 47 81 27 69 4 66 39 30 97 4 66 17 72 0 38 69 73 34 86 8 42 38 86 15 12 63 24 72 3 12 19 15 43 22 78 51 99 10 4 93 48 25 20 
93 48 99 63 49 40 12 57 8 82 16 84 21 13 98 46 15 78 40 85 22 20 89 13 71 67 97 2 33 14 95 49 40 24 49 37 87 60 36 35 38 0 93 63 9 62 88 95 99 47 36 89 32 3 100 94 26 24 48 89 94 63 31 15 92 34 13 2 89 57 
18 81 88 6 87 65 2 72 47 28 44 34 31 60 15 26 80 11 23 12 59 16 68 33 91 31 33 95 17 15 45 92 17 68 92 23 99 30 94 45 69 93 0 1 65 29 94 80 89 7 67 83 57 65 19 45 96 21 97 41 98 20 88 87 13 2 69 79 46 2 
93 85 8 60 73 58 15 47 39 76 95 60 32 29 5 78 92 62 31 14 49 34 5 82 99 57 54 70 47 19 9 63 25 34 90 15 66 81 49 18 73 63 1 0 91 99 43 100 99 7 28 44 86 16 50 4 99 59 68 69 3 15 41 99 55 90 70 95 76 82 
57 77 37 83 42 12 61 17 33 57 14 36 66 69 2 90 68 78 98 52 59 31 57 18 15 33 4 49 18 64 84 82 63 84 55 62 16 25 12 83 34 9 65 91 0 96 97 60 93 98 3 91 40 54 90 99 81 33 84 48 35 88 98 93 7 18 47 22 58 98 
36 46 90 79 90 97 2 9 93 52 62 23 2 54 67 99 72 100 96 60 8 42 54 21 48 98 64 13 8 58 57 8 51 30 91 11 66 38 84 9 86 62 29 99 96 0 28 100 67 22 75 49 70 71 60 14 21 62 5 12 15 46 10 47 30 46 47 16 85 96 
73 6 33 68 52 78 45 54 42 3 82 99 94 49 44 2 83 73 41 52 62 47 91 74 17 61 100 67 65 17 14 1 9 73 19 78 57 44 92 1 8 88 94 43 97 28 0 60 91 14 7 64 23 4 44 22 70 17 49 70 38 71 30 52 43 43 56 55 10 53 
41 17 45 79 6 23 44 21 12 23 16 33 97 45 72 89 36 18 90 87 8 33 28 26 25 84 88 75 23 40 6 26 90 9 26 68 11 2 14 27 42 95 80 100 60 100 60 0 16 56 34 61 54 50 45 50 9 88 15 15 3 89 70 46 11 92 15 11 61 52 
74 94 4 50 78 82 94 91 7 68 84 78 33 78 83 81 8 38 38 26 72 88 79 52 29 41 17 95 20 58 63 42 96 7 88 92 26 88 23 22 38 99 89 99 93 67 91 16 0 81 42 3 76 85 10 30 46 14 97 53 48 10 7 97 54 8 57 93 74 72 
29 22 77 25 87 41 48 59 86 92 71 100 43 1 46 24 68 25 27 10 2 58 15 5 97 98 39 56 20 74 71 8 9 100 11 96 50 8 100 75 86 47 7 7 98 22 14 56 81 0 48 62 93 45 24 84 59 34 97 11 67 38 65 42 74 27 71 71 40 19 
62 47 39 71 53 22 75 99 53 96 92 12 2 38 70 6 2 75 97 60 54 75 72 16 82 87 69 66 50 55 8 72 10 29 55 9 13 72 37 78 15 36 67 28 3 75 7 34 42 48 0 24 87 28 30 83 34 89 40 26 62 63 25 23 7 70 47 43 28 32 
82 42 76 86 43 2 45 69 71 70 73 95 14 56 19 20 68 90 80 74 12 94 29 71 96 33 45 98 45 41 82 34 88 19 30 42 70 13 35 10 12 89 83 44 91 49 64 61 3 62 24 0 39 90 98 28 7 39 54 33 61 24 72 80 47 59 7 28 93 92 
79 19 99 4 88 7 97 13 99 34 3 36 77 98 49 99 30 56 42 11 72 5 68 83 14 72 39 68 93 37 17 85 25 46 67 51 74 13 12 9 63 32 57 86 40 70 23 54 76 93 87 39 0 68 84 70 81 98 94 4 5 63 2 47 43 33 37 84 83 16 
11 13 45 84 83 47 4 32 54 42 64 12 84 28 16 89 58 24 13 73 81 60 94 47 64 100 67 67 51 13 86 27 78 93 42 45 6 91 27 41 24 3 65 16 54 71 4 50 85 45 28 90 68 0 90 21 69 22 82 45 94 13 43 4 71 23 96 63 90 32 
79 67 46 26 1 46 41 35 66 70 31 56 94 17 99 1 79 9 83 44 89 81 24 57 68 99 72 86 43 53 45 46 75 30 51 24 68 1 87 36 72 100 19 50 90 60 44 45 10 24 30 98 84 90 0 32 71 29 25 26 85 40 79 31 82 63 19 65 45 35 
47 86 14 67 28 46 94 60 45 29 21 96 73 89 34 45 98 59 86 94 53 21 71 28 9 52 96 92 99 23 34 48 21 42 55 41 89 57 20 47 3 94 45 4 99 14 22 50 30 84 83 28 70 21 32 0 7 18 55 28 51 99 73 63 94 76 85 16 24 47 
39 7 23 32 26 44 48 65 67 54 29 15 60 18 63 6 54 7 81 35 74 55 83 24 92 7 66 18 77 7 56 69 61 5 85 99 44 18 44 61 12 26 96 99 81 21 70 9 46 59 34 7 81 69 71 7 0 57 7 30 79 35 7 4 20 46 34 2 79 97 
53 80 69 41 25 63 22 26 78 67 11 32 14 92 16 28 23 15 58 9 69 69 34 84 67 79 98 54 49 6 47 41 47 36 31 64 75 67 5 32 19 24 21 59 33 62 17 88 14 34 89 39 98 22 29 18 57 0 73 95 93 7 1 10 13 29 60 64 53 22 
79 14 53 87 20 86 93 100 69 42 66 87 29 57 74 12 89 21 47 18 94 48 7 93 16 95 27 61 6 3 41 65 13 70 91 39 14 32 52 52 15 48 97 68 84 5 49 15 97 97 40 54 94 82 25 55 7 73 0 57 29 7 24 4 5 80 10 35 59 96 
85 50 32 13 69 56 56 1 79 95 99 90 96 44 6 41 7 9 86 38 70 10 54 6 53 85 83 4 15 19 25 16 11 89 2 8 24 83 78 64 43 89 41 69 48 12 70 15 53 11 26 33 4 45 26 28 30 95 57 0 41 14 15 38 100 69 16 96 41 10 
77 41 36 68 97 66 17 81 89 79 5 88 30 12 13 7 33 23 9 64 36 69 89 19 99 54 37 75 84 94 56 88 45 44 89 26 66 71 75 9 22 94 98 3 35 15 38 3 48 67 62 61 5 94 85 51 79 93 29 41 0 88 99 11 98 11 91 57 74 43 
70 20 76 5 64 63 25 16 72 34 5 88 4 49 31 94 78 51 34 19 12 35 41 10 92 40 40 26 12 79 12 45 12 81 47 81 53 63 66 26 78 63 20 15 88 46 71 89 10 38 63 24 63 13 40 99 35 7 7 14 88 0 31 82 23 89 5 78 93 85 
29 50 59 50 86 81 75 15 58 25 12 83 64 29 90 74 49 93 32 86 75 35 9 30 38 30 4 22 7 12 64 84 7 85 10 39 31 16 93 81 51 31 88 41 98 10 30 70 7 65 25 72 2 43 79 73 7 1 24 15 99 31 0 39 79 95 35 71 60 1 
89 25 34 48 38 11 48 35 67 15 82 91 31 45 79 67 96 88 67 97 62 71 32 81 4 77 13 2 13 66 91 21 28 18 62 87 82 42 17 54 99 15 87 99 93 47 52 46 97 42 23 80 47 4 31 63 4 10 4 38 11 82 39 0 8 59 69 75 6 61 
62 81 60 1 14 37 89 20 10 36 30 45 20 69 30 39 63 59 97 62 3 26 32 6 93 49 50 47 87 19 96 92 33 6 42 56 72 42 7 94 10 92 13 55 7 30 43 11 54 74 7 47 43 71 82 94 20 13 5 100 98 23 79 8 0 37 46 59 99 95 
97 45 46 26 43 33 80 8 57 72 53 80 19 9 82 27 49 74 38 50 94 24 39 68 22 98 37 7 95 3 18 99 57 56 80 17 28 24 16 87 4 34 2 90 18 46 43 92 8 27 70 59 33 23 63 76 46 29 80 69 11 89 95 59 37 0 22 41 3 47 
45 81 56 18 46 36 22 10 4 60 21 9 20 8 36 1 38 58 84 65 12 45 67 66 13 28 72 75 54 8 96 98 60 56 62 20 57 67 83 69 93 13 69 70 47 47 56 15 57 71 47 7 37 96 19 85 34 60 10 16 91 5 35 69 46 22 0 83 33 29 
27 18 55 2 27 44 3 79 9 45 89 84 66 45 93 41 11 41 67 41 90 98 79 30 14 58 100 7 28 70 95 100 97 22 24 97 73 50 8 28 48 2 79 95 22 16 55 11 93 71 43 28 84 63 65 16 2 64 35 96 57 78 71 75 59 41 83 0 58 73 
59 79 79 89 77 99 91 44 86 23 66 6 16 5 22 91 41 43 7 94 7 54 79 73 29 100 68 8 61 10 28 96 22 44 26 24 9 51 19 46 25 89 46 76 58 85 10 61 74 40 28 93 83 90 45 24 79 53 59 41 74 93 60 6 99 3 33 58 0 33 
76 13 89 15 34 6 33 70 84 65 23 27 5 1 73 17 86 87 74 41 96 71 87 96 56 74 70 39 89 72 69 32 26 71 82 50 28 76 10 39 20 57 2 82 98 96 53 52 72 19 32 92 16 32 35 47 97 22 96 10 43 85 1 61 95 47 29 73 33 0 
