80
0 86 57 90 83 31 19 96 54 8 45 77 27 65 85 43 80 65 91 86 63 35 95 71 77 40 27 53 28 37 86 59 74 43 1 56 73 71 4 78 78 48 55 57 13 91 99 44 8 89 81 70 75 75 92 52 66 19 56 93 7 94 4 32 36 4 88 60 74 43 38 4 90 44 60 54 86 58 97 93 
86 0 99 77 63 73 4 6 24 69 24 32 14 82 25 17 14 12 72 53 71 45 95 60 100 84 55 59 38 41 69 86 85 67 15 99 39 70 5 15 38 28 98 51 10 22 19 75 85 90 27 55 87 21 67 86 4 73 97 93 13 65 31 50 31 45 48 21 14 52 35 3 32 32 6 93 5 24 67 89 
57 99 0 14 93 96 52 13 62 37 68 86 33 13 51 49 43 100 31 39 47 52 52 99 86 6 82 18 11 74 22 35 40 63 100 84 58 51 48 19 39 15 56 24 27 6 72 21 5 3 59 52 54 62 2 91 68 83 60 30 56 82 16 47 44 15 30 53 17 77 23 8 43 78 31 22 84 54 42 88 
90 77 14 0 8 1 91 61 62 92 4 81 26 63 11 33 96 26 79 91 93 60 43 61 88 65 68 83 43 50 4 26 4 97 65 11 97 56 24 11 99 79 43 25 41 5 57 37 83 88 27 27 47 70 87 87 34 7 69 28 56 24 53 11 20 18 74 69 25 49 31 23 27 73 99 67 30 56 55 12 
83 63 93 8 0 43 82 38 41 3 76 79 88 82 47 16 90 22 68 100 42 37 25 62 13 73 92 36 51 16 34 70 45 41 24 56 35 57 45 28 59 21 6 47 2 5 62 43 26 81 95 19 70 19 80 82 44 23 17 46 39 3 15 35 95 39 43 82 47 87 9 6 7 14 4 61 18 17 3 96 
31 73 96 1 43 0 97 49 14 66 68 46 100 63 68 68 8 6 70 23 93 17 13 35 98 11 21 6 68 80 71 71 92 41 39 46 36 36 95 1 53 14 46 52 28 14 20 35 71 41 9 63 9 73 97 6 84 70 63 51 1 34 74 92 74 12 89 61 99 35 13 4 48 59 7 75 24 26 62 94 
19 4 52 91 82 97 0 19 22 57 27 95 5 85 30 26 47 32 26 32 5 69 57 69 58 69 67 44 82 22 44 40 29 18 63 6 31 8 24 53 64 3 99 21 39 28 46 85 59 24 69 16 92 25 36 1 94 54 45 75 76 88 66 4 57 28 9 40 35 85 92 51 39 90 23 77 69 68 13 27 
96 6 13 61 38 49 19 0 91 81 94 35 6 29 35 51 83 31 25 58 70 90 13 27 69 73 18 55 57 9 57 95 50 79 23 18 99 36 96 41 68 42 75 73 70 62 23 4 92 99 13 62 40 25 40 60 98 57 15 6 17 23 53 18 2 75 35 52 62 82 92 30 23 67 54 45 28 29 48 71 
54 24 62 62 41 14 22 91 0 27 61 84 19 37 23 78 34 31 44 92 99 67 44 16 68 18 2 19 32 84 62 61 58 28 14 2 7 42 2 30 21 14 13 39 50 88 16 36 70 60 27 69 78 70 36 97 39 38 15 70 73 28 82 82 8 96 84 66 89 37 95 9 50 60 99 99 47 15 86 68 
8 69 37 92 3 66 57 81 27 0 26 12 36 3 33 24 99 24 61 65 93 85 44 27 66 51 22 1 17 62 37 63 71 38 22 69 37 20 35 22 88 12 86 75 66 18 50 16 41 10 32 86 46 76 12 12 26 85 64 94 46 53 57 68 90 30 37 78 50 23 52 89 35 37 15 52 6 65 68 99 
45 24 68 4 76 68 27 94 61 26 0 26 99 84 72 74 47 35 52 83 98 45 28 50 53 48 92 83 36 69 84 58 20 24 44 8 38 96 14 54 63 12 80 13 47 3 87 45 37 90 27 86 86 6 88 91 53 79 73 88 47 8 98 19 31 41 26 20 36 39 74 50 2 53 63 100 7 1 44 43 
77 32 86 81 79 46 95 35 84 12 26 0 90 22 28 27 28 15 17 32 93 41 20 92 48 17 10 30 9 35 50 97 26 75 46 79 27 60 79 85 60 74 27 1 96 6 28 23 73 96 54 65 37 25 8 36 93 17 66 2 4 15 98 81 89 95 59 67 55 37 51 66 11 29 67 6 34 46 80 6 
27 14 33 26 88 100 5 6 19 36 99 90 0 41 85 23 77 10 82 13 2 51 30 55 54 96 52 34 36 99 44 2 53 81 4 18 43 84 84 100 69 81 79 27 22 63 49 50 24 82 14 78 32 43 32 37 38 36 22 73 34 66 26 86 46 81 55 40 64 91 39 33 71 17 11 92 31 11 94 7 
65 82 13 63 82 63 85 29 37 3 84 22 41 0 92 7 84 24 50 67 60 87 2 34 12 35 99 37 72 96 18 79 35 33 69 73 17 39 41 27 83 71 37 76 29 29 82 12 4 83 79 15 70 32 48 81 19 46 69 90 41 38 20 27 71 88 99 39 27 91 18 61 14 54 88 42 34 69 54 89 
85 25 51 11 47 68 30 35 23 33 72 28 85 92 0 52 84 4 73 15 3 5 33 1 25 75 93 63 94 20 85 34 70 23 12 61 40 72 74 46 59 67 31 79 20 72 82 55 27 6 22 29 10 6 29 35 32 22 49 78 93 33 11 62 7 22 22 99 93 47 96 3 14 26 81 85 49 15 92 75 
43 17 49 33 16 68 26 51 78 24 74 27 23 7 52 0 20 13 4 82 18 84 16 50 5 16 27 49 100 89 11 6 10 84 4 54 83 51 8 96 29 40 32 77 54 23 52 74 87 7 55 5 90 22 6 47 89 84 95 88 24 5 93 33 41 49 38 23 99 45 70 27 84 1 56 90 76 7 63 62 
80 14 43 96 90 8 47 83 34 99 47 28 77 84 84 20 0 13 69 18 2 42 75 100 30 10 95 17 33 51 9 17 91 9 54 13 60 50 34 38 86 87 93 75 62 51 37 75 15 57 45 69 98 19 68 79 81 62 95 13 13 55 82 3 64 35 68 75 37 1 12 22 87 57 96 100 7 84 75 22 
65 12 100 26 22 6 32 31 31 24 35 15 10 24 4 13 13 0 40 71 90 89 89 57 67 21 71 13 34 83 67 67 37 82 1 56 56 37 9 68 10 47 24 5 47 82 88 73 3 79 43 44 19 83 53 85 4 23 97 89 57 16 55 45 97 7 53 5 96 61 24 5 7 47 10 5 80 49 77 35 
91 72 31 79 68 70 26 25 44 61 52 17 82 50 73 4 69 40 0 80 71 78 98 6 82 35 9 4 31 49 12 98 3 9 95 9 61 99 56 73 22 61 31 20 22 36 99 22 64 85 1 87 63 99 92 44 85 100 100 67 48 63 65 2 71 59 62 83 9 18 55 82 30 86 1 51 73 51 72 36 
86 53 39 91 100 23 32 58 92 65 83 32 13 67 15 82 18 71 80 0 36 25 22 50 75 13 45 59 64 44 25 63 59 89 16 81 99 78 64 7 47 70 88 76 7 40 78 31 91 1 67 78 25 40 27 99 5 23 9 20 67 34 83 77 74 98 57 73 27 72 31 73 94 19 48 100 10 77 83 52 
63 71 47 93 42 93 5 70 99 93 98 93 2 60 3 18 2 90 71 36 0 78 49 29 2 40 7 53 44 30 13 16 48 46 98 24 72 47 32 44 74 4 26 46 97 96 46 48 6 74 30 57 51 30 38 5 22 96 9 17 25 21 32 24 19 81 99 90 28 31 85 1 86 10 98 34 6 95 33 63 
35 45 52 60 37 17 69 90 67 85 45 41 51 87 5 84 42 89 78 25 78 0 69 15 19 71 96 8 75 17 4 83 34 80 56 17 56 74 98 54 15 25 36 99 77 73 60 26 6 17 73 39 31 41 53 2 11 48 9 38 17 12 20 2 44 75 18 99 100 15 52 14 91 40 64 19 12 76 45 18 
95 95 52 43 25 13 57 13 44 44 28 20 30 2 33 16 75 89 98 22 49 69 0 92 17 8 23 9 12 76 71 59 84 8 27 48 80 28 91 6 46 89 6 12 92 71 55 31 87 25 43 62 69 12 5 37 19 79 97 30 54 68 40 38 27 67 85 6 46 27 64 43 15 21 7 58 43 61 89 29 
71 60 99 61 62 35 69 27 16 27 50 92 55 34 1 50 100 57 6 50 29 15 92 0 85 83 90 6 94 95 94 64 73 43 45 79 10 36 16 88 2 52 46 100 78 9 42 44 81 48 1 23 60 41 52 45 23 41 2 68 87 47 31 12 89 27 90 50 63 57 38 16 60 35 15 37 43 57 32 75 
77 100 86 88 13 98 58 69 68 66 53 48 54 12 25 5 30 67 82 75 2 19 17 85 0 56 84 97 16 25 48 12 99 41 13 67 79 59 49 90 100 76 31 49 38 39 38 53 98 72 20 86 66 76 69 40 31 53 89 98 77 88 9 75 28 21 93 59 32 42 100 83 69 83 31 6 21 21 10 19 
40 84 6 65 73 11 69 73 18 51 48 17 96 35 75 16 10 21 35 13 40 71 8 83 56 0 44 29 56 10 56 25 1 39 77 41 36 5 29 45 31 8 17 24 66 48 17 66 30 85 48 13 42 68 85 51 38 28 32 46 89 87 70 42 77 98 82 13 54 10 9 84 18 25 7 83 25 75 100 6 
27 55 82 68 92 21 67 18 2 22 92 10 52 99 93 27 95 71 9 45 7 96 23 90 84 44 0 59 47 70 100 67 54 3 56 82 34 53 70 72 22 11 49 71 45 61 24 54 69 8 23 45 66 6 69 41 57 75 51 56 44 51 22 98 5 29 31 38 82 52 9 55 15 57 26 59 69 1 12 89 
53 59 18 83 36 6 44 55 19 1 83 30 34 37 63 49 17 13 4 59 53 8 9 6 97 29 59 0 60 87 34 26 44 2 18 100 76 68 55 72 70 28 21 74 9 51 63 90 2 72 96 16 80 73 26 1 74 90 89 33 76 22 10 19 76 79 18 3 99 73 74 68 52 94 94 60 44 56 1 98 
28 38 11 43 51 68 82 57 32 17 36 9 36 72 94 100 33 34 31 64 44 75 12 94 16 56 47 60 0 79 97 65 11 21 91 11 46 80 99 31 55 73 40 73 48 71 42 50 69 66 24 36 18 69 81 29 65 37 30 62 67 78 26 77 98 68 87 96 47 38 26 1 62 17 25 9 87 67 10 55 
37 41 74 50 16 80 22 9 84 62 69 35 99 96 20 89 51 83 49 44 30 17 76 95 25 10 70 87 79 0 84 85 43 1 54 23 30 70 11 11 31 30 40 8 6 89 76 45 84 74 34 9 27 95 26 51 55 12 69 64 19 53 49 61 5 54 35 86 23 98 48 5 27 87 64 84 76 91 80 59 
86 69 22 4 34 71 44 57 62 37 84 50 44 18 85 11 9 67 12 25 13 4 71 94 48 56 100 34 97 84 0 65 13 20 91 59 97 93 13 60 14 29 78 66 29 90 22 34 25 8 8 22 55 12 100 42 27 83 69 18 63 79 34 27 50 76 86 46 68 50 6 81 78 83 98 58 73 20 91 49 
59 86 35 26 70 71 40 95 61 63 58 97 2 79 34 6 17 67 98 63 16 83 59 64 12 25 67 26 65 85 65 0 79 98 22 33 61 21 26 88 3 46 57 17 25 90 44 74 17 81 72 84 30 77 17 60 11 66 69 35 85 60 83 15 57 4 48 70 76 25 57 31 71 65 47 47 6 42 72 22 
74 85 40 4 45 92 29 50 58 71 20 26 53 35 70 10 91 37 3 59 48 34 84 73 99 1 54 44 11 43 13 79 0 74 43 57 56 71 25 15 82 91 83 68 27 94 51 42 3 6 41 72 82 65 80 64 87 44 10 33 49 4 57 22 77 51 78 32 22 55 98 55 45 33 74 23 26 24 64 80 
43 67 63 97 41 41 18 79 28 38 24 75 81 33 23 84 9 82 9 89 46 80 8 43 41 39 3 2 21 1 20 98 74 0 82 56 51 15 21 30 78 59 25 39 44 25 42 100 46 71 50 76 54 23 30 52 29 26 36 3 48 13 78 64 93 11 19 95 25 91 77 54 50 1 93 93 26 86 44 23 
1 15 100 65 24 39 63 23 14 22 44 46 4 69 12 4 54 1 95 16 98 56 27 45 13 77 56 18 91 54 91 22 43 82 0 8 45 50 62 68 31 65 48 56 100 50 56 64 80 19 56 90 89 51 15 80 79 20 29 79 12 73 56 50 16 31 57 60 80 18 79 11 82 79 18 33 28 73 97 7 
56 99 84 11 56 46 6 18 2 69 8 79 18 73 61 54 13 56 9 81 24 17 48 79 67 41 82 100 11 23 59 33 57 56 8 0 43 4 97 32 6 63 11 84 82 91 15 46 63 70 95 30 52 51 41 32 21 72 94 54 50 63 39 29 36 35 36 78 90 84 61 48 98 71 31 31 13 97 76 75 
73 39 58 97 35 36 31 99 7 37 38 27 43 17 40 83 60 56 61 99 72 56 80 10 79 36 34 76 46 30 97 61 56 51 45 43 0 19 22 56 70 73 97 53 45 68 98 98 69 61 36 97 96 22 32 25 64 67 86 11 16 8 93 47 21 90 22 95 8 44 3 77 68 99 30 12 18 27 61 38 
71 70 51 56 57 36 8 36 42 20 96 60 84 39 72 51 50 37 99 78 47 74 28 36 59 5 53 68 80 70 93 21 71 15 50 4 19 0 87 49 34 34 22 18 59 85 84 96 95 100 3 88 46 23 77 19 70 84 62 72 12 81 22 93 92 91 72 5 28 10 5 61 44 26 78 54 11 14 49 57 
4 5 48 24 45 95 24 96 2 35 14 79 84 41 74 8 34 9 56 64 32 98 91 16 49 29 70 55 99 11 13 26 25 21 62 97 22 87 0 65 3 44 62 26 72 32 47 7 94 18 19 26 91 11 70 81 34 74 60 44 78 20 39 3 50 92 65 15 92 22 31 46 65 44 23 89 75 69 95 20 
78 15 19 11 28 1 53 41 30 22 54 85 100 27 46 96 38 68 73 7 44 54 6 88 90 45 72 72 31 11 60 88 15 30 68 32 56 49 65 0 38 13 46 28 76 15 60 9 40 19 4 17 91 42 71 92 85 36 58 28 9 88 74 25 31 96 13 57 65 8 77 54 72 22 82 99 88 93 60 27 
78 38 39 99 59 53 64 68 21 88 63 60 69 83 59 29 86 10 22 47 74 15 46 2 100 31 22 70 55 31 14 3 82 78 31 6 70 34 3 38 0 12 63 43 54 5 65 45 41 52 2 69 60 41 42 85 23 89 49 79 5 56 55 59 28 28 92 26 15 84 85 41 47 100 35 100 56 100 96 96 
48 28 15 79 21 14 3 42 14 12 12 74 81 71 67 40 87 47 61 70 4 25 89 52 76 8 11 28 73 30 29 46 91 59 65 63 73 34 44 13 12 0 3 49 16 15 89 9 99 63 98 99 42 2 55 48 12 34 76 3 11 90 87 48 31 33 47 17 33 54 68 80 49 71 29 17 85 69 25 35 
55 98 56 43 6 46 99 75 13 86 80 27 79 37 31 32 93 24 31 88 26 36 6 46 31 17 49 21 40 40 78 57 83 25 48 11 97 22 62 46 63 3 0 32 22 33 73 76 39 20 87 72 47 90 83 37 76 82 19 60 28 87 44 81 55 24 81 25 52 97 61 72 22 95 3 95 79 27 22 18 
57 51 24 25 47 52 21 73 39 75 13 1 27 76 79 77 75 5 20 76 46 99 12 100 49 24 71 74 73 8 66 17 68 39 56 84 53 18 26 28 43 49 32 0 99 61 41 45 50 23 33 77 4 3 88 83 90 32 15 44 55 48 20 58 44 32 29 17 78 32 64 56 10 37 25 8 97 66 5 98 
13 10 27 41 2 28 39 70 50 66 47 96 22 29 20 54 62 47 22 7 97 77 92 78 38 66 45 9 48 6 29 25 27 44 100 82 45 59 72 76 54 16 22 99 0 40 37 26 96 40 14 78 81 45 45 76 99 92 95 56 87 26 36 56 3 67 71 10 77 7 35 36 56 100 40 53 39 77 79 34 
91 22 6 5 5 14 28 62 88 18 3 6 63 29 72 23 51 82 36 40 96 73 71 9 39 48 61 51 71 89 90 90 94 25 50 91 68 85 32 15 5 15 33 61 40 0 68 92 64 48 88 60 23 38 51 69 45 89 46 80 44 100 99 66 9 75 73 95 62 80 46 2 32 37 30 62 22 97 53 85 
99 19 72 57 62 20 46 23 16 50 87 28 49 82 82 52 37 88 99 78 46 60 55 42 38 17 24 63 42 76 22 44 51 42 56 15 98 84 47 60 65 89 73 41 37 68 0 96 92 96 70 29 46 38 73 87 35 53 82 34 51 48 94 77 72 41 38 51 86 91 34 22 20 96 96 16 100 80 63 92 
44 75 21 37 43 35 85 4 36 16 45 23 50 12 55 74 75 73 22 31 48 26 31 44 53 66 54 90 50 45 34 74 42 100 64 46 98 96 7 9 45 9 76 45 26 92 96 0 76 32 20 73 21 45 59 55 49 93 40 99 40 86 27 63 26 16 13 63 7 46 37 26 93 32 94 93 63 56 36 90 
8 85 5 83 26 71 59 92 70 41 37 73 24 4 27 87 15 3 64 91 6 6 87 81 98 30 69 2 69 84 25 17 3 46 80 63 69 95 94 40 41 99 39 50 96 64 92 76 0 40 7 15 60 51 25 67 99 17 58 49 56 95 27 70 72 43 82 35 1 80 23 78 24 54 71 16 16 79 51 58 
89 90 3 88 81 41 24 99 60 10 90 96 82 83 6 7 57 79 85 1 74 17 25 48 72 85 8 72 66 74 8 81 6 71 19 70 61 100 18 19 52 63 20 23 40 48 96 32 40 0 18 58 72 29 60 96 47 59 13 5 59 20 99 86 90 71 80 23 57 80 54 79 57 78 32 80 93 99 10 96 
81 27 59 27 95 9 69 13 27 32 27 54 14 79 22 55 45 43 1 67 30 73 43 1 20 48 23 96 24 34 8 72 41 50 56 95 36 3 19 4 2 98 87 33 14 88 70 20 7 18 0 56 27 5 79 7 64 75 54 74 39 58 33 58 8 70 47 30 49 22 86 80 75 64 88 52 47 19 97 98 
70 55 52 27 19 63 16 62 69 86 86 65 78 15 29 5 69 44 87 78 57 39 62 23 86 13 45 16 36 9 22 84 72 76 90 30 97 88 26 17 69 99 72 77 78 60 29 73 15 58 56 0 28 92 5 54 96 84 61 11 58 66 85 96 75 69 5 82 90 4 12 90 25 49 21 99 13 8 51 11 
75 87 54 47 70 9 92 40 78 46 86 37 32 70 10 90 98 19 63 25 51 31 69 60 66 42 66 80 18 27 55 30 82 54 89 52 96 46 91 91 60 42 47 4 81 23 46 21 60 72 27 28 0 27 47 8 54 90 13 60 37 48 72 47 5 37 83 52 11 3 8 44 92 11 7 33 35 56 53 86 
75 21 62 70 19 73 25 25 70 76 6 25 43 32 6 22 19 83 99 40 30 41 12 41 76 68 6 73 69 95 12 77 65 23 51 51 22 23 11 42 41 2 90 3 45 38 38 45 51 29 5 92 27 0 20 61 88 30 39 34 90 44 75 2 3 11 49 26 9 5 14 92 8 24 46 67 20 90 78 26 
92 67 2 87 80 97 36 40 36 12 88 8 32 48 29 6 68 53 92 27 38 53 5 52 69 85 69 26 81 26 100 17 80 30 15 41 32 77 70 71 42 55 83 88 45 51 73 59 25 60 79 5 47 20 0 22 64 81 75 1 52 87 88 82 77 73 23 20 47 24 75 9 24 100 18 80 14 61 39 89 
52 86 91 87 82 6 1 60 97 12 91 36 37 81 35 47 79 85 44 99 5 2 37 45 40 51 41 1 29 51 42 60 64 52 80 32 25 19 81 92 85 48 37 83 76 69 87 55 67 96 7 54 8 61 22 0 6 5 8 47 34 86 69 98 66 95 50 18 81 38 51 57 10 73 28 57 48 2 65 23 
66 4 68 34 44 84 94 98 39 26 53 93 38 19 32 89 81 4 85 5 22 11 19 23 31 38 57 74 65 55 27 11 87 29 79 21 64 70 34 85 23 12 76 90 99 45 35 49 99 47 64 96 54 88 64 6 0 54 34 54 67 94 92 55 52 48 15 98 82 100 66 31 17 12 80 86 92 69 88 100 
19 73 83 7 23 70 54 57 38 85 79 17 36 46 22 84 62 23 100 23 96 48 79 41 53 28 75 90 37 12 83 66 44 26 20 72 67 84 74 36 89 34 82 32 92 89 53 93 17 59 75 84 90 30 81 5 54 0 79 60 80 87 59 81 3 33 34 37 86 52 82 29 59 33 29 73 31 10 24 48 
56 97 60 69 17 63 45 15 15 64 73 66 22 69 49 95 95 97 100 9 9 9 97 2 89 32 51 89 30 69 69 69 10 36 29 94 86 62 60 58 49 76 19 15 95 46 82 40 58 13 54 61 13 39 75 8 34 79 0 92 40 60 23 78 3 92 65 55 22 77 34 8 87 66 10 20 52 98 57 3 
93 93 30 28 46 51 75 6 70 94 88 2 73 90 78 88 13 89 67 20 17 38 30 68 98 46 56 33 62 64 18 35 33 3 79 54 11 72 44 28 79 3 60 44 56 80 34 99 49 5 74 11 60 34 1 47 54 60 92 0 80 86 61 64 66 85 46 27 8 46 18 100 5 92 29 59 83 93 13 4 
7 13 56 56 39 1 76 17 73 46 47 4 34 41 93 24 13 57 48 67 25 17 54 87 77 89 44 76 67 19 63 85 49 48 12 50 16 12 78 9 5 11 28 55 87 44 51 40 56 59 39 58 37 90 52 34 67 80 40 80 0 21 98 63 8 64 25 27 15 22 35 69 53 72 82 69 37 66 66 63 
94 65 82 24 3 34 88 23 28 53 8 15 66 38 33 5 55 16 63 34 21 12 68 47 88 87 51 22 78 53 79 60 4 13 73 63 8 81 20 88 56 90 87 48 26 100 48 86 95 20 58 66 48 44 87 86 94 87 60 86 21 0 26 11 32 77 67 24 5 26 58 49 90 62 70 40 76 77 3 100 
4 31 16 53 15 74 66 53 82 57 98 98 26 20 11 93 82 55 65 83 32 20 40 31 9 70 22 10 26 49 34 83 57 78 56 39 93 22 39 74 55 87 44 20 36 99 94 27 27 99 33 85 72 75 88 69 92 59 23 61 98 26 0 55 69 74 41 89 78 13 70 46 49 88 12 12 13 22 43 41 
32 50 47 11 35 92 4 18 82 68 19 81 86 27 62 33 3 45 2 77 24 2 38 12 75 42 98 19 77 61 27 15 22 64 50 29 47 93 3 25 59 48 81 58 56 66 77 63 70 86 58 96 47 2 82 98 55 81 78 64 63 11 55 0 41 18 45 66 76 93 7 89 14 46 64 42 100 64 48 20 
36 31 44 20 95 74 57 2 8 90 31 89 46 71 7 41 64 97 71 74 19 44 27 89 28 77 5 76 98 5 50 57 77 93 16 36 21 92 50 31 28 31 55 44 3 9 72 26 72 90 8 75 5 3 77 66 52 3 3 66 8 32 69 41 0 37 89 9 14 1 30 12 1 17 75 12 29 48 7 69 
4 45 15 18 39 12 28 75 96 30 41 95 81 88 22 49 35 7 59 98 81 75 67 27 21 98 29 79 68 54 76 4 51 11 31 35 90 91 92 96 28 33 24 32 67 75 41 16 43 71 70 69 37 11 73 95 48 33 92 85 64 77 74 18 37 0 88 24 65 53 51 10 12 39 23 57 3 17 57 66 
88 48 30 74 43 89 9 35 84 37 26 59 55 99 22 38 68 53 62 57 99 18 85 90 93 82 31 18 87 35 86 48 78 19 57 36 22 72 65 13 92 47 81 29 71 73 38 13 82 80 47 5 83 49 23 50 15 34 65 46 25 67 41 45 89 88 0 64 76 54 4 36 19 4 66 30 57 82 56 68 
60 21 53 69 82 61 40 52 66 78 20 67 40 39 99 23 75 5 83 73 90 99 6 50 59 13 38 3 96 86 46 70 32 95 60 78 95 5 15 57 26 17 25 17 10 95 51 63 35 23 30 82 52 26 20 18 98 37 55 27 27 24 89 66 9 24 64 0 63 4 26 31 91 2 48 96 52 57 7 43 
74 14 17 25 47 99 35 62 89 50 36 55 64 27 93 99 37 96 9 27 28 100 46 63 32 54 82 99 47 23 68 76 22 25 80 90 8 28 92 65 15 33 52 78 77 62 86 7 1 57 49 90 11 9 47 81 82 86 22 8 15 5 78 76 14 65 76 63 0 31 63 45 47 71 62 63 47 67 66 82 
43 52 77 49 87 35 85 82 37 23 39 37 91 91 47 45 1 61 18 72 31 15 27 57 42 10 52 73 38 98 50 25 55 91 18 84 44 10 22 8 84 54 97 32 7 80 91 46 80 80 22 4 3 5 24 38 100 52 77 46 22 26 13 93 1 53 54 4 31 0 85 22 99 67 78 81 22 97 43 25 
38 35 23 31 9 13 92 92 95 52 74 51 39 18 96 70 12 24 55 31 85 52 64 38 100 9 9 74 26 48 6 57 98 77 79 61 3 5 31 77 85 68 61 64 35 46 34 37 23 54 86 12 8 14 75 51 66 82 34 18 35 58 70 7 30 51 4 26 63 85 0 75 25 68 28 72 63 31 80 21 
4 3 8 23 6 4 51 30 9 89 50 66 33 61 3 27 22 5 82 73 1 14 43 16 83 84 55 68 1 5 81 31 55 54 11 48 77 61 46 54 41 80 72 56 36 2 22 26 78 79 80 90 44 92 9 57 31 29 8 100 69 49 46 89 12 10 36 31 45 22 75 0 73 63 83 17 61 54 30 23 
90 32 43 27 7 48 39 23 50 35 2 11 71 14 14 84 87 7 30 94 86 91 15 60 69 18 15 52 62 27 78 71 45 50 82 98 68 44 65 72 47 49 22 10 56 32 20 93 24 57 75 25 92 8 24 10 17 59 87 5 53 90 49 14 1 12 19 91 47 99 25 73 0 52 96 41 85 81 14 84 
44 32 78 73 14 59 90 67 60 37 53 29 17 54 26 1 57 47 86 19 10 40 21 35 83 25 57 94 17 87 83 65 33 1 79 71 99 26 44 22 100 71 95 37 100 37 96 32 54 78 64 49 11 24 100 73 12 33 66 92 72 62 88 46 17 39 4 2 71 67 68 63 52 0 99 43 16 20 39 58 
60 6 31 99 4 7 23 54 99 15 63 67 11 88 81 56 96 10 1 48 98 64 7 15 31 7 26 94 25 64 98 47 74 93 18 31 30 78 23 82 35 29 3 25 40 30 96 94 71 32 88 21 7 46 18 28 80 29 10 29 82 70 12 64 75 23 66 48 62 78 28 83 96 99 0 97 65 34 16 92 
54 93 22 67 61 75 77 45 99 52 100 6 92 42 85 90 100 5 51 100 34 19 58 37 6 83 59 60 9 84 58 47 23 93 33 31 12 54 89 99 100 17 95 8 53 62 16 93 16 80 52 99 33 67 80 57 86 73 20 59 69 40 12 42 12 57 30 96 63 81 72 17 41 43 97 0 6 30 23 37 
86 5 84 30 18 24 69 28 47 6 7 34 31 34 49 76 7 80 73 10 6 12 43 43 21 25 69 44 87 76 73 6 26 26 28 13 18 11 75 88 56 85 79 97 39 22 100 63 16 93 47 13 35 20 14 48 92 31 52 83 37 76 13 100 29 3 57 52 47 22 63 61 85 16 65 6 0 50 95 99 
58 24 54 56 17 26 68 29 15 65 1 46 11 69 15 7 84 49 51 77 95 76 61 57 21 75 1 56 67 91 20 42 24 86 73 97 27 14 69 93 100 69 27 66 77 97 80 56 79 99 19 8 56 90 61 2 69 10 98 93 66 77 22 64 48 17 82 57 67 97 31 54 81 20 34 30 50 0 32 64 
97 67 42 55 3 62 13 48 86 68 44 80 94 54 92 63 75 77 72 83 33 45 89 32 10 100 12 1 10 80 91 72 64 44 97 76 61 49 95 60 96 25 22 5 79 53 63 36 51 10 97 51 53 78 39 65 88 24 57 13 66 3 43 48 7 57 56 7 66 43 80 30 14 39 16 23 95 32 0 12 
93 89 88 12 96 94 27 71 68 99 43 6 7 89 75 62 22 35 36 52 63 18 29 75 19 6 89 98 55 59 49 22 80 23 7 75 38 57 20 27 96 35 18 98 34 85 92 90 58 96 98 11 86 26 89 23 100 48 3 4 63 100 41 20 69 66 68 43 82 25 21 23 84 58 92 37 99 64 12 0 
