80
0 28 23 60 11 46 74 60 85 95 5 23 87 39 44 27 28 88 7 29 14 61 36 95 19 92 98 19 45 60 78 17 87 52 29 50 97 2 9 33 48 65 56 35 56 99 13 83 86 19 12 51 31 99 97 49 42 47 19 87 6 96 3 45 48 83 94 96 85 54 29 84 19 36 70 74 34 82 8 71 
28 0 52 19 21 83 69 69 83 11 15 2 97 21 49 51 17 48 86 10 44 70 15 72 5 85 7 75 58 92 56 66 62 8 36 34 42 57 54 24 19 69 25 67 41 26 69 57 73 54 18 16 75 32 39 80 17 97 54 26 88 61 43 1 20 31 86 61 87 40 85 57 8 61 23 100 86 91 56 11 
23 52 0 45 25 26 19 56 17 50 24 13 55 50 53 16 92 53 87 74 39 48 60 78 84 16 37 96 90 88 34 81 43 44 77 67 21 47 74 37 97 98 2 3 99 54 18 42 6 57 16 96 4 27 25 39 95 61 34 84 48 19 16 42 62 92 60 83 91 34 71 39 83 72 41 81 25 11 74 83 
60 19 45 0 67 89 78 22 16 3 60 10 15 45 45 63 64 61 56 25 4 16 59 94 1 82 32 35 53 25 67 30 35 40 12 1 29 89 74 96 91 33 57 58 77 1 72 92 13 27 69 17 94 27 62 94 8 94 80 13 70 46 42 4 38 53 56 18 93 29 13 36 13 21 93 41 21 64 33 34 
11 21 25 67 0 90 1 2 36 79 63 29 39 8 61 51 77 6 44 32 43 96 87 12 40 15 24 75 79 44 67 20 17 82 52 2 24 52 55 59 82 17 39 20 77 99 22 53 57 65 85 51 12 23 63 52 38 38 78 16 34 97 87 50 78 38 3 1 41 57 59 23 25 50 94 1 48 16 54 4 
46 83 26 89 90 0 32 90 7 44 12 69 47 1 6 24 69 39 20 55 40 98 45 94 50 85 50 61 59 27 10 53 27 57 20 32 13 51 21 19 46 85 39 92 85 96 68 5 35 87 60 26 36 4 20 38 40 21 98 99 47 7 3 74 15 22 57 79 24 78 49 22 14 87 13 98 83 80 55 69 
74 69 19 78 1 32 0 19 14 46 6 69 17 43 8 38 40 58 36 98 60 61 65 33 18 43 9 47 92 30 60 30 42 9 12 74 63 32 44 28 78 49 96 94 44 56 83 35 13 19 33 25 79 49 9 96 91 17 94 34 46 53 64 40 14 27 65 28 59 8 56 88 8 3 33 51 58 16 38 23 
60 69 56 22 2 90 19 0 34 70 47 64 18 55 12 60 24 5 46 69 10 9 60 75 87 24 2 97 83 57 84 43 60 17 45 17 84 82 91 69 3 89 32 72 96 95 32 19 52 77 39 61 37 99 35 23 74 36 20 9 45 55 3 4 23 47 72 58 81 63 26 35 51 10 7 46 4 90 16 55 
85 83 17 16 36 7 14 34 0 18 55 67 54 5 53 28 30 41 99 38 85 6 40 88 80 39 11 38 71 73 63 5 76 24 63 73 28 52 41 34 21 95 53 74 99 5 54 28 45 4 18 29 9 9 68 89 99 79 26 21 3 40 26 30 64 40 55 43 92 95 28 64 89 80 90 39 37 43 18 33 
95 11 50 3 79 44 46 70 18 0 98 87 14 7 96 81 47 46 11 24 67 66 15 44 95 30 83 49 72 26 95 52 90 83 83 79 73 71 73 43 4 70 29 17 28 76 49 26 22 12 49 88 77 16 31 23 45 13 24 69 91 18 20 80 1 54 58 25 25 30 67 28 51 96 96 79 23 96 4 44 
5 15 24 60 63 12 6 47 55 98 0 7 5 31 35 20 13 58 64 78 81 84 68 98 55 99 50 9 8 75 33 37 93 12 39 40 59 17 63 6 21 6 65 25 89 99 96 53 8 11 30 40 95 49 38 49 47 39 9 54 65 93 42 58 4 81 49 14 49 11 20 69 69 84 45 57 34 40 61 42 
23 2 13 10 29 69 69 64 67 87 7 0 51 91 81 97 91 70 45 38 9 6 43 25 98 37 82 54 17 83 67 65 93 38 86 13 21 82 21 7 22 82 100 24 72 32 20 14 2 16 51 62 21 46 86 71 82 20 24 50 2 90 14 46 28 51 59 100 33 79 58 6 60 57 29 83 89 48 97 42 
87 97 55 15 39 47 17 18 54 14 5 51 0 15 99 3 88 44 40 58 77 11 81 26 64 22 40 62 49 42 20 1 74 50 58 79 62 67 59 96 55 58 44 96 73 43 50 12 38 41 69 15 52 1 40 67 22 31 28 23 25 99 23 98 1 32 29 62 98 39 57 52 97 53 99 21 47 100 32 84 
39 21 50 45 8 1 43 55 5 7 31 91 15 0 41 52 50 44 52 42 10 73 24 90 95 48 88 69 46 40 1 26 1 50 16 10 54 12 62 4 84 8 4 15 43 44 66 45 39 17 86 100 42 9 89 88 57 29 57 54 68 9 31 21 10 46 30 63 10 43 67 93 2 22 60 96 17 25 40 55 
44 49 53 45 61 6 8 12 53 96 35 81 99 41 0 94 77 54 87 38 95 74 46 75 82 51 94 90 33 14 100 78 95 14 39 89 32 32 90 53 91 38 69 67 29 75 12 58 81 98 95 75 24 92 1 5 42 94 47 26 8 98 55 54 11 94 43 95 77 84 47 67 21 68 85 50 42 97 7 22 
27 51 16 63 51 24 38 60 28 81 20 97 3 52 94 0 46 53 48 69 96 48 26 89 42 72 14 1 69 68 54 31 61 48 25 89 32 24 55 52 91 92 53 84 40 11 6 37 15 53 58 10 53 83 98 46 6 63 46 26 31 51 56 43 99 33 32 30 56 38 33 98 81 38 81 20 48 38 57 15 
28 17 92 64 77 69 40 24 30 47 13 91 88 50 77 46 0 43 66 24 95 48 74 40 53 36 37 78 18 87 85 61 37 17 44 18 24 81 51 73 14 40 54 33 39 91 41 53 33 6 29 79 5 54 18 9 89 6 86 59 93 23 71 81 91 14 99 15 46 1 39 59 40 92 44 78 35 84 83 19 
88 48 53 61 6 39 58 5 41 46 58 70 44 44 54 53 43 0 42 11 50 46 64 19 55 4 25 92 14 69 14 84 49 5 97 47 71 95 47 9 5 38 53 48 16 39 84 50 9 25 60 58 22 75 77 76 30 1 20 44 69 33 27 17 89 76 16 11 22 14 72 26 52 76 26 19 14 9 68 22 
7 86 87 56 44 20 36 46 99 11 64 45 40 52 87 48 66 42 0 33 79 80 54 53 8 82 34 8 1 77 28 85 56 96 26 83 11 88 4 25 11 81 76 86 6 94 51 14 13 25 98 91 4 52 95 11 85 28 70 85 57 97 21 12 92 46 46 55 86 49 79 96 81 6 82 87 51 32 52 63 
29 10 74 25 32 55 98 69 38 24 78 38 58 42 38 69 24 11 33 0 56 50 53 11 53 99 73 37 26 94 73 82 90 93 45 34 91 90 88 76 90 18 23 71 23 4 9 73 88 60 87 95 9 91 58 61 89 30 49 66 76 21 100 65 66 96 50 8 86 89 35 27 6 57 49 80 13 57 52 100 
14 44 39 4 43 40 60 10 85 67 81 9 77 10 95 96 95 50 79 56 0 69 90 94 77 80 51 90 20 33 38 38 8 11 37 24 76 32 26 35 69 14 69 96 20 77 96 99 89 53 3 88 21 44 34 49 24 36 38 95 20 28 32 27 38 68 3 65 52 28 99 20 41 19 67 12 95 63 63 84 
61 70 48 16 96 98 61 9 6 66 84 6 11 73 74 48 48 46 80 50 69 0 67 65 23 87 8 56 87 83 44 25 30 63 4 61 90 41 81 44 57 84 71 55 3 63 25 22 27 19 84 89 54 50 5 77 88 64 84 74 47 27 50 28 90 53 40 31 93 72 74 49 55 96 55 58 10 79 31 36 
36 15 60 59 87 45 65 60 40 15 68 43 81 24 46 26 74 64 54 53 90 67 0 50 14 24 3 63 28 31 2 92 15 75 90 41 25 17 30 77 56 60 22 28 85 70 34 80 77 43 90 7 73 77 56 86 1 11 100 28 41 1 71 7 28 60 48 52 28 29 80 36 41 1 15 25 23 48 57 99 
95 72 78 94 12 94 33 75 88 44 98 25 26 90 75 89 40 19 53 11 94 65 50 0 91 98 5 63 74 13 1 74 75 52 54 15 5 24 22 32 36 21 35 15 49 14 50 89 67 16 66 89 64 22 87 6 71 43 20 44 7 72 70 81 24 23 48 28 98 21 11 85 41 45 100 41 58 1 82 24 
19 5 84 1 40 50 18 87 80 95 55 98 64 95 82 42 53 55 8 53 77 23 14 91 0 17 47 64 32 20 2 89 90 45 60 33 3 32 2 84 55 76 83 34 26 3 44 10 95 88 61 87 97 62 68 73 30 14 36 13 85 90 1 74 34 60 7 88 43 60 23 97 88 5 82 13 59 25 22 53 
92 85 16 82 15 85 43 24 39 30 99 37 22 48 51 72 36 4 82 99 80 87 24 98 17 0 64 83 92 13 96 59 85 77 25 72 89 9 61 41 83 46 52 41 86 95 100 8 43 87 13 25 51 71 1 73 76 17 7 67 29 54 77 65 30 1 88 70 10 1 62 44 98 13 84 83 59 35 91 54 
98 7 37 32 24 50 9 2 11 83 50 82 40 88 94 14 37 25 34 73 51 8 3 5 47 64 0 74 55 78 24 77 30 48 52 46 54 70 26 59 47 42 40 47 30 61 8 30 22 51 79 87 86 62 97 73 4 50 46 58 79 21 34 9 69 38 6 74 7 84 33 53 25 72 52 6 85 11 87 6 
19 75 96 35 75 61 47 97 38 49 9 54 62 69 90 1 78 92 8 37 90 56 63 63 64 83 74 0 14 66 44 99 27 41 71 82 90 68 39 69 89 24 29 57 61 34 30 68 69 14 72 94 38 23 51 22 34 38 27 47 3 71 97 81 11 20 62 52 39 52 20 27 75 48 35 36 34 65 55 2 
45 58 90 53 79 59 92 83 71 72 8 17 49 46 33 69 18 14 1 26 20 87 28 74 32 92 55 14 0 30 26 47 67 1 98 88 86 35 67 84 89 89 80 69 51 51 82 2 90 33 22 68 59 21 3 46 54 19 100 8 48 78 6 15 78 3 54 15 89 20 98 29 8 29 49 10 80 30 12 21 
60 92 88 25 44 27 30 57 73 26 75 83 42 40 14 68 87 69 77 94 33 83 31 13 20 13 78 66 30 0 14 85 88 25 5 90 70 11 60 70 70 8 47 75 74 76 30 79 90 18 99 87 99 58 67 47 20 46 77 31 18 42 15 6 66 71 47 88 81 7 57 50 66 55 77 91 82 6 69 71 
78 56 34 67 67 10 60 84 63 95 33 67 20 1 100 54 85 14 28 73 38 44 2 1 2 96 24 44 26 14 0 75 19 9 73 77 75 20 96 73 48 78 90 89 44 47 7 14 94 94 47 52 2 48 17 8 24 7 89 29 75 59 4 94 19 76 22 93 95 69 17 42 98 7 83 41 53 41 54 98 
17 66 81 30 20 53 30 43 5 52 37 65 1 26 78 31 61 84 85 82 38 25 92 74 89 59 77 99 47 85 75 0 86 52 49 87 100 65 94 23 23 82 4 50 92 7 43 10 34 16 54 81 84 23 22 33 81 56 73 33 48 78 83 33 30 31 19 29 48 12 3 22 45 6 71 88 12 65 97 98 
87 62 43 35 17 27 42 60 76 90 93 93 74 1 95 61 37 49 56 90 8 30 15 75 90 85 30 27 67 88 19 86 0 80 3 78 15 25 51 47 5 7 19 89 54 97 23 39 78 6 57 6 53 21 8 26 17 66 97 5 29 61 53 26 93 55 3 7 31 54 6 87 12 76 28 17 24 50 55 1 
52 8 44 40 82 57 9 17 24 83 12 38 50 50 14 48 17 5 96 93 11 63 75 52 45 77 48 41 1 25 9 52 80 0 55 64 6 59 84 66 85 52 31 33 56 59 45 9 37 37 15 39 96 98 44 1 36 7 28 63 24 52 65 30 52 71 93 10 82 28 27 18 80 9 50 87 67 94 95 3 
29 36 77 12 52 20 12 45 63 83 39 86 58 16 39 25 44 97 26 45 37 4 90 54 60 25 52 71 98 5 73 49 3 55 0 31 62 94 78 59 89 78 46 96 5 61 71 8 25 100 60 47 45 21 28 72 47 97 3 55 46 90 73 92 36 28 74 97 73 51 7 61 80 53 56 36 13 26 44 89 
50 34 67 1 2 32 74 17 73 79 40 13 79 10 89 89 18 47 83 34 24 61 41 15 33 72 46 82 88 90 77 87 78 64 31 0 78 55 35 22 75 15 45 73 11 48 79 9 89 3 52 24 30 25 73 54 75 79 15 6 31 22 41 95 100 36 83 77 90 70 50 16 36 94 88 98 93 18 58 81 
97 42 21 29 24 13 63 84 28 73 59 21 62 54 32 32 24 71 11 91 76 90 25 5 3 89 54 90 86 70 75 100 15 6 62 78 0 21 9 5 2 33 29 56 59 7 22 16 90 43 57 84 94 92 19 22 34 40 71 49 75 65 89 24 57 6 82 90 26 90 46 80 75 74 35 85 80 56 1 21 
2 57 47 89 52 51 32 82 52 71 17 82 67 12 32 24 81 95 88 90 32 41 17 24 32 9 70 68 35 11 20 65 25 59 94 55 21 0 50 9 5 44 52 75 65 85 14 88 34 40 52 22 63 60 27 96 1 5 38 46 36 64 71 70 100 3 77 100 23 78 60 79 21 12 53 38 96 18 77 29 
9 54 74 74 55 21 44 91 41 73 63 21 59 62 90 55 51 47 4 88 26 81 30 22 2 61 26 39 67 60 96 94 51 84 78 35 9 50 0 9 80 2 24 91 81 19 92 37 8 89 72 71 60 41 71 62 69 22 84 46 82 15 19 93 67 8 40 37 84 21 45 63 22 68 53 2 39 44 38 46 
33 24 37 96 59 19 28 69 34 43 6 7 96 4 53 52 73 9 25 76 35 44 77 32 84 41 59 69 84 70 73 23 47 66 59 22 5 9 9 0 85 61 69 44 1 39 57 21 12 92 67 45 6 85 37 73 92 29 61 27 49 5 89 22 73 41 24 11 37 13 8 21 74 76 16 26 66 72 47 78 
48 19 97 91 82 46 78 3 21 4 21 22 55 84 91 91 14 5 11 90 69 57 56 36 55 83 47 89 89 70 48 23 5 85 89 75 2 5 80 85 0 63 65 22 69 49 11 93 92 91 53 18 39 57 58 60 81 98 35 43 86 100 51 6 25 78 73 2 44 44 100 73 7 64 46 27 12 56 19 55 
65 69 98 33 17 85 49 89 95 70 6 82 58 8 38 92 40 38 81 18 14 84 60 21 76 46 42 24 89 8 78 82 7 52 78 15 33 44 2 61 63 0 98 71 72 36 79 81 48 12 79 34 54 16 33 56 22 9 34 94 11 29 90 10 53 48 74 98 74 37 6 44 92 3 66 15 91 44 96 38 
56 25 2 57 39 39 96 32 53 29 65 100 44 4 69 53 54 53 76 23 69 71 22 35 83 52 40 29 80 47 90 4 19 31 46 45 29 52 24 69 65 98 0 55 26 71 61 41 56 16 14 64 1 60 74 81 49 36 33 96 9 83 21 97 88 64 40 42 29 55 32 24 2 69 31 79 92 91 19 47 
35 67 3 58 20 92 94 72 74 17 25 24 96 15 67 84 33 48 86 71 96 55 28 15 34 41 47 57 69 75 89 50 89 33 96 73 56 75 91 44 22 71 55 0 58 85 10 11 44 36 43 44 23 76 91 83 10 11 79 97 74 19 38 54 25 70 77 78 90 59 56 81 1 26 79 11 10 41 21 53 
56 41 99 77 77 85 44 96 99 28 89 72 73 43 29 40 39 16 6 23 20 3 85 49 26 86 30 61 51 74 44 92 54 56 5 11 59 65 81 1 69 72 26 58 0 76 15 96 98 42 86 80 51 48 10 47 73 28 37 26 4 58 55 81 99 65 36 80 66 14 10 76 23 50 48 28 25 62 75 74 
99 26 54 1 99 96 56 95 5 76 99 32 43 44 75 11 91 39 94 4 77 63 70 14 3 95 61 34 51 76 47 7 97 59 61 48 7 85 19 39 49 36 71 85 76 0 4 13 5 54 60 67 53 33 94 41 10 50 98 16 30 96 81 18 27 98 31 37 25 5 38 72 32 63 85 7 88 88 19 45 
13 69 18 72 22 68 83 32 54 49 96 20 50 66 12 6 41 84 51 9 96 25 34 50 44 100 8 30 82 30 7 43 23 45 71 79 22 14 92 57 11 79 61 10 15 4 0 94 78 11 98 62 56 38 24 5 87 91 87 34 23 56 61 20 38 49 44 42 86 15 74 100 52 32 40 39 50 84 84 79 
83 57 42 92 53 5 35 19 28 26 53 14 12 45 58 37 53 50 14 73 99 22 80 89 10 8 30 68 2 79 14 10 39 9 8 9 16 88 37 21 93 81 41 11 96 13 94 0 46 81 93 53 18 16 10 4 58 96 38 81 3 50 100 40 50 96 33 87 62 6 87 13 89 78 52 38 13 87 69 58 
86 73 6 13 57 35 13 52 45 22 8 2 38 39 81 15 33 9 13 88 89 27 77 67 95 43 22 69 90 90 94 34 78 37 25 89 90 34 8 12 92 48 56 44 98 5 78 46 0 68 61 62 37 28 71 93 85 66 82 65 20 83 17 59 32 12 44 70 73 49 8 86 90 85 89 27 97 75 95 6 
19 54 57 27 65 87 19 77 4 12 11 16 41 17 98 53 6 25 25 60 53 19 43 16 88 87 51 14 33 18 94 16 6 37 100 3 43 40 89 92 91 12 16 36 42 54 11 81 68 0 94 7 68 83 34 38 75 71 56 8 35 75 90 51 86 73 62 29 42 87 29 50 72 18 86 60 97 83 86 43 
12 18 16 69 85 60 33 39 18 49 30 51 69 86 95 58 29 60 98 87 3 84 90 66 61 13 79 72 22 99 47 54 57 15 60 52 57 52 72 67 53 79 14 43 86 60 98 93 61 94 0 40 32 50 7 14 35 97 40 5 4 47 92 78 88 42 15 12 56 43 53 94 24 54 65 41 40 76 37 74 
51 16 96 17 51 26 25 61 29 88 40 62 15 100 75 10 79 58 91 95 88 89 7 89 87 25 87 94 68 87 52 81 6 39 47 24 84 22 71 45 18 34 64 44 80 67 62 53 62 7 40 0 13 80 13 44 81 72 57 15 20 96 20 23 94 11 52 81 4 67 92 11 9 97 4 84 2 20 25 41 
31 75 4 94 12 36 79 37 9 77 95 21 52 42 24 53 5 22 4 9 21 54 73 64 97 51 86 38 59 99 2 84 53 96 45 30 94 63 60 6 39 54 1 23 51 53 56 18 37 68 32 13 0 47 13 66 60 44 31 3 24 54 12 39 73 59 10 47 53 72 98 85 27 64 29 38 25 25 93 8 
99 32 27 27 23 4 49 99 9 16 49 46 1 9 92 83 54 75 52 91 44 50 77 22 62 71 62 23 21 58 48 23 21 98 21 25 92 60 41 85 57 16 60 76 48 33 38 16 28 83 50 80 47 0 78 65 84 71 11 97 36 22 40 66 77 64 71 88 54 43 98 63 41 2 34 39 87 12 2 67 
97 39 25 62 63 20 9 35 68 31 38 86 40 89 1 98 18 77 95 58 34 5 56 87 68 1 97 51 3 67 17 22 8 44 28 73 19 27 71 37 58 33 74 91 10 94 24 10 71 34 7 13 13 78 0 49 78 43 94 86 20 10 69 90 72 17 26 94 57 43 70 72 14 9 25 8 6 87 49 8 
49 80 39 94 52 38 96 23 89 23 49 71 67 88 5 46 9 76 11 61 49 77 86 6 73 73 73 22 46 47 8 33 26 1 72 54 22 96 62 73 60 56 81 83 47 41 5 4 93 38 14 44 66 65 49 0 72 39 46 83 40 12 84 70 54 29 7 25 38 75 15 9 44 92 54 100 34 23 71 99 
42 17 95 8 38 40 91 74 99 45 47 82 22 57 42 6 89 30 85 89 24 88 1 71 30 76 4 34 54 20 24 81 17 36 47 75 34 1 69 92 81 22 49 10 73 10 87 58 85 75 35 81 60 84 78 72 0 83 47 59 89 33 7 48 56 45 45 90 36 8 73 57 13 53 63 37 42 90 51 3 
47 97 61 94 38 21 17 36 79 13 39 20 31 29 94 63 6 1 28 30 36 64 11 43 14 17 50 38 19 46 7 56 66 7 97 79 40 5 22 29 98 9 36 11 28 50 91 96 66 71 97 72 44 71 43 39 83 0 33 94 56 84 28 31 54 78 13 100 36 53 84 94 52 91 90 96 80 78 3 5 
19 54 34 80 78 98 94 20 26 24 9 24 28 57 47 46 86 20 70 49 38 84 100 20 36 7 46 27 100 77 89 73 97 28 3 15 71 38 84 61 35 34 33 79 37 98 87 38 82 56 40 57 31 11 94 46 47 33 0 34 15 57 97 4 99 38 6 1 70 100 8 53 79 38 58 56 3 9 44 55 
87 26 84 13 16 99 34 9 21 69 54 50 23 54 26 26 59 44 85 66 95 74 28 44 13 67 58 47 8 31 29 33 5 63 55 6 49 46 46 27 43 94 96 97 26 16 34 81 65 8 5 15 3 97 86 83 59 94 34 0 92 89 7 34 79 54 13 8 9 17 41 75 26 89 78 76 78 84 28 47 
6 88 48 70 34 47 46 45 3 91 65 2 25 68 8 31 93 69 57 76 20 47 41 7 85 29 79 3 48 18 75 48 29 24 46 31 75 36 82 49 86 11 9 74 4 30 23 3 20 35 4 20 24 36 20 40 89 56 15 92 0 35 35 51 13 25 8 20 27 68 63 81 59 4 39 44 82 45 57 89 
96 61 19 46 97 7 53 55 40 18 93 90 99 9 98 51 23 33 97 21 28 27 1 72 90 54 21 71 78 42 59 78 61 52 90 22 65 64 15 5 100 29 83 19 58 96 56 50 83 75 47 96 54 22 10 12 33 84 57 89 35 0 53 25 81 79 50 22 9 25 99 44 52 98 78 39 48 42 63 8 
3 43 16 42 87 3 64 3 26 20 42 14 23 31 55 56 71 27 21 100 32 50 71 70 1 77 34 97 6 15 4 83 53 65 73 41 89 71 19 89 51 90 21 38 55 81 61 100 17 90 92 20 12 40 69 84 7 28 97 7 35 53 0 61 89 75 76 21 86 79 12 29 12 56 37 52 60 62 84 90 
45 1 42 4 50 74 40 4 30 80 58 46 98 21 54 43 81 17 12 65 27 28 7 81 74 65 9 81 15 6 94 33 26 30 92 95 24 70 93 22 6 10 97 54 81 18 20 40 59 51 78 23 39 66 90 70 48 31 4 34 51 25 61 0 11 5 98 88 56 41 91 53 18 29 100 59 43 59 72 31 
48 20 62 38 78 15 14 23 64 1 4 28 1 10 11 99 91 89 92 66 38 90 28 24 34 30 69 11 78 66 19 30 93 52 36 100 57 100 67 73 25 53 88 25 99 27 38 50 32 86 88 94 73 77 72 54 56 54 99 79 13 81 89 11 0 34 47 4 71 77 15 99 88 22 36 39 33 49 22 22 
83 31 92 53 38 22 27 47 40 54 81 51 32 46 94 33 14 76 46 96 68 53 60 23 60 1 38 20 3 71 76 31 55 71 28 36 6 3 8 41 78 48 64 70 65 98 49 96 12 73 42 11 59 64 17 29 45 78 38 54 25 79 75 5 34 0 11 79 72 98 34 12 41 86 82 21 37 40 64 96 
94 86 60 56 3 57 65 72 55 58 49 59 29 30 43 32 99 16 46 50 3 40 48 48 7 88 6 62 54 47 22 19 3 93 74 83 82 77 40 24 73 74 40 77 36 31 44 33 44 62 15 52 10 71 26 7 45 13 6 13 8 50 76 98 47 11 0 11 46 81 9 49 51 85 15 49 24 88 36 14 
96 61 83 18 1 79 28 58 43 25 14 100 62 63 95 30 15 11 55 8 65 31 52 28 88 70 74 52 15 88 93 29 7 10 97 77 90 100 37 11 2 98 42 78 80 37 42 87 70 29 12 81 47 88 94 25 90 100 1 8 20 22 21 88 4 79 11 0 72 84 36 94 95 66 17 44 99 28 36 36 
85 87 91 93 41 24 59 81 92 25 49 33 98 10 77 56 46 22 86 86 52 93 28 98 43 10 7 39 89 81 95 48 31 82 73 90 26 23 84 37 44 74 29 90 66 25 86 62 73 42 56 4 53 54 57 38 36 36 70 9 27 9 86 56 71 72 46 72 0 9 57 72 1 72 19 63 17 99 72 18 
54 40 34 29 57 78 8 63 95 30 11 79 39 43 84 38 1 14 49 89 28 72 29 21 60 1 84 52 20 7 69 12 54 28 51 70 90 78 21 13 44 37 55 59 14 5 15 6 49 87 43 67 72 43 43 75 8 53 100 17 68 25 79 41 77 98 81 84 9 0 49 8 84 50 32 72 85 45 43 21 
29 85 71 13 59 49 56 26 28 67 20 58 57 67 47 33 39 72 79 35 99 74 80 11 23 62 33 20 98 57 17 3 6 27 7 50 46 60 45 8 100 6 32 56 10 38 74 87 8 29 53 92 98 98 70 15 73 84 8 41 63 99 12 91 15 34 9 36 57 49 0 32 88 67 97 4 62 47 84 98 
84 57 39 36 23 22 88 35 64 28 69 6 52 93 67 98 59 26 96 27 20 49 36 85 97 44 53 27 29 50 42 22 87 18 61 16 80 79 63 21 73 44 24 81 76 72 100 13 86 50 94 11 85 63 72 9 57 94 53 75 81 44 29 53 99 12 49 94 72 8 32 0 82 44 54 6 44 77 24 7 
19 8 83 13 25 14 8 51 89 51 69 60 97 2 21 81 40 52 81 6 41 55 41 41 88 98 25 75 8 66 98 45 12 80 80 36 75 21 22 74 7 92 2 1 23 32 52 89 90 72 24 9 27 41 14 44 13 52 79 26 59 52 12 18 88 41 51 95 1 84 88 82 0 45 23 30 14 23 37 98 
36 61 72 21 50 87 3 10 80 96 84 57 53 22 68 38 92 76 6 57 19 96 1 45 5 13 72 48 29 55 7 6 76 9 53 94 74 12 68 76 64 3 69 26 50 63 32 78 85 18 54 97 64 2 9 92 53 91 38 89 4 98 56 29 22 86 85 66 72 50 67 44 45 0 72 20 21 9 65 15 
70 23 41 93 94 13 33 7 90 96 45 29 99 60 85 81 44 26 82 49 67 55 15 100 82 84 52 35 49 77 83 71 28 50 56 88 35 53 53 16 46 66 31 79 48 85 40 52 89 86 65 4 29 34 25 54 63 90 58 78 39 78 37 100 36 82 15 17 19 32 97 54 23 72 0 81 96 55 47 45 
74 100 81 41 1 98 51 46 39 79 57 83 21 96 50 20 78 19 87 80 12 58 25 41 13 83 6 36 10 91 41 88 17 87 36 98 85 38 2 26 27 15 79 11 28 7 39 38 27 60 41 84 38 39 8 100 37 96 56 76 44 39 52 59 39 21 49 44 63 72 4 6 30 20 81 0 10 8 43 93 
34 86 25 21 48 83 58 4 37 23 34 89 47 17 42 48 35 14 51 13 95 10 23 58 59 59 85 34 80 82 53 12 24 67 13 93 80 96 39 66 12 91 92 10 25 88 50 13 97 97 40 2 25 87 6 34 42 80 3 78 82 48 60 43 33 37 24 99 17 85 62 44 14 21 96 10 0 5 25 89 
82 91 11 64 16 80 16 90 43 96 40 48 100 25 97 38 84 9 32 57 63 79 48 1 25 35 11 65 30 6 41 65 50 94 26 18 56 18 44 72 56 44 91 41 62 88 84 87 75 83 76 20 25 12 87 23 90 78 9 84 45 42 62 59 49 40 88 28 99 45 47 77 23 9 55 8 5 0 10 82 
8 56 74 33 54 55 38 16 18 4 61 97 32 40 7 57 83 68 52 52 63 31 57 82 22 91 87 55 12 69 54 97 55 95 44 58 1 77 38 47 19 96 19 21 75 19 84 69 95 86 37 25 93 2 49 71 51 3 44 28 57 63 84 72 22 64 36 36 72 43 84 24 37 65 47 43 25 10 0 32 
71 11 83 34 4 69 23 55 33 44 42 42 84 55 22 15 19 22 63 100 84 36 99 24 53 54 6 2 21 71 98 98 1 3 89 81 21 29 46 78 55 38 47 53 74 45 79 58 6 43 74 41 8 67 8 99 3 5 55 47 89 8 90 31 22 96 14 36 18 21 98 7 98 15 45 93 89 82 32 0 
