100
0 56 32 88 70 94 10 87 43 29 40 67 9 70 11 6 80 19 68 40 94 46 79 35 52 73 56 31 46 56 80 69 11 11 56 80 56 17 67 51 46 58 69 6 79 80 11 10 50 30 50 44 75 80 30 27 52 85 9 49 40 88 17 51 50 24 82 5 40 100 55 37 10 24 94 40 3 57 50 52 86 51 47 61 30 76 39 33 61 47 81 52 34 49 2 83 24 36 39 63 
56 0 87 94 52 48 69 45 88 23 53 89 26 39 39 73 51 20 48 41 52 60 87 84 12 72 32 65 6 55 52 44 69 39 89 72 86 57 17 25 31 21 13 57 59 51 29 61 22 28 1 73 88 39 8 51 62 39 67 67 45 19 63 66 9 51 37 46 60 5 23 90 26 35 46 36 38 26 97 59 54 49 84 93 40 91 95 1 82 61 20 78 31 82 43 91 84 80 89 43 
32 87 0 84 11 85 61 45 82 97 34 8 45 93 13 45 28 57 84 18 51 37 51 63 56 29 46 37 71 36 72 2 76 67 86 86 51 46 83 84 94 16 91 38 60 55 83 87 63 18 57 65 54 7 28 61 35 25 49 58 12 21 59 88 87 96 73 89 42 55 72 87 23 15 25 82 69 59 69 32 28 25 96 82 83 75 94 18 99 43 27 63 15 85 50 1 81 74 89 74 
88 94 84 0 29 12 60 3 26 36 84 47 94 4 30 22 80 77 55 63 4 48 32 54 42 58 16 56 94 65 8 74 39 96 47 19 60 59 21 85 94 56 31 40 60 12 13 91 89 19 5 92 18 88 45 60 97 61 67 91 77 75 64 15 22 63 33 81 73 5 66 18 61 48 57 72 12 21 14 100 39 19 43 57 58 87 68 55 99 34 45 76 8 60 42 30 74 75 10 46 
70 52 11 29 0 31 27 16 43 27 72 66 38 45 80 89 83 50 31 91 7 69 10 61 68 44 57 95 3 69 36 32 42 62 94 40 93 72 55 87 50 78 53 39 74 32 27 9 33 9 99 39 30 61 52 49 4 60 43 6 28 30 90 22 92 35 61 36 58 67 22 8 96 26 46 70 9 25 30 41 85 28 32 14 40 35 62 43 94 4 1 74 86 42 95 77 76 7 64 85 
94 48 85 12 31 0 25 37 92 72 63 90 93 23 66 22 64 50 2 47 64 41 33 77 36 78 33 36 51 18 29 97 46 56 3 9 40 79 45 84 51 59 25 95 82 90 17 97 91 18 43 6 10 75 83 45 4 15 32 55 84 60 51 29 67 6 37 7 36 33 90 86 44 66 33 25 55 49 21 45 18 15 3 27 41 85 24 44 51 55 50 34 67 53 62 33 58 50 39 45 
10 69 61 60 27 25 0 34 80 83 77 45 15 1 51 63 73 48 80 39 50 58 79 34 81 75 36 36 76 69 54 28 82 86 37 83 77 82 16 56 64 93 53 78 45 55 92 70 2 23 8 51 80 39 36 61 65 71 48 40 91 1 68 24 38 4 6 14 37 74 22 100 18 74 29 62 28 20 83 82 42 43 32 22 81 20 34 97 42 33 36 33 85 55 8 22 11 66 88 47 
87 45 45 3 16 37 34 0 39 9 99 56 34 27 69 13 99 4 94 40 46 78 13 78 97 98 74 90 82 61 74 66 16 82 40 78 47 79 76 37 87 74 44 72 53 12 84 51 67 30 42 12 59 7 89 7 56 14 96 38 75 70 55 42 51 46 19 49 24 46 85 62 20 28 33 24 91 69 74 58 50 67 21 8 25 10 66 81 75 61 70 1 82 24 42 32 70 12 32 45 
43 88 82 26 43 92 80 39 0 58 16 7 29 95 91 52 86 11 77 95 12 95 15 71 20 76 36 100 51 49 69 51 30 44 45 14 65 8 45 10 17 13 68 45 7 58 96 44 21 24 38 32 19 53 3 38 80 90 89 30 38 9 33 68 52 29 81 17 36 77 26 53 89 93 49 48 2 97 91 74 20 81 6 38 85 60 27 64 49 15 46 87 23 78 6 75 58 86 43 93 
29 23 97 36 27 72 83 9 58 0 62 68 97 3 12 98 50 65 94 92 39 13 72 96 3 56 7 81 20 7 96 65 93 70 94 50 96 51 35 38 95 49 57 44 3 68 41 52 85 86 43 75 50 15 22 52 70 28 33 41 34 80 57 79 49 50 28 97 52 15 34 99 15 91 94 17 10 86 20 46 71 62 20 20 28 41 24 98 20 8 90 6 87 47 36 87 48 15 83 52 
40 53 34 84 72 63 77 99 16 62 0 81 69 50 95 11 95 63 72 80 82 18 2 44 89 73 71 30 96 20 1 55 62 6 41 8 93 80 55 8 14 6 88 82 7 35 44 1 97 16 32 79 33 85 74 21 58 96 2 5 16 55 60 77 12 52 36 5 31 42 12 45 48 51 78 6 85 22 59 82 37 42 12 21 27 85 93 36 80 47 40 47 1 51 75 12 3 10 68 85 
67 89 8 47 66 90 45 56 7 68 81 0 52 31 81 51 82 59 8 18 32 66 51 68 8 62 40 86 98 32 21 30 30 12 76 30 63 51 94 17 12 61 1 15 44 82 17 25 40 25 94 71 90 45 90 49 58 29 34 56 12 6 85 42 18 12 23 32 14 68 48 78 81 48 92 24 29 9 100 20 85 93 42 74 89 31 75 47 11 60 54 75 66 90 68 35 1 42 18 67 
9 26 45 94 38 93 15 34 29 97 69 52 0 10 65 44 90 12 35 13 93 95 12 64 79 4 6 5 93 88 79 91 51 90 44 77 7 33 44 41 85 85 58 51 46 74 94 35 38 81 47 82 27 10 45 6 66 2 10 10 90 40 100 92 29 95 68 36 27 63 28 63 99 38 66 45 63 11 31 100 91 78 81 18 87 26 75 4 79 84 13 68 75 12 11 55 6 30 42 84 
70 39 93 4 45 23 1 27 95 3 50 31 10 0 44 22 99 43 11 64 39 73 74 69 73 17 98 53 86 37 30 60 40 9 95 53 28 69 16 91 75 22 20 17 57 64 38 7 58 100 70 96 72 96 16 44 12 14 49 97 50 30 56 41 90 50 93 70 70 9 60 44 82 79 12 90 42 1 97 99 100 66 46 72 61 14 67 72 27 67 20 28 97 75 68 86 76 13 7 97 
11 39 13 30 80 66 51 69 91 12 95 81 65 44 0 21 66 93 2 45 4 43 38 57 39 89 8 5 34 79 17 47 98 41 25 64 60 4 12 87 72 50 14 84 56 11 56 22 3 9 18 58 51 55 14 90 43 22 46 29 52 62 27 49 54 4 65 66 7 76 52 30 25 65 13 33 27 20 54 29 28 71 87 79 25 52 20 20 25 65 100 77 78 26 77 84 81 93 49 88 
6 73 45 22 89 22 63 13 52 98 11 51 44 22 21 0 69 52 17 45 16 82 77 43 1 82 23 81 52 61 11 29 13 82 100 89 46 99 65 75 76 94 10 9 86 58 96 6 9 64 51 77 45 79 71 98 13 45 30 16 6 40 96 70 21 95 58 18 45 75 44 73 68 54 81 5 63 28 11 24 91 13 52 36 43 22 85 55 18 14 71 23 5 66 44 77 13 54 46 57 
80 51 28 80 83 64 73 99 86 50 95 82 90 99 66 69 0 28 89 81 47 94 61 51 9 40 13 32 31 25 35 18 68 8 2 74 25 67 44 100 23 62 43 99 74 96 44 82 75 84 63 21 30 75 24 38 15 36 21 97 13 7 14 32 14 67 5 38 33 1 89 7 62 32 57 87 79 52 68 6 35 82 78 16 9 1 5 23 89 77 19 1 83 84 32 96 50 88 86 34 
19 20 57 77 50 50 48 4 11 65 63 59 12 43 93 52 28 0 88 74 40 49 57 96 35 88 47 55 93 33 36 70 49 44 23 5 18 11 82 88 63 64 71 94 12 20 33 49 53 21 74 44 21 31 39 8 70 37 62 62 70 49 83 70 45 5 74 62 15 7 2 77 23 72 22 86 44 55 34 48 27 59 92 47 89 82 6 10 19 19 71 40 68 54 9 12 10 34 25 25 
68 48 84 55 31 2 80 94 77 94 72 8 35 11 2 17 89 88 0 41 26 53 63 98 27 48 93 33 33 40 59 91 83 57 32 65 63 41 83 81 64 74 100 69 82 11 78 15 36 2 7 13 7 69 10 33 68 54 65 100 46 75 91 28 31 74 44 93 14 26 26 77 99 25 45 32 88 23 99 75 76 5 87 82 74 49 66 93 2 82 93 47 56 35 27 87 8 70 31 73 
40 41 18 63 91 47 39 40 95 92 80 18 13 64 45 45 81 74 41 0 48 56 2 98 33 98 30 20 72 28 94 100 84 32 33 57 80 99 2 82 80 94 80 36 80 6 74 39 76 4 11 23 12 64 20 96 62 1 67 85 28 12 84 12 43 17 20 23 67 21 56 46 66 35 33 97 41 58 35 68 14 98 90 77 61 61 72 74 62 38 11 41 1 94 4 43 62 24 65 28 
94 52 51 4 7 64 50 46 12 39 82 32 93 39 4 16 47 40 26 48 0 96 72 26 14 7 10 10 99 68 45 66 81 94 7 57 6 19 80 80 80 69 90 21 69 35 76 11 97 51 28 76 47 99 1 12 57 11 21 7 30 17 72 10 10 30 18 16 49 97 47 80 17 88 52 85 22 28 47 70 78 26 46 76 77 98 87 33 8 60 40 89 28 63 98 90 45 67 57 45 
46 60 37 48 69 41 58 78 95 13 18 66 95 73 43 82 94 49 53 56 96 0 63 3 24 31 42 28 15 15 7 14 85 84 39 82 12 67 79 50 52 39 9 91 27 37 5 77 26 49 43 82 45 58 36 21 88 29 48 55 43 54 20 79 89 10 60 52 77 91 2 28 81 62 70 59 98 74 35 75 75 30 8 71 87 95 91 26 23 38 32 18 43 51 96 84 61 8 35 37 
79 87 51 32 10 33 79 13 15 72 2 51 12 74 38 77 61 57 63 2 72 63 0 98 88 16 30 50 85 88 99 10 23 74 84 4 33 55 90 80 97 67 2 35 99 19 29 49 67 64 61 74 51 97 71 38 12 100 87 48 39 86 58 61 11 93 64 95 47 5 74 44 24 28 30 22 98 10 22 64 74 35 37 24 83 59 13 95 10 100 94 49 37 51 61 47 44 77 41 42 
35 84 63 54 61 77 34 78 71 96 44 68 64 69 57 43 51 96 98 98 26 3 98 0 81 67 37 56 94 18 29 91 80 51 55 5 37 43 80 19 2 92 65 11 43 59 11 79 9 72 77 4 48 70 46 80 36 34 36 29 52 64 71 83 66 25 87 2 20 66 21 21 57 85 83 100 95 94 30 4 17 7 59 64 76 56 95 11 90 30 91 93 46 61 75 11 38 61 65 57 
52 12 56 42 68 36 81 97 20 3 89 8 79 73 39 1 9 35 27 33 14 24 88 81 0 78 37 29 34 73 63 85 68 56 15 23 24 21 81 87 48 89 82 58 78 63 100 22 8 60 48 71 49 60 87 57 37 23 85 22 47 48 7 14 55 73 88 79 45 21 17 92 9 50 1 86 65 100 59 72 59 6 94 60 65 32 16 1 6 1 22 53 100 80 18 6 4 6 84 48 
73 72 29 58 44 78 75 98 76 56 73 62 4 17 89 82 40 88 48 98 7 31 16 67 78 0 26 53 39 34 2 39 71 66 90 29 90 49 34 35 8 50 67 75 50 72 75 23 76 26 55 94 32 58 99 67 58 76 19 48 61 73 39 31 90 28 11 31 76 96 18 35 45 36 10 46 7 36 20 35 14 74 28 45 84 78 63 41 5 34 88 65 6 26 47 47 54 57 30 81 
56 32 46 16 57 33 36 74 36 7 71 40 6 98 8 23 13 47 93 30 10 42 30 37 37 26 0 4 47 68 100 82 29 97 40 16 16 74 29 42 1 25 25 30 88 17 34 21 4 98 78 82 44 76 87 52 5 19 7 51 38 6 84 66 2 24 82 70 49 62 11 2 87 35 31 26 51 17 98 6 14 75 87 10 2 25 13 7 44 72 9 33 77 93 99 31 68 32 100 16 
31 65 37 56 95 36 36 90 100 81 30 86 5 53 5 81 32 55 33 20 10 28 50 56 29 53 4 0 45 10 69 83 96 100 8 98 16 5 3 81 31 42 42 33 66 7 91 61 78 99 94 6 43 44 36 62 27 87 30 71 48 98 54 95 49 13 92 16 18 95 97 100 36 90 84 53 48 74 66 25 25 11 31 67 54 18 29 80 57 10 2 56 7 55 51 56 68 42 71 37 
46 6 71 94 3 51 76 82 51 20 96 98 93 86 34 52 31 93 33 72 99 15 85 94 34 39 47 45 0 36 19 88 23 61 72 28 8 97 93 85 21 3 67 40 8 36 20 39 92 29 40 100 35 47 50 42 66 91 13 54 79 83 41 53 43 64 80 3 61 24 87 33 78 53 72 85 88 91 75 32 71 15 31 6 13 80 47 78 22 11 31 52 46 23 5 40 39 36 42 99 
56 55 36 65 69 18 69 61 49 7 20 32 88 37 79 61 25 33 40 28 68 15 88 18 73 34 68 10 36 0 12 28 83 89 32 7 26 20 49 100 51 20 14 33 77 78 12 75 55 85 38 37 37 83 60 93 22 98 80 64 48 91 43 30 32 75 88 57 46 37 56 96 56 22 28 84 99 91 58 54 75 95 90 63 29 1 7 51 98 87 66 97 29 8 27 60 34 66 16 79 
80 52 72 8 36 29 54 74 69 96 1 21 79 30 17 11 35 36 59 94 45 7 99 29 63 2 100 69 19 12 0 2 24 26 9 45 5 92 95 95 2 100 22 48 42 36 77 42 43 27 92 81 92 88 9 51 14 21 85 32 88 63 33 11 89 94 7 93 85 2 40 38 1 13 86 42 48 62 36 42 40 27 74 31 14 35 33 80 55 17 11 42 32 95 53 20 88 11 64 25 
69 44 2 74 32 97 28 66 51 65 55 30 91 60 47 29 18 70 91 100 66 14 10 91 85 39 82 83 88 28 2 0 12 55 62 65 67 47 58 67 60 93 60 99 19 34 29 33 68 62 64 74 30 74 15 61 68 19 32 56 30 48 80 93 2 93 57 21 92 67 39 51 59 98 50 30 83 30 62 2 43 77 75 73 50 42 85 69 12 69 76 93 16 7 86 69 100 94 89 91 
11 69 76 39 42 46 82 16 30 93 62 30 51 40 98 13 68 49 83 84 81 85 23 80 68 71 29 96 23 83 24 12 0 60 27 41 71 77 42 100 59 72 13 13 66 89 87 90 38 28 75 58 92 43 34 84 10 40 69 78 91 15 67 81 26 45 74 96 73 67 95 32 90 7 96 56 95 82 45 84 62 71 42 53 65 27 36 74 18 57 52 9 23 70 41 48 14 66 44 87 
11 39 67 96 62 56 86 82 44 70 6 12 90 9 41 82 8 44 57 32 94 84 74 51 56 66 97 100 61 89 26 55 60 0 33 38 70 22 97 65 29 91 98 26 27 59 48 20 63 13 46 51 86 63 59 89 23 81 58 64 28 24 81 71 62 13 61 31 87 57 47 67 47 44 92 25 55 40 44 69 4 41 19 89 56 77 30 78 9 39 93 37 62 74 7 23 86 67 5 24 
56 89 86 47 94 3 37 40 45 94 41 76 44 95 25 100 2 23 32 33 7 39 84 55 15 90 40 8 72 32 9 62 27 33 0 75 51 91 22 47 34 98 53 25 42 21 28 34 92 69 89 20 98 67 29 36 59 65 50 84 23 72 70 42 77 45 16 79 87 89 25 21 87 77 45 80 50 73 13 41 41 54 12 90 20 40 25 30 56 26 14 31 98 35 72 26 79 39 4 18 
80 72 86 19 40 9 83 78 14 50 8 30 77 53 64 89 74 5 65 57 57 82 4 5 23 29 16 98 28 7 45 65 41 38 75 0 28 81 38 66 57 82 45 58 6 9 50 98 62 62 87 33 53 64 15 61 89 28 91 38 14 14 63 44 52 19 61 31 99 98 96 7 32 92 65 89 1 14 87 14 27 73 99 80 88 13 92 77 40 82 14 5 47 29 48 50 47 9 81 45 
56 86 51 60 93 40 77 47 65 96 93 63 7 28 60 46 25 18 63 80 6 12 33 37 24 90 16 16 8 26 5 67 71 70 51 28 0 58 76 51 41 20 67 30 72 81 16 85 59 88 83 38 76 95 29 4 86 62 69 90 60 97 90 10 43 98 90 87 7 17 90 48 36 56 77 7 36 92 44 47 31 78 84 58 25 65 61 10 78 30 52 90 78 93 99 21 42 40 7 48 
17 57 46 59 72 79 82 79 8 51 80 51 33 69 4 99 67 11 41 99 19 67 55 43 21 49 74 5 97 20 92 47 77 22 91 81 58 0 56 48 95 44 4 23 2 91 66 45 37 97 75 73 6 99 89 19 60 66 100 63 55 77 55 5 97 96 44 56 44 100 3 90 43 6 65 44 49 30 41 85 78 15 57 84 13 45 2 24 63 1 87 69 77 41 74 26 37 17 81 32 
67 17 83 21 55 45 16 76 45 35 55 94 44 16 12 65 44 82 83 2 80 79 90 80 81 34 29 3 93 49 95 58 42 97 22 38 76 56 0 68 83 21 62 41 85 58 89 67 98 73 44 64 82 27 28 78 80 51 40 80 37 9 9 78 34 34 66 50 66 97 70 100 69 31 40 6 88 80 72 85 53 15 100 86 94 27 63 73 78 3 5 66 63 13 95 96 98 60 97 15 
51 25 84 85 87 84 56 37 10 38 8 17 41 91 87 75 100 88 81 82 80 50 80 19 87 35 42 81 85 100 95 67 100 65 47 66 51 48 68 0 8 66 14 77 97 54 82 36 33 5 73 37 19 72 74 12 99 37 37 76 91 41 41 53 5 88 100 54 47 48 68 7 14 81 83 62 86 16 97 19 72 69 7 90 41 81 54 39 17 42 66 59 82 58 63 38 45 62 91 44 
46 31 94 94 50 51 64 87 17 95 14 12 85 75 72 76 23 63 64 80 80 52 97 2 48 8 1 31 21 51 2 60 59 29 34 57 41 95 83 8 0 61 10 50 74 90 84 35 76 51 84 46 22 52 52 11 44 32 16 34 100 57 51 10 90 9 72 27 5 85 69 100 46 78 49 71 68 84 58 95 34 41 40 55 44 43 18 88 75 85 73 26 94 24 36 83 84 59 62 88 
58 21 16 56 78 59 93 74 13 49 6 61 85 22 50 94 62 64 74 94 69 39 67 92 89 50 25 42 3 20 100 93 72 91 98 82 20 44 21 66 61 0 44 82 40 41 60 88 11 79 24 68 25 57 8 64 12 4 6 81 91 32 65 15 10 58 38 97 93 21 55 6 61 50 87 100 90 98 39 1 28 62 68 52 71 28 15 82 31 73 14 73 56 30 87 17 40 77 13 32 
69 13 91 31 53 25 53 44 68 57 88 1 58 20 14 10 43 71 100 80 90 9 2 65 82 67 25 42 67 14 22 60 13 98 53 45 67 4 62 14 10 44 0 97 20 37 9 69 75 8 11 73 99 63 100 60 82 52 82 9 18 15 91 42 28 15 50 58 2 66 97 78 31 80 26 50 68 35 70 42 94 32 14 44 94 66 56 76 69 37 36 38 52 27 80 79 41 29 88 94 
6 57 38 40 39 95 78 72 45 44 82 15 51 17 84 9 99 94 69 36 21 91 35 11 58 75 30 33 40 33 48 99 13 26 25 58 30 23 41 77 50 82 97 0 94 84 23 76 15 1 25 82 35 47 24 80 78 89 24 72 6 79 47 74 15 34 12 66 60 91 97 53 71 84 98 16 20 21 92 34 21 68 16 7 14 91 38 92 31 61 63 37 91 61 10 58 94 21 75 6 
79 59 60 60 74 82 45 53 7 3 7 44 46 57 56 86 74 12 82 80 69 27 99 43 78 50 88 66 8 77 42 19 66 27 42 6 72 2 85 97 74 40 20 94 0 63 71 58 85 7 7 1 26 79 44 11 99 11 78 57 25 68 95 68 99 7 30 87 98 42 96 7 35 69 81 92 83 52 1 20 58 8 72 35 86 15 97 37 77 75 45 53 94 39 20 44 98 1 30 47 
80 51 55 12 32 90 55 12 58 68 35 82 74 64 11 58 96 20 11 6 35 37 19 59 63 72 17 7 36 78 36 34 89 59 21 9 81 91 58 54 90 41 37 84 63 0 42 78 53 29 46 33 20 80 36 21 99 45 28 70 31 65 36 28 1 13 2 46 65 95 36 85 39 85 37 20 31 79 97 35 59 94 20 78 74 55 98 24 52 77 94 82 94 81 9 94 93 10 91 10 
11 29 83 13 27 17 92 84 96 41 44 17 94 38 56 96 44 33 78 74 76 5 29 11 100 75 34 91 20 12 77 29 87 48 28 50 16 66 89 82 84 60 9 23 71 42 0 57 79 46 47 63 82 66 46 12 63 80 70 56 51 48 81 6 97 5 57 26 50 38 19 30 47 12 75 8 55 84 64 85 29 10 99 62 76 44 74 90 76 43 45 26 42 78 83 39 82 39 16 83 
10 61 87 91 9 97 70 51 44 52 1 25 35 7 22 6 82 49 15 39 11 77 49 79 22 23 21 61 39 75 42 33 90 20 34 98 85 45 67 36 35 88 69 76 58 78 57 0 29 34 12 27 97 86 86 51 21 50 87 1 11 86 63 38 29 88 27 56 82 24 82 24 53 64 14 34 55 29 16 35 62 79 13 58 17 98 61 37 99 47 90 62 32 4 99 13 91 78 68 72 
50 22 63 89 33 91 2 67 21 85 97 40 38 58 3 9 75 53 36 76 97 26 67 9 8 76 4 78 92 55 43 68 38 63 92 62 59 37 98 33 76 11 75 15 85 53 79 29 0 53 1 47 5 17 60 90 23 40 57 57 53 35 69 63 3 18 23 92 69 21 81 30 5 84 80 69 74 57 88 97 61 89 44 17 5 55 58 27 95 14 35 99 1 55 61 3 72 35 94 40 
30 28 18 19 9 18 23 30 24 86 16 25 81 100 9 64 84 21 2 4 51 49 64 72 60 26 98 99 29 85 27 62 28 13 69 62 88 97 73 5 51 79 8 1 7 29 46 34 53 0 8 26 69 12 9 1 80 82 57 67 31 70 7 74 38 11 80 96 89 26 61 23 25 61 29 85 16 1 72 61 92 79 87 13 90 95 13 21 29 21 39 59 42 46 84 80 8 63 75 49 
50 1 57 5 99 43 8 42 38 43 32 94 47 70 18 51 63 74 7 11 28 43 61 77 48 55 78 94 40 38 92 64 75 46 89 87 83 75 44 73 84 24 11 25 7 46 47 12 1 8 0 89 87 23 65 48 52 49 15 4 72 75 95 50 13 59 39 8 71 11 88 44 2 98 85 99 81 64 6 95 90 6 35 77 29 99 76 32 100 90 35 71 16 81 21 29 92 11 88 14 
44 73 65 92 39 6 51 12 32 75 79 71 82 96 58 77 21 44 13 23 76 82 74 4 71 94 82 6 100 37 81 74 58 51 20 33 38 73 64 37 46 68 73 82 1 33 63 27 47 26 89 0 74 27 57 75 24 42 73 56 57 30 50 99 88 37 75 16 87 50 99 38 91 85 9 6 17 81 86 8 43 25 22 16 51 78 42 74 71 66 81 80 96 31 78 83 19 52 50 5 
75 88 54 18 30 10 80 59 19 50 33 90 27 72 51 45 30 21 7 12 47 45 51 48 49 32 44 43 35 37 92 30 92 86 98 53 76 6 82 19 22 25 99 35 26 20 82 97 5 69 87 74 0 53 100 43 95 84 3 52 100 35 38 60 77 62 81 45 13 10 38 38 33 4 19 12 51 1 41 85 71 92 34 75 96 85 69 90 68 23 41 19 57 30 78 86 44 58 82 8 
80 39 7 88 61 75 39 7 53 15 85 45 10 96 55 79 75 31 69 64 99 58 97 70 60 58 76 44 47 83 88 74 43 63 67 64 95 99 27 72 52 57 63 47 79 80 66 86 17 12 23 27 53 0 20 19 45 52 74 15 15 24 67 55 8 37 98 93 64 93 77 32 34 96 55 26 15 11 56 44 48 99 54 29 6 73 100 2 24 73 69 90 49 35 44 8 72 41 1 35 
30 8 28 45 52 83 36 89 3 22 74 90 45 16 14 71 24 39 10 20 1 36 71 46 87 99 87 36 50 60 9 15 34 59 29 15 29 89 28 74 52 8 100 24 44 36 46 86 60 9 65 57 100 20 0 85 29 18 70 25 72 95 91 35 2 86 82 52 39 63 9 11 62 63 86 86 31 75 34 65 70 42 88 10 94 74 46 74 92 67 50 63 14 40 49 15 26 31 19 64 
27 51 61 60 49 45 61 7 38 52 21 49 6 44 90 98 38 8 33 96 12 21 38 80 57 67 52 62 42 93 51 61 84 89 36 61 4 19 78 12 11 64 60 80 11 21 12 51 90 1 48 75 43 19 85 0 45 79 27 58 41 12 43 23 39 29 40 8 22 79 70 15 53 15 88 44 82 38 6 95 29 55 61 6 37 31 22 33 62 48 90 2 11 32 77 49 12 68 9 33 
52 62 35 97 4 4 65 56 80 70 58 58 66 12 43 13 15 70 68 62 57 88 12 36 37 58 5 27 66 22 14 68 10 23 59 89 86 60 80 99 44 12 82 78 99 99 63 21 23 80 52 24 95 45 29 45 0 46 78 99 98 44 87 41 77 76 99 23 56 5 84 62 41 66 35 25 27 34 14 81 44 97 57 45 9 24 53 41 21 82 40 19 25 78 59 2 5 57 24 60 
85 39 25 61 60 15 71 14 90 28 96 29 2 14 22 45 36 37 54 1 11 29 100 34 23 76 19 87 91 98 21 19 40 81 65 28 62 66 51 37 32 4 52 89 11 45 80 50 40 82 49 42 84 52 18 79 46 0 61 59 73 53 25 7 29 3 40 42 83 36 39 91 32 99 66 36 91 87 17 82 57 41 11 15 42 15 24 18 27 36 76 51 41 52 58 69 55 49 11 89 
9 67 49 67 43 32 48 96 89 33 2 34 10 49 46 30 21 62 65 67 21 48 87 36 85 19 7 30 13 80 85 32 69 58 50 91 69 100 40 37 16 6 82 24 78 28 70 87 57 57 15 73 3 74 70 27 78 61 0 36 1 32 67 51 97 2 41 35 70 75 91 11 85 58 4 52 33 21 78 68 49 28 8 100 37 77 54 38 87 95 73 39 26 92 89 74 45 81 61 15 
49 67 58 91 6 55 40 38 30 41 5 56 10 97 29 16 97 62 100 85 7 55 48 29 22 48 51 71 54 64 32 56 78 64 84 38 90 63 80 76 34 81 9 72 57 70 56 1 57 67 4 56 52 15 25 58 99 59 36 0 55 3 77 40 60 80 91 92 53 68 12 1 47 19 100 84 95 6 73 33 100 97 23 77 40 11 50 85 92 62 51 98 65 79 37 76 58 79 20 62 
40 45 12 77 28 84 91 75 38 34 16 12 90 50 52 6 13 70 46 28 30 43 39 52 47 61 38 48 79 48 88 30 91 28 23 14 60 55 37 91 100 91 18 6 25 31 51 11 53 31 72 57 100 15 72 41 98 73 1 55 0 98 31 62 45 49 14 80 96 71 52 80 70 100 3 98 40 65 99 24 8 61 26 6 25 4 94 52 13 73 71 75 70 1 88 14 2 53 45 97 
88 19 21 75 30 60 1 70 9 80 55 6 40 30 62 40 7 49 75 12 17 54 86 64 48 73 6 98 83 91 63 48 15 24 72 14 97 77 9 41 57 32 15 79 68 65 48 86 35 70 75 30 35 24 95 12 44 53 32 3 98 0 23 48 28 44 48 30 41 87 95 40 62 54 100 87 59 76 42 53 27 54 25 98 80 46 50 68 12 51 72 56 99 95 4 27 38 51 8 79 
17 63 59 64 90 51 68 55 33 57 60 85 100 56 27 96 14 83 91 84 72 20 58 71 7 39 84 54 41 43 33 80 67 81 70 63 90 55 9 41 51 65 91 47 95 36 81 63 69 7 95 50 38 67 91 43 87 25 67 77 31 23 0 37 54 70 98 8 21 36 18 96 77 22 74 82 98 23 62 44 25 81 55 75 52 10 26 46 65 4 84 15 11 14 3 65 83 52 24 3 
51 66 88 15 22 29 24 42 68 79 77 42 92 41 49 70 32 70 28 12 10 79 61 83 14 31 66 95 53 30 11 93 81 71 42 44 10 5 78 53 10 15 42 74 68 28 6 38 63 74 50 99 60 55 35 23 41 7 51 40 62 48 37 0 87 41 50 15 63 75 97 60 50 58 3 74 90 9 100 41 19 25 87 83 28 22 50 91 35 52 7 69 56 30 23 42 22 24 9 84 
50 9 87 22 92 67 38 51 52 49 12 18 29 90 54 21 14 45 31 43 10 89 11 66 55 90 2 49 43 32 89 2 26 62 77 52 43 97 34 5 90 10 28 15 99 1 97 29 3 38 13 88 77 8 2 39 77 29 97 60 45 28 54 87 0 98 5 96 47 14 50 72 3 59 72 43 77 48 81 11 28 2 60 18 88 64 24 8 19 5 30 12 26 53 20 62 3 24 57 49 
24 51 96 63 35 6 4 46 29 50 52 12 95 50 4 95 67 5 74 17 30 10 93 25 73 28 24 13 64 75 94 93 45 13 45 19 98 96 34 88 9 58 15 34 7 13 5 88 18 11 59 37 62 37 86 29 76 3 2 80 49 44 70 41 98 0 89 6 21 91 64 44 34 92 91 14 55 18 68 14 87 7 29 62 15 99 66 96 11 44 49 82 5 51 58 61 51 46 18 23 
82 37 73 33 61 37 6 19 81 28 36 23 68 93 65 58 5 74 44 20 18 60 64 87 88 11 82 92 80 88 7 57 74 61 16 61 90 44 66 100 72 38 50 12 30 2 57 27 23 80 39 75 81 98 82 40 99 40 41 91 14 48 98 50 5 89 0 37 34 18 70 77 9 35 31 78 54 97 17 61 25 78 27 24 96 22 86 39 22 67 43 24 24 55 27 70 72 1 6 57 
5 46 89 81 36 7 14 49 17 97 5 32 36 70 66 18 38 62 93 23 16 52 95 2 79 31 70 16 3 57 93 21 96 31 79 31 87 56 50 54 27 97 58 66 87 46 26 56 92 96 8 16 45 93 52 8 23 42 35 92 80 30 8 15 96 6 37 0 19 27 34 79 13 64 8 67 12 24 79 89 2 5 12 97 78 49 87 52 15 29 27 91 35 53 12 58 6 69 15 24 
40 60 42 73 58 36 37 24 36 52 31 14 27 70 7 45 33 15 14 67 49 77 47 20 45 76 49 18 61 46 85 92 73 87 87 99 7 44 66 47 5 93 2 60 98 65 50 82 69 89 71 87 13 64 39 22 56 83 70 53 96 41 21 63 47 21 34 19 0 95 100 54 7 15 61 25 27 85 3 15 38 59 78 86 37 26 72 40 92 52 66 34 86 71 45 95 28 65 9 3 
100 5 55 5 67 33 74 46 77 15 42 68 63 9 76 75 1 7 26 21 97 91 5 66 21 96 62 95 24 37 2 67 67 57 89 98 17 100 97 48 85 21 66 91 42 95 38 24 21 26 11 50 10 93 63 79 5 36 75 68 71 87 36 75 14 91 18 27 95 0 59 60 56 18 75 16 94 1 52 97 67 89 7 44 74 95 21 97 34 64 48 52 50 85 22 46 80 1 11 40 
55 23 72 66 22 90 22 85 26 34 12 48 28 60 52 44 89 2 26 56 47 2 74 21 17 18 11 97 87 56 40 39 95 47 25 96 90 3 70 68 69 55 97 97 96 36 19 82 81 61 88 99 38 77 9 70 84 39 91 12 52 95 18 97 50 64 70 34 100 59 0 3 21 100 58 90 26 25 84 78 77 32 44 65 38 39 39 33 11 35 18 26 35 69 75 19 42 21 50 42 
37 90 87 18 8 86 100 62 53 99 45 78 63 44 30 73 7 77 77 46 80 28 44 21 92 35 2 100 33 96 38 51 32 67 21 7 48 90 100 7 100 6 78 53 7 85 30 24 30 23 44 38 38 32 11 15 62 91 11 1 80 40 96 60 72 44 77 79 54 60 3 0 83 42 44 3 41 1 93 18 26 28 95 54 59 38 18 48 28 8 80 38 95 98 63 29 18 90 99 60 
10 26 23 61 96 44 18 20 89 15 48 81 99 82 25 68 62 23 99 66 17 81 24 57 9 45 87 36 78 56 1 59 90 47 87 32 36 43 69 14 46 61 31 71 35 39 47 53 5 25 2 91 33 34 62 53 41 32 85 47 70 62 77 50 3 34 9 13 7 56 21 83 0 62 1 1 44 42 97 46 34 49 38 51 26 65 45 79 75 34 97 23 61 56 54 50 50 51 64 30 
24 35 15 48 26 66 74 28 93 91 51 48 38 79 65 54 32 72 25 35 88 62 28 85 50 36 35 90 53 22 13 98 7 44 77 92 56 6 31 81 78 50 80 84 69 85 12 64 84 61 98 85 4 96 63 15 66 99 58 19 100 54 22 58 59 92 35 64 15 18 100 42 62 0 21 53 29 80 14 29 32 57 22 28 3 55 77 92 57 54 9 1 33 83 86 81 57 98 36 11 
94 46 25 57 46 33 29 33 49 94 78 92 66 12 13 81 57 22 45 33 52 70 30 83 1 10 31 84 72 28 86 50 96 92 45 65 77 65 40 83 49 87 26 98 81 37 75 14 80 29 85 9 19 55 86 88 35 66 4 100 3 100 74 3 72 91 31 8 61 75 58 44 1 21 0 47 86 13 10 15 33 15 95 12 80 75 96 37 96 23 91 50 51 34 6 5 94 58 89 29 
40 36 82 72 70 25 62 24 48 17 6 24 45 90 33 5 87 86 32 97 85 59 22 100 86 46 26 53 85 84 42 30 56 25 80 89 7 44 6 62 71 100 50 16 92 20 8 34 69 85 99 6 12 26 86 44 25 36 52 84 98 87 82 74 43 14 78 67 25 16 90 3 1 53 47 0 95 69 85 92 4 95 90 41 8 52 56 92 66 50 4 45 77 99 33 72 73 75 74 76 
3 38 69 12 9 55 28 91 2 10 85 29 63 42 27 63 79 44 88 41 22 98 98 95 65 7 51 48 88 99 48 83 95 55 50 1 36 49 88 86 68 90 68 20 83 31 55 55 74 16 81 17 51 15 31 82 27 91 33 95 40 59 98 90 77 55 54 12 27 94 26 41 44 29 86 95 0 9 31 32 2 89 20 30 35 88 67 27 43 61 16 84 20 67 91 64 84 40 67 81 
57 26 59 21 25 49 20 69 97 86 22 9 11 1 20 28 52 55 23 58 28 74 10 94 100 36 17 74 91 91 62 30 82 40 73 14 92 30 80 16 84 98 35 21 52 79 84 29 57 1 64 81 1 11 75 38 34 87 21 6 65 76 23 9 48 18 97 24 85 1 25 1 42 80 13 69 9 0 16 17 13 40 41 88 13 16 48 43 47 1 83 18 83 18 5 49 96 100 61 11 
50 97 69 14 30 21 83 74 91 20 59 100 31 97 54 11 68 34 99 35 47 35 22 30 59 20 98 66 75 58 36 62 45 44 13 87 44 41 72 97 58 39 70 92 1 97 64 16 88 72 6 86 41 56 34 6 14 17 78 73 99 42 62 100 81 68 17 79 3 52 84 93 97 14 10 85 31 16 0 83 33 30 73 96 65 64 62 45 32 30 58 71 70 97 35 38 44 29 84 44 
52 59 32 100 41 45 82 58 74 46 82 20 100 99 29 24 6 48 75 68 70 75 64 4 72 35 6 25 32 54 42 2 84 69 41 14 47 85 85 19 95 1 42 34 20 35 85 35 97 61 95 8 85 44 65 95 81 82 68 33 24 53 44 41 11 14 61 89 15 97 78 18 46 29 15 92 32 17 83 0 12 2 26 81 58 26 76 9 87 38 91 19 19 15 14 84 31 27 28 62 
86 54 28 39 85 18 42 50 20 71 37 85 91 100 28 91 35 27 76 14 78 75 74 17 59 14 14 25 71 75 40 43 62 4 41 27 31 78 53 72 34 28 94 21 58 59 29 62 61 92 90 43 71 48 70 29 44 57 49 100 8 27 25 19 28 87 25 2 38 67 77 26 34 32 33 4 2 13 33 12 0 8 37 84 77 33 70 66 28 98 50 24 61 3 1 41 12 27 68 21 
51 49 25 19 28 15 43 67 81 62 42 93 78 66 71 13 82 59 5 98 26 30 35 7 6 74 75 11 15 95 27 77 71 41 54 73 78 15 15 69 41 62 32 68 8 94 10 79 89 79 6 25 92 99 42 55 97 41 28 97 61 54 81 25 2 7 78 5 59 89 32 28 49 57 15 95 89 40 30 2 8 0 13 6 63 83 24 78 96 59 60 74 87 21 81 23 56 9 56 77 
47 84 96 43 32 3 32 21 6 20 12 42 81 46 87 52 78 92 87 90 46 8 37 59 94 28 87 31 31 90 74 75 42 19 12 99 84 57 100 7 40 68 14 16 72 20 99 13 44 87 35 22 34 54 88 61 57 11 8 23 26 25 55 87 60 29 27 12 78 7 44 95 38 22 95 90 20 41 73 26 37 13 0 75 35 74 76 58 87 30 59 79 41 85 47 13 49 4 76 31 
61 93 82 57 14 27 22 8 38 20 21 74 18 72 79 36 16 47 82 77 76 71 24 64 60 45 10 67 6 63 31 73 53 89 90 80 58 84 86 90 55 52 44 7 35 78 62 58 17 13 77 16 75 29 10 6 45 15 100 77 6 98 75 83 18 62 24 97 86 44 65 54 51 28 12 41 30 88 96 81 84 6 75 0 79 5 26 38 64 99 24 36 31 98 43 39 53 19 13 40 
30 40 83 58 40 41 81 25 85 28 27 89 87 61 25 43 9 89 74 61 77 87 83 76 65 84 2 54 13 29 14 50 65 56 20 88 25 13 94 41 44 71 94 14 86 74 76 17 5 90 29 51 96 6 94 37 9 42 37 40 25 80 52 28 88 15 96 78 37 74 38 59 26 3 80 8 35 13 65 58 77 63 35 79 0 44 40 97 30 69 55 61 62 91 7 74 39 62 1 69 
76 91 75 87 35 85 20 10 60 41 85 31 26 14 52 22 1 82 49 61 98 95 59 56 32 78 25 18 80 1 35 42 27 77 40 13 65 45 27 81 43 28 66 91 15 55 44 98 55 95 99 78 85 73 74 31 24 15 77 11 4 46 10 22 64 99 22 49 26 95 39 38 65 55 75 52 88 16 64 26 33 83 74 5 44 0 40 57 46 77 20 96 52 7 26 50 49 65 54 19 
39 95 94 68 62 24 34 66 27 24 93 75 75 67 20 85 5 6 66 72 87 91 13 95 16 63 13 29 47 7 33 85 36 30 25 92 61 2 63 54 18 15 56 38 97 98 74 61 58 13 76 42 69 100 46 22 53 24 54 50 94 50 26 50 24 66 86 87 72 21 39 18 45 77 96 56 67 48 62 76 70 24 76 26 40 40 0 29 93 15 69 42 44 37 48 4 98 39 62 24 
33 1 18 55 43 44 97 81 64 98 36 47 4 72 20 55 23 10 93 74 33 26 95 11 1 41 7 80 78 51 80 69 74 78 30 77 10 24 73 39 88 82 76 92 37 24 90 37 27 21 32 74 90 2 74 33 41 18 38 85 52 68 46 91 8 96 39 52 40 97 33 48 79 92 37 92 27 43 45 9 66 78 58 38 97 57 29 0 77 23 24 46 15 33 43 43 52 39 47 11 
61 82 99 99 94 51 42 75 49 20 80 11 79 27 25 18 89 19 2 62 8 23 10 90 6 5 44 57 22 98 55 12 18 9 56 40 78 63 78 17 75 31 69 31 77 52 76 99 95 29 100 71 68 24 92 62 21 27 87 92 13 12 65 35 19 11 22 15 92 34 11 28 75 57 96 66 43 47 32 87 28 96 87 64 30 46 93 77 0 64 48 11 28 1 30 9 46 96 77 39 
47 61 43 34 4 55 33 61 15 8 47 60 84 67 65 14 77 19 82 38 60 38 100 30 1 34 72 10 11 87 17 69 57 39 26 82 30 1 3 42 85 73 37 61 75 77 43 47 14 21 90 66 23 73 67 48 82 36 95 62 73 51 4 52 5 44 67 29 52 64 35 8 34 54 23 50 61 1 30 38 98 59 30 99 69 77 15 23 64 0 39 65 86 95 15 24 8 90 1 83 
81 20 27 45 1 50 36 70 46 90 40 54 13 20 100 71 19 71 93 11 40 32 94 91 22 88 9 2 31 66 11 76 52 93 14 14 52 87 5 66 73 14 36 63 45 94 45 90 35 39 35 81 41 69 50 90 40 76 73 51 71 72 84 7 30 49 43 27 66 48 18 80 97 9 91 4 16 83 58 91 50 60 59 24 55 20 69 24 48 39 0 65 98 97 97 40 91 49 30 37 
52 78 63 76 74 34 33 1 87 6 47 75 68 28 77 23 1 40 47 41 89 18 49 93 53 65 33 56 52 97 42 93 9 37 31 5 90 69 66 59 26 73 38 37 53 82 26 62 99 59 71 80 19 90 63 2 19 51 39 98 75 56 15 69 12 82 24 91 34 52 26 38 23 1 50 45 84 18 71 19 24 74 79 36 61 96 42 46 11 65 65 0 11 94 84 21 73 37 2 81 
34 31 15 8 86 67 85 82 23 87 1 66 75 97 78 5 83 68 56 1 28 43 37 46 100 6 77 7 46 29 32 16 23 62 98 47 78 77 63 82 94 56 52 91 94 94 42 32 1 42 16 96 57 49 14 11 25 41 26 65 70 99 11 56 26 5 24 35 86 50 35 95 61 33 51 77 20 83 70 19 61 87 41 31 62 52 44 15 28 86 98 11 0 34 97 9 72 88 74 57 
49 82 85 60 42 53 55 24 78 47 51 90 12 75 26 66 84 54 35 94 63 51 51 61 80 26 93 55 23 8 95 7 70 74 35 29 93 41 13 58 24 30 27 61 39 81 78 4 55 46 81 31 30 35 40 32 78 52 92 79 1 95 14 30 53 51 55 53 71 85 69 98 56 83 34 99 67 18 97 15 3 21 85 98 91 7 37 33 1 95 97 94 34 0 34 40 81 41 29 33 
2 43 50 42 95 62 8 42 6 36 75 68 11 68 77 44 32 9 27 4 98 96 61 75 18 47 99 51 5 27 53 86 41 7 72 48 99 74 95 63 36 87 80 10 20 9 83 99 61 84 21 78 78 44 49 77 59 58 89 37 88 4 3 23 20 58 27 12 45 22 75 63 54 86 6 33 91 5 35 14 1 81 47 43 7 26 48 43 30 15 97 84 97 34 0 75 93 82 71 90 
83 91 1 30 77 33 22 32 75 87 12 35 55 86 84 77 96 12 87 43 90 84 47 11 6 47 31 56 40 60 20 69 48 23 26 50 21 26 96 38 83 17 79 58 44 94 39 13 3 80 29 83 86 8 15 49 2 69 74 76 14 27 65 42 62 61 70 58 95 46 19 29 50 81 5 72 64 49 38 84 41 23 13 39 74 50 4 43 9 24 40 21 9 40 75 0 73 14 90 3 
24 84 81 74 76 58 11 70 58 48 3 1 6 76 81 13 50 10 8 62 45 61 44 38 4 54 68 68 39 34 88 100 14 86 79 47 42 37 98 45 84 40 41 94 98 93 82 91 72 8 92 19 44 72 26 12 5 55 45 58 2 38 83 22 3 51 72 6 28 80 42 18 50 57 94 73 84 96 44 31 12 56 49 53 39 49 98 52 46 8 91 73 72 81 93 73 0 50 100 96 
36 80 74 75 7 50 66 12 86 15 10 42 30 13 93 54 88 34 70 24 67 8 77 61 6 57 32 42 36 66 11 94 66 67 39 9 40 17 60 62 59 77 29 21 1 10 39 78 35 63 11 52 58 41 31 68 57 49 81 79 53 51 52 24 24 46 1 69 65 1 21 90 51 98 58 75 40 100 29 27 27 9 4 19 62 65 39 39 96 90 49 37 88 41 82 14 50 0 86 72 
39 89 89 10 64 39 88 32 43 83 68 18 42 7 49 46 86 25 31 65 57 35 41 65 84 30 100 71 42 16 64 89 44 5 4 81 7 81 97 91 62 13 88 75 30 91 16 68 94 75 88 50 82 1 19 9 24 11 61 20 45 8 24 9 57 18 6 15 9 11 50 99 64 36 89 74 67 61 84 28 68 56 76 13 1 54 62 47 77 1 30 2 74 29 71 90 100 86 0 68 
63 43 74 46 85 45 47 45 93 52 85 67 84 97 88 57 34 25 73 28 45 37 42 57 48 81 16 37 99 79 25 91 87 24 18 45 48 32 15 44 88 32 94 6 47 10 83 72 40 49 14 5 8 35 64 33 60 89 15 62 97 79 3 84 49 23 57 24 3 40 42 60 30 11 29 76 81 11 44 62 21 77 31 40 69 19 24 11 39 83 37 81 57 33 90 3 96 72 68 0 
