90
0 59 81 56 22 10 55 76 59 86 68 35 4 32 86 20 34 31 66 33 44 97 45 51 63 89 34 53 42 24 72 68 82 4 23 56 65 77 31 75 14 98 9 70 81 47 89 67 29 6 99 25 54 96 75 16 36 60 20 29 35 43 48 69 47 70 24 11 98 6 86 64 55 46 33 88 44 73 54 73 78 4 97 31 51 23 98 86 35 18 
59 0 14 69 12 61 37 58 82 12 69 32 69 6 95 24 51 79 63 95 3 16 19 80 19 67 62 22 41 11 7 75 80 21 96 92 33 84 49 67 96 69 98 16 74 44 91 25 74 53 71 76 68 89 7 39 7 68 60 47 30 66 22 10 38 69 1 23 52 1 89 47 70 86 63 43 81 53 19 54 58 89 29 25 29 35 15 35 54 26 
81 14 0 82 83 92 55 44 81 23 96 55 74 97 43 73 66 80 87 60 60 91 79 65 48 19 45 25 48 79 39 34 84 65 67 19 8 21 62 40 95 58 95 21 6 89 45 71 69 31 82 80 73 60 97 21 31 41 45 78 72 35 11 55 51 30 25 58 50 87 50 97 96 44 69 1 84 13 23 52 95 4 84 67 16 32 39 46 72 35 
56 69 82 0 75 43 70 85 50 20 14 74 30 16 12 79 64 59 74 32 59 57 96 81 61 90 37 96 8 52 27 47 97 50 81 71 45 2 7 94 74 73 19 55 40 83 85 3 41 58 86 100 66 33 32 78 22 68 73 81 71 51 27 67 1 60 89 45 61 96 90 86 20 60 40 59 42 24 13 83 33 50 34 99 82 65 28 55 85 53 
22 12 83 75 0 35 55 3 62 74 55 73 62 51 85 9 40 71 28 100 62 38 93 86 2 75 70 3 8 20 84 25 48 90 61 100 25 15 2 38 40 9 10 2 59 94 62 51 16 42 2 78 31 94 15 33 69 84 35 28 4 71 4 3 60 64 2 36 31 55 73 70 63 34 23 22 80 37 24 95 78 25 24 8 18 90 92 38 26 79 
10 61 92 43 35 0 66 81 49 21 83 60 85 84 96 67 38 68 36 1 54 11 74 33 47 97 79 76 21 55 83 90 44 75 28 69 53 45 49 53 65 31 12 1 66 7 67 4 27 55 56 80 65 81 64 63 29 42 38 1 96 72 90 92 98 69 60 2 13 61 54 30 43 66 30 61 24 49 64 2 3 71 81 19 3 44 33 31 38 70 
55 37 55 70 55 66 0 31 33 41 20 24 39 41 36 40 53 48 46 82 42 63 64 2 86 64 17 40 66 87 20 36 89 16 68 71 53 89 1 37 81 73 13 71 13 100 63 17 47 8 51 88 70 14 42 7 77 58 46 94 45 18 81 85 33 100 8 37 88 60 25 20 32 37 91 96 36 53 13 34 60 15 74 81 28 15 87 56 72 85 
76 58 44 85 3 81 31 0 1 68 2 81 5 86 32 64 74 71 23 98 90 55 87 80 2 74 84 66 60 95 80 85 75 59 99 14 66 22 50 66 42 3 98 98 40 29 61 13 99 83 62 41 89 100 72 43 26 56 60 85 2 40 69 77 50 19 42 16 40 91 33 33 93 83 82 32 63 42 96 14 77 9 54 17 9 25 59 34 32 19 
59 82 81 50 62 49 33 1 0 70 34 10 38 62 59 56 3 26 47 45 11 32 89 45 13 72 7 55 19 20 83 27 25 99 87 2 58 72 33 28 41 18 37 78 79 47 85 33 25 84 29 87 15 17 31 27 88 37 81 6 9 15 85 33 14 71 34 23 43 19 50 83 88 38 13 67 36 49 51 60 32 80 46 46 96 28 73 36 65 5 
86 12 23 20 74 21 41 68 70 0 93 25 20 77 57 85 48 43 7 42 13 8 76 100 45 88 18 80 89 69 92 20 100 89 18 47 17 42 82 33 98 75 57 17 51 13 53 50 7 59 91 19 66 67 71 62 6 88 94 94 8 85 66 7 25 83 54 41 76 35 73 73 61 81 42 12 46 94 61 52 53 52 23 70 70 93 32 75 80 25 
68 69 96 14 55 83 20 2 34 93 0 69 40 61 34 46 37 68 99 78 43 86 2 15 46 83 56 57 28 50 70 31 54 73 53 75 42 97 6 16 29 82 84 68 94 69 13 31 36 64 60 78 49 13 45 94 47 52 3 26 1 24 57 6 96 61 81 89 58 38 4 38 72 40 5 65 60 69 47 96 32 6 25 80 71 69 26 17 21 28 
35 32 55 74 73 60 24 81 10 25 69 0 43 73 3 99 31 98 11 63 38 68 100 41 57 71 32 61 88 92 82 34 39 13 92 63 45 62 84 70 78 56 49 20 80 51 70 62 100 81 24 37 100 76 29 57 98 13 69 85 56 50 71 94 15 62 8 59 23 43 80 52 98 28 24 30 30 45 91 81 25 67 17 77 42 97 85 39 61 5 
4 69 74 30 62 85 39 5 38 20 40 43 0 76 16 55 46 9 69 7 17 79 81 11 58 84 9 85 7 90 66 52 32 46 28 98 14 56 91 10 40 30 71 45 57 86 51 2 47 19 8 15 49 40 25 6 23 85 42 82 74 7 33 58 52 12 7 65 68 98 26 7 79 96 3 35 34 53 36 32 23 95 46 71 86 22 76 8 7 17 
32 6 97 16 51 84 41 86 62 77 61 73 76 0 89 32 75 73 41 26 85 48 42 52 45 68 10 23 15 13 9 48 65 96 31 88 90 76 10 75 50 86 34 56 54 75 39 29 99 80 6 83 27 48 86 23 15 48 97 29 12 5 29 76 100 59 15 41 87 25 67 36 62 100 43 15 26 33 95 25 12 1 59 90 48 97 12 14 96 8 
86 95 43 12 85 96 36 32 59 57 34 3 16 89 0 42 7 64 70 82 15 81 49 55 67 25 73 54 86 25 48 100 50 80 47 26 44 47 85 33 46 33 97 59 28 56 100 34 20 22 67 34 54 67 41 72 91 13 25 76 37 24 28 39 3 74 64 46 72 100 31 17 32 27 75 11 82 26 96 53 47 63 39 100 29 79 71 20 43 47 
20 24 73 79 9 67 40 64 56 85 46 99 55 32 42 0 47 32 70 74 70 25 99 33 70 70 85 100 86 16 78 12 79 60 38 74 12 36 88 2 36 17 80 58 88 75 57 86 6 78 60 75 2 10 59 72 80 43 23 17 11 1 29 89 12 66 14 75 1 2 77 88 70 8 98 57 82 6 42 39 83 53 13 85 63 24 8 94 18 82 
34 51 66 64 40 38 53 74 3 48 37 31 46 75 7 47 0 10 28 82 90 68 45 7 34 72 8 35 48 47 4 55 96 12 89 1 5 27 84 10 92 20 24 15 27 17 32 8 78 12 42 68 31 86 74 64 9 33 50 56 32 53 63 27 16 3 80 21 29 15 30 72 34 53 86 60 21 70 19 98 33 60 17 15 98 43 31 6 75 80 
31 79 80 59 71 68 48 71 26 43 68 98 9 73 64 32 10 0 14 58 85 28 37 100 30 16 20 58 30 1 82 63 5 19 74 25 88 92 75 72 4 91 39 53 85 69 58 60 48 23 69 32 50 5 84 79 20 55 89 49 56 70 63 12 88 36 37 28 80 63 51 35 5 89 87 90 57 96 1 57 19 69 40 20 74 23 99 45 30 39 
66 63 87 74 28 36 46 23 47 7 99 11 69 41 70 70 28 14 0 46 37 60 8 48 47 96 36 26 27 98 77 61 55 17 99 44 26 94 96 82 64 64 21 84 89 96 34 86 25 24 31 61 83 90 60 81 37 96 7 15 45 35 27 99 3 25 94 28 71 89 9 34 5 82 69 93 29 2 30 5 25 60 17 59 2 76 40 90 71 98 
33 95 60 32 100 1 82 98 45 42 78 63 7 26 82 74 82 58 46 0 5 68 32 31 66 86 56 60 14 26 48 22 11 4 55 80 49 83 33 78 87 58 90 55 16 91 31 7 80 1 4 36 20 87 67 86 73 74 97 86 51 96 59 61 100 66 40 48 48 73 25 87 82 14 93 49 56 23 56 88 76 11 23 95 98 89 80 22 14 76 
44 3 60 59 62 54 42 90 11 13 43 38 17 85 15 70 90 85 37 5 0 59 64 72 17 25 23 82 16 70 82 40 94 20 21 60 12 22 15 87 29 2 62 39 77 56 88 17 88 9 31 15 67 94 38 36 70 60 69 86 29 50 25 75 21 98 34 85 71 48 71 99 2 84 37 30 39 25 46 78 85 28 93 52 22 30 87 43 90 55 
97 16 91 57 38 11 63 55 32 8 86 68 79 48 81 25 68 28 60 68 59 0 80 70 57 57 44 29 6 77 65 76 77 35 74 30 70 10 59 9 86 56 38 23 84 30 74 57 12 12 99 53 18 31 22 26 87 18 7 92 46 71 67 22 58 40 3 27 1 13 35 39 69 25 61 4 54 86 60 17 49 10 69 18 92 43 96 78 60 2 
45 19 79 96 93 74 64 87 89 76 2 100 81 42 49 99 45 37 8 32 64 80 0 21 5 72 87 79 29 78 81 56 31 46 42 21 66 66 33 69 72 70 80 88 70 41 57 87 33 51 82 10 10 83 83 66 55 21 44 35 51 77 42 81 22 84 53 39 1 37 7 72 6 38 60 75 78 68 13 10 18 95 72 79 29 54 44 35 74 40 
51 80 65 81 86 33 2 80 45 100 15 41 11 52 55 33 7 100 48 31 72 70 21 0 70 24 68 11 56 89 46 60 79 47 96 37 18 53 74 29 79 51 48 92 13 17 86 36 47 14 41 91 49 14 82 70 90 49 80 97 89 26 9 67 24 56 3 93 9 76 74 39 78 21 30 42 90 15 77 36 81 17 78 81 83 59 50 24 59 81 
63 19 48 61 2 47 86 2 13 45 46 57 58 45 67 70 34 30 47 66 17 57 5 70 0 72 47 58 80 13 81 88 67 74 48 94 47 86 24 19 16 65 8 82 94 96 14 10 73 94 44 84 95 67 42 76 91 89 33 22 53 14 9 72 39 8 65 37 94 40 55 9 5 15 42 98 62 56 59 34 49 55 69 44 73 11 71 63 51 3 
89 67 19 90 75 97 64 74 72 88 83 71 84 68 25 70 72 16 96 86 25 57 72 24 72 0 85 55 68 45 26 58 53 43 94 46 82 1 6 38 67 99 87 28 54 46 13 55 52 82 50 24 44 20 87 94 74 23 100 42 67 26 51 19 20 45 16 1 97 73 91 15 72 77 42 25 74 6 31 25 87 80 49 82 51 35 27 25 57 27 
34 62 45 37 70 79 17 84 7 18 56 32 9 10 73 85 8 20 36 56 23 44 87 68 47 85 0 18 75 52 68 94 23 64 61 75 12 34 65 26 5 42 19 81 15 25 12 40 63 91 88 45 42 74 71 18 30 97 35 4 100 54 49 74 18 62 49 29 95 13 7 51 54 25 31 69 49 42 8 64 85 47 8 78 20 30 95 1 79 81 
53 22 25 96 3 76 40 66 55 80 57 61 85 23 54 100 35 58 26 60 82 29 79 11 58 55 18 0 56 78 34 57 52 3 18 52 32 12 64 38 62 18 62 92 38 63 86 97 26 22 43 85 99 14 14 45 14 92 77 21 22 10 77 25 13 94 76 96 5 39 85 18 8 98 62 45 12 99 41 37 20 83 21 70 96 87 14 61 30 42 
42 41 48 8 8 21 66 60 19 89 28 88 7 15 86 86 48 30 27 14 16 6 29 56 80 68 75 56 0 82 51 3 58 75 15 4 2 62 60 93 46 78 100 96 91 45 7 89 85 96 8 20 68 77 67 54 42 28 84 83 61 86 85 18 13 52 73 14 65 33 6 63 10 6 58 100 2 16 88 86 11 47 57 79 75 24 32 16 3 67 
24 11 79 52 20 55 87 95 20 69 50 92 90 13 25 16 47 1 98 26 70 77 78 89 13 45 52 78 82 0 50 63 53 86 32 65 89 5 30 54 37 36 16 98 93 25 49 94 40 36 31 51 34 88 81 8 11 64 75 65 31 76 27 35 61 58 51 2 14 80 55 50 67 22 99 11 98 47 56 37 34 87 39 67 26 19 26 88 83 100 
72 7 39 27 84 83 20 80 83 92 70 82 66 9 48 78 4 82 77 48 82 65 81 46 81 26 68 34 51 50 0 52 65 27 78 99 88 87 1 41 1 80 95 2 99 68 53 9 17 99 65 53 33 3 44 51 28 14 77 15 48 28 66 64 55 95 14 94 33 14 34 85 46 80 87 44 47 91 4 63 89 20 67 21 22 62 72 1 28 100 
68 75 34 47 25 90 36 85 27 20 31 34 52 48 100 12 55 63 61 22 40 76 56 60 88 58 94 57 3 63 52 0 15 75 27 32 91 33 78 4 26 11 18 59 95 63 38 33 58 36 23 13 50 12 33 69 84 54 82 7 7 9 6 73 36 85 5 26 17 82 81 43 44 98 53 39 12 43 71 21 30 94 34 32 57 66 52 40 71 33 
82 80 84 97 48 44 89 75 25 100 54 39 32 65 50 79 96 5 55 11 94 77 31 79 67 53 23 52 58 53 65 15 0 99 77 94 4 50 29 40 6 6 57 39 38 51 83 88 55 21 99 49 43 72 79 88 5 62 44 22 13 36 44 45 34 73 90 89 74 70 29 79 27 37 69 65 39 51 52 93 23 50 42 18 73 72 5 77 33 1 
4 21 65 50 90 75 16 59 99 89 73 13 46 96 80 60 12 19 17 4 20 35 46 47 74 43 64 3 75 86 27 75 99 0 50 97 36 94 93 21 66 83 9 39 52 37 69 79 25 37 43 63 40 46 56 14 47 49 83 20 72 88 48 56 40 98 52 75 43 96 47 8 78 55 98 82 44 66 12 68 54 6 31 45 51 38 59 97 38 41 
23 96 67 81 61 28 68 99 87 18 53 92 28 31 47 38 89 74 99 55 21 74 42 96 48 94 61 18 15 32 78 27 77 50 0 16 9 80 64 64 19 13 67 45 55 62 43 14 92 98 11 73 41 28 84 60 81 89 90 26 39 27 36 87 64 28 3 24 8 66 39 78 30 5 75 84 19 17 97 62 66 59 34 58 86 69 18 18 9 7 
56 92 19 71 100 69 71 14 2 47 75 63 98 88 26 74 1 25 44 80 60 30 21 37 94 46 75 52 4 65 99 32 94 97 16 0 95 99 86 30 85 1 58 39 25 17 4 63 46 85 20 72 68 90 41 16 51 6 74 36 64 59 4 81 77 64 39 23 14 24 53 50 25 62 89 49 30 44 63 75 29 82 99 96 71 39 12 21 96 85 
65 33 8 45 25 53 53 66 58 17 42 45 14 90 44 12 5 88 26 49 12 70 66 18 47 82 12 32 2 89 88 91 4 36 9 95 0 56 11 96 11 43 24 26 82 46 39 5 50 89 81 11 77 81 40 20 44 67 48 77 17 96 48 55 7 20 2 43 28 13 90 38 55 65 64 36 11 54 93 12 94 25 23 70 6 14 42 49 32 41 
77 84 21 2 15 45 89 22 72 42 97 62 56 76 47 36 27 92 94 83 22 10 66 53 86 1 34 12 62 5 87 33 50 94 80 99 56 0 25 48 36 24 54 94 44 56 89 71 20 78 60 74 95 75 62 57 29 6 68 22 30 42 44 35 56 37 35 87 77 12 87 13 35 40 58 30 95 46 52 14 76 12 40 22 38 1 78 18 6 45 
31 49 62 7 2 49 1 50 33 82 6 84 91 10 85 88 84 75 96 33 15 59 33 74 24 6 65 64 60 30 1 78 29 93 64 86 11 25 0 92 87 39 35 22 94 71 8 32 99 19 18 11 6 58 21 35 4 18 39 18 45 2 57 66 39 9 43 9 66 40 100 52 78 34 25 23 56 85 6 54 3 24 17 60 33 89 47 36 6 85 
75 67 40 94 38 53 37 66 28 33 16 70 10 75 33 2 10 72 82 78 87 9 69 29 19 38 26 38 93 54 41 4 40 21 64 30 96 48 92 0 5 51 86 13 68 76 73 63 84 38 2 35 42 31 68 18 5 75 2 10 81 5 33 49 16 17 37 62 53 42 46 9 44 83 22 12 11 94 74 46 84 27 81 77 9 100 94 13 75 96 
14 96 95 74 40 65 81 42 41 98 29 78 40 50 46 36 92 4 64 87 29 86 72 79 16 67 5 62 46 37 1 26 6 66 19 85 11 36 87 5 0 22 7 52 7 55 67 23 91 29 27 84 26 36 28 61 9 91 71 54 16 68 37 94 48 13 2 48 59 14 74 54 87 32 5 93 86 71 16 28 99 42 11 77 29 90 37 37 80 7 
98 69 58 73 9 31 73 3 18 75 82 56 30 86 33 17 20 91 64 58 2 56 70 51 65 99 42 18 78 36 80 11 6 83 13 1 43 24 39 51 22 0 91 47 74 79 92 74 44 93 73 2 58 98 7 45 29 11 89 14 33 4 41 84 98 3 60 78 93 96 15 24 54 57 71 79 87 14 52 82 7 76 83 16 73 41 12 1 51 1 
9 98 95 19 10 12 13 98 37 57 84 49 71 34 97 80 24 39 21 90 62 38 80 48 8 87 19 62 100 16 95 18 57 9 67 58 24 54 35 86 7 91 0 66 84 56 58 67 5 61 78 83 5 73 97 28 26 5 50 56 91 64 8 73 22 83 7 37 8 100 49 60 50 1 26 85 56 35 3 61 47 80 43 51 52 91 31 29 95 32 
70 16 21 55 2 1 71 98 78 17 68 20 45 56 59 58 15 53 84 55 39 23 88 92 82 28 81 92 96 98 2 59 39 39 45 39 26 94 22 13 52 47 66 0 85 37 95 44 61 68 78 20 5 85 19 5 45 20 5 22 5 12 8 7 72 55 39 66 57 90 56 39 71 2 71 55 39 17 50 51 85 27 22 41 64 40 97 60 60 1 
81 74 6 40 59 66 13 40 79 51 94 80 57 54 28 88 27 85 89 16 77 84 70 13 94 54 15 38 91 93 99 95 38 52 55 25 82 44 94 68 7 74 84 85 0 81 16 64 40 74 36 94 12 1 3 54 57 41 24 10 63 30 100 80 31 51 16 57 72 56 20 64 4 31 75 56 11 90 19 51 15 54 96 27 7 50 32 15 43 55 
47 44 89 83 94 7 100 29 47 13 69 51 86 75 56 75 17 69 96 91 56 30 41 17 96 46 25 63 45 25 68 63 51 37 62 17 46 56 71 76 55 79 56 37 81 0 24 5 36 24 36 66 26 51 74 97 58 46 12 61 76 86 68 39 75 87 41 42 92 36 68 98 38 99 12 80 5 36 36 92 11 72 57 36 74 82 84 32 27 96 
89 91 45 85 62 67 63 61 85 53 13 70 51 39 100 57 32 58 34 31 88 74 57 86 14 13 12 86 7 49 53 38 83 69 43 4 39 89 8 73 67 92 58 95 16 24 0 44 3 81 12 41 8 98 81 49 89 68 68 39 57 18 50 36 74 37 72 65 47 95 73 82 68 54 18 51 81 13 95 35 93 6 27 100 55 7 100 95 26 67 
67 25 71 3 51 4 17 13 33 50 31 62 2 29 34 86 8 60 86 7 17 57 87 36 10 55 40 97 89 94 9 33 88 79 14 63 5 71 32 63 23 74 67 44 64 5 44 0 33 83 84 35 70 57 71 93 73 70 87 45 51 7 99 20 57 31 32 51 65 25 8 43 76 14 49 76 9 26 42 93 60 78 27 30 86 98 74 59 67 61 
29 74 69 41 16 27 47 99 25 7 36 100 47 99 20 6 78 48 25 80 88 12 33 47 73 52 63 26 85 40 17 58 55 25 92 46 50 20 99 84 91 44 5 61 40 36 3 33 0 3 69 19 53 89 75 35 20 78 51 96 37 93 72 51 41 99 11 19 92 55 78 69 82 59 7 31 33 65 49 45 19 69 63 72 57 37 58 29 66 9 
6 53 31 58 42 55 8 83 84 59 64 81 19 80 22 78 12 23 24 1 9 12 51 14 94 82 91 22 96 36 99 36 21 37 98 85 89 78 19 38 29 93 61 68 74 24 81 83 3 0 76 3 1 99 5 94 97 15 12 89 69 41 9 2 100 67 84 32 31 32 76 2 1 38 25 9 26 82 89 92 90 65 94 91 15 50 84 12 64 47 
99 71 82 86 2 56 51 62 29 91 60 24 8 6 67 60 42 69 31 4 31 99 82 41 44 50 88 43 8 31 65 23 99 43 11 20 81 60 18 2 27 73 78 78 36 36 12 84 69 76 0 52 84 87 12 38 86 79 21 17 9 53 92 62 5 81 86 13 7 68 54 50 57 70 43 99 84 92 34 47 7 80 98 42 19 62 31 4 40 52 
25 76 80 100 78 80 88 41 87 19 78 37 15 83 34 75 68 32 61 36 15 53 10 91 84 24 45 85 20 51 53 13 49 63 73 72 11 74 11 35 84 2 83 20 94 66 41 35 19 3 52 0 73 100 56 16 62 60 97 47 24 55 66 29 4 23 98 46 73 34 89 7 80 47 38 78 40 56 39 71 12 30 74 84 29 29 99 90 40 47 
54 68 73 66 31 65 70 89 15 66 49 100 49 27 54 2 31 50 83 20 67 18 10 49 95 44 42 99 68 34 33 50 43 40 41 68 77 95 6 42 26 58 5 5 12 26 8 70 53 1 84 73 0 89 15 1 54 96 4 28 93 49 53 26 89 59 6 87 48 35 27 4 25 49 15 6 22 50 34 2 48 76 93 95 16 7 95 69 2 99 
96 89 60 33 94 81 14 100 17 67 13 76 40 48 67 10 86 5 90 87 94 31 83 14 67 20 74 14 77 88 3 12 72 46 28 90 81 75 58 31 36 98 73 85 1 51 98 57 89 99 87 100 89 0 49 47 99 1 24 40 11 81 78 58 67 56 13 91 4 79 48 77 28 82 78 28 9 70 74 24 29 20 44 82 70 44 28 21 96 4 
75 7 97 32 15 64 42 72 31 71 45 29 25 86 41 59 74 84 60 67 38 22 83 82 42 87 71 14 67 81 44 33 79 56 84 41 40 62 21 68 28 7 97 19 3 74 81 71 75 5 12 56 15 49 0 12 6 84 89 16 51 45 80 93 100 59 41 29 38 74 6 65 82 28 90 57 8 10 52 41 79 96 69 99 91 24 10 49 7 51 
16 39 21 78 33 63 7 43 27 62 94 57 6 23 72 72 64 79 81 86 36 26 66 70 76 94 18 45 54 8 51 69 88 14 60 16 20 57 35 18 61 45 28 5 54 97 49 93 35 94 38 16 1 47 12 0 16 57 95 95 2 46 53 42 74 91 67 32 7 48 11 97 56 70 58 7 10 36 54 30 87 45 53 48 45 60 98 60 68 44 
36 7 31 22 69 29 77 26 88 6 47 98 23 15 91 80 9 20 37 73 70 87 55 90 91 74 30 14 42 11 28 84 5 47 81 51 44 29 4 5 9 29 26 45 57 58 89 73 20 97 86 62 54 99 6 16 0 54 69 90 59 62 15 1 28 98 7 27 8 55 82 77 12 41 87 100 94 68 86 90 21 33 86 80 31 45 99 26 99 20 
60 68 41 68 84 42 58 56 37 88 52 13 85 48 13 43 33 55 96 74 60 18 21 49 89 23 97 92 28 64 14 54 62 49 89 6 67 6 18 75 91 11 5 20 41 46 68 70 78 15 79 60 96 1 84 57 54 0 67 9 81 82 9 61 31 67 87 39 22 21 67 85 13 5 84 6 73 69 48 45 54 33 76 36 78 74 61 28 93 28 
20 60 45 73 35 38 46 60 81 94 3 69 42 97 25 23 50 89 7 97 69 7 44 80 33 100 35 77 84 75 77 82 44 83 90 74 48 68 39 2 71 89 50 5 24 12 68 87 51 12 21 97 4 24 89 95 69 67 0 88 26 61 96 86 91 62 24 81 35 44 100 20 56 56 3 14 80 24 13 24 29 45 99 64 74 73 76 53 17 3 
29 47 78 81 28 1 94 85 6 94 26 85 82 29 76 17 56 49 15 86 86 92 35 97 22 42 4 21 83 65 15 7 22 20 26 36 77 22 18 10 54 14 56 22 10 61 39 45 96 89 17 47 28 40 16 95 90 9 88 0 40 42 15 35 79 58 49 3 90 83 98 89 54 6 45 9 19 24 32 31 100 12 27 98 75 1 22 50 5 39 
35 30 72 71 4 96 45 2 9 8 1 56 74 12 37 11 32 56 45 51 29 46 51 89 53 67 100 22 61 31 48 7 13 72 39 64 17 30 45 81 16 33 91 5 63 76 57 51 37 69 9 24 93 11 51 2 59 81 26 40 0 5 45 32 71 31 63 80 79 65 70 14 62 58 67 19 54 75 89 30 58 19 29 69 98 78 95 50 100 97 
43 66 35 51 71 72 18 40 15 85 24 50 7 5 24 1 53 70 35 96 50 71 77 26 14 26 54 10 86 76 28 9 36 88 27 59 96 42 2 5 68 4 64 12 30 86 18 7 93 41 53 55 49 81 45 46 62 82 61 42 5 0 54 90 53 98 21 23 29 35 55 59 99 24 72 13 33 39 31 87 13 20 68 23 90 48 43 39 25 38 
48 22 11 27 4 90 81 69 85 66 57 71 33 29 28 29 63 63 27 59 25 67 42 9 9 51 49 77 85 27 66 6 44 48 36 4 48 44 57 33 37 41 8 8 100 68 50 99 72 9 92 66 53 78 80 53 15 9 96 15 45 54 0 88 24 34 42 13 38 91 86 12 19 20 66 30 71 89 1 35 22 39 65 60 4 36 27 26 78 74 
69 10 55 67 3 92 85 77 33 7 6 94 58 76 39 89 27 12 99 61 75 22 81 67 72 19 74 25 18 35 64 73 45 56 87 81 55 35 66 49 94 84 73 7 80 39 36 20 51 2 62 29 26 58 93 42 1 61 86 35 32 90 88 0 68 16 98 57 56 74 42 97 86 79 39 23 91 10 43 56 39 65 97 39 99 18 78 15 77 33 
47 38 51 1 60 98 33 50 14 25 96 15 52 100 3 12 16 88 3 100 21 58 22 24 39 20 18 13 13 61 55 36 34 40 64 77 7 56 39 16 48 98 22 72 31 75 74 57 41 100 5 4 89 67 100 74 28 31 91 79 71 53 24 68 0 3 55 10 80 80 77 47 29 86 2 2 27 50 40 6 89 62 48 98 56 55 88 20 51 26 
70 69 30 60 64 69 100 19 71 83 61 62 12 59 74 66 3 36 25 66 98 40 84 56 8 45 62 94 52 58 95 85 73 98 28 64 20 37 9 17 13 3 83 55 51 87 37 31 99 67 81 23 59 56 59 91 98 67 62 58 31 98 34 16 3 0 18 68 3 33 96 87 35 2 96 66 81 25 64 10 10 66 11 36 67 50 93 7 64 92 
24 1 25 89 2 60 8 42 34 54 81 8 7 15 64 14 80 37 94 40 34 3 53 3 65 16 49 76 73 51 14 5 90 52 3 39 2 35 43 37 2 60 7 39 16 41 72 32 11 84 86 98 6 13 41 67 7 87 24 49 63 21 42 98 55 18 0 56 19 47 43 39 49 69 8 17 23 92 64 10 26 66 5 43 98 29 7 59 90 24 
11 23 58 45 36 2 37 16 23 41 89 59 65 41 46 75 21 28 28 48 85 27 39 93 37 1 29 96 14 2 94 26 89 75 24 23 43 87 9 62 48 78 37 66 57 42 65 51 19 32 13 46 87 91 29 32 27 39 81 3 80 23 13 57 10 68 56 0 22 78 90 23 22 97 86 14 4 5 12 47 95 60 15 2 28 89 46 92 98 23 
98 52 50 61 31 13 88 40 43 76 58 23 68 87 72 1 29 80 71 48 71 1 1 9 94 97 95 5 65 14 33 17 74 43 8 14 28 77 66 53 59 93 8 57 72 92 47 65 92 31 7 73 48 4 38 7 8 22 35 90 79 29 38 56 80 3 19 22 0 9 55 66 58 35 72 17 25 47 38 2 36 60 23 84 46 88 88 2 99 34 
6 1 87 96 55 61 60 91 19 35 38 43 98 25 100 2 15 63 89 73 48 13 37 76 40 73 13 39 33 80 14 82 70 96 66 24 13 12 40 42 14 96 100 90 56 36 95 25 55 32 68 34 35 79 74 48 55 21 44 83 65 35 91 74 80 33 47 78 9 0 48 11 100 49 38 88 46 81 38 69 41 92 34 99 26 57 67 50 3 4 
86 89 50 90 73 54 25 33 50 73 4 80 26 67 31 77 30 51 9 25 71 35 7 74 55 91 7 85 6 55 34 81 29 47 39 53 90 87 100 46 74 15 49 56 20 68 73 8 78 76 54 89 27 48 6 11 82 67 100 98 70 55 86 42 77 96 43 90 55 48 0 3 90 15 78 74 12 65 13 13 16 98 60 78 97 61 15 36 6 48 
64 47 97 86 70 30 20 33 83 73 38 52 7 36 17 88 72 35 34 87 99 39 72 39 9 15 51 18 63 50 85 43 79 8 78 50 38 13 52 9 54 24 60 39 64 98 82 43 69 2 50 7 4 77 65 97 77 85 20 89 14 59 12 97 47 87 39 23 66 11 3 0 73 74 40 64 59 90 42 15 56 43 17 11 46 7 78 23 32 89 
55 70 96 20 63 43 32 93 88 61 72 98 79 62 32 70 34 5 5 82 2 69 6 78 5 72 54 8 10 67 46 44 27 78 30 25 55 35 78 44 87 54 50 71 4 38 68 76 82 1 57 80 25 28 82 56 12 13 56 54 62 99 19 86 29 35 49 22 58 100 90 73 0 39 44 2 54 93 13 31 41 25 98 76 31 97 1 56 88 16 
46 86 44 60 34 66 37 83 38 81 40 28 96 100 27 8 53 89 82 14 84 25 38 21 15 77 25 98 6 22 80 98 37 55 5 62 65 40 34 83 32 57 1 2 31 99 54 14 59 38 70 47 49 82 28 70 41 5 56 6 58 24 20 79 86 2 69 97 35 49 15 74 39 0 15 78 57 81 85 100 50 48 97 8 25 71 91 13 9 34 
33 63 69 40 23 30 91 82 13 42 5 24 3 43 75 98 86 87 69 93 37 61 60 30 42 42 31 62 58 99 87 53 69 98 75 89 64 58 25 22 5 71 26 71 75 12 18 49 7 25 43 38 15 78 90 58 87 84 3 45 67 72 66 39 2 96 8 86 72 38 78 40 44 15 0 66 15 78 31 97 18 55 46 93 37 94 93 93 82 9 
88 43 1 59 22 61 96 32 67 12 65 30 35 15 11 57 60 90 93 49 30 4 75 42 98 25 69 45 100 11 44 39 65 82 84 49 36 30 23 12 93 79 85 55 56 80 51 76 31 9 99 78 6 28 57 7 100 6 14 9 19 13 30 23 2 66 17 14 17 88 74 64 2 78 66 0 59 59 17 91 95 68 40 42 64 99 66 34 89 31 
44 81 84 42 80 24 36 63 36 46 60 30 34 26 82 82 21 57 29 56 39 54 78 90 62 74 49 12 2 98 47 12 39 44 19 30 11 95 56 11 86 87 56 39 11 5 81 9 33 26 84 40 22 9 8 10 94 73 80 19 54 33 71 91 27 81 23 4 25 46 12 59 54 57 15 59 0 95 74 48 9 51 78 57 68 33 3 13 69 96 
73 53 13 24 37 49 53 42 49 94 69 45 53 33 26 6 70 96 2 23 25 86 68 15 56 6 42 99 16 47 91 43 51 66 17 44 54 46 85 94 71 14 35 17 90 36 13 26 65 82 92 56 50 70 10 36 68 69 24 24 75 39 89 10 50 25 92 5 47 81 65 90 93 81 78 59 95 0 57 13 77 17 23 87 34 14 34 1 5 75 
54 19 23 13 24 64 13 96 51 61 47 91 36 95 96 42 19 1 30 56 46 60 13 77 59 31 8 41 88 56 4 71 52 12 97 63 93 52 6 74 16 52 3 50 19 36 95 42 49 89 34 39 34 74 52 54 86 48 13 32 89 31 1 43 40 64 64 12 38 38 13 42 13 85 31 17 74 57 0 17 56 93 50 44 75 44 18 22 4 20 
73 54 52 83 95 2 34 14 60 52 96 81 32 25 53 39 98 57 5 88 78 17 10 36 34 25 64 37 86 37 63 21 93 68 62 75 12 14 54 46 28 82 61 51 51 92 35 93 45 92 47 71 2 24 41 30 90 45 24 31 30 87 35 56 6 10 10 47 2 69 13 15 31 100 97 91 48 13 17 0 100 61 40 32 15 52 52 10 8 17 
78 58 95 33 78 3 60 77 32 53 32 25 23 12 47 83 33 19 25 76 85 49 18 81 49 87 85 20 11 34 89 30 23 54 66 29 94 76 3 84 99 7 47 85 15 11 93 60 19 90 7 12 48 29 79 87 21 54 29 100 58 13 22 39 89 10 26 95 36 41 16 56 41 50 18 95 9 77 56 100 0 39 77 39 77 10 4 10 62 61 
4 89 4 50 25 71 15 9 80 52 6 67 95 1 63 53 60 69 60 11 28 10 95 17 55 80 47 83 47 87 20 94 50 6 59 82 25 12 24 27 42 76 80 27 54 72 6 78 69 65 80 30 76 20 96 45 33 33 45 12 19 20 39 65 62 66 66 60 60 92 98 43 25 48 55 68 51 17 93 61 39 0 37 78 16 29 80 11 55 23 
97 29 84 34 24 81 74 54 46 23 25 17 46 59 39 13 17 40 17 23 93 69 72 78 69 49 8 21 57 39 67 34 42 31 34 99 23 40 17 81 11 83 43 22 96 57 27 27 63 94 98 74 93 44 69 53 86 76 99 27 29 68 65 97 48 11 5 15 23 34 60 17 98 97 46 40 78 23 50 40 77 37 0 80 76 79 100 75 91 39 
31 25 67 99 8 19 81 17 46 70 80 77 71 90 100 85 15 20 59 95 52 18 79 81 44 82 78 70 79 67 21 32 18 45 58 96 70 22 60 77 77 16 51 41 27 36 100 30 72 91 42 84 95 82 99 48 80 36 64 98 69 23 60 39 98 36 43 2 84 99 78 11 76 8 93 42 57 87 44 32 39 78 80 0 58 5 42 62 66 1 
51 29 16 82 18 3 28 9 96 70 71 42 86 48 29 63 98 74 2 98 22 92 29 83 73 51 20 96 75 26 22 57 73 51 86 71 6 38 33 9 29 73 52 64 7 74 55 86 57 15 19 29 16 70 91 45 31 78 74 75 98 90 4 99 56 67 98 28 46 26 97 46 31 25 37 64 68 34 75 15 77 16 76 58 0 78 56 77 16 33 
23 35 32 65 90 44 15 25 28 93 69 97 22 97 79 24 43 23 76 89 30 43 54 59 11 35 30 87 24 19 62 66 72 38 69 39 14 1 89 100 90 41 91 40 50 82 7 98 37 50 62 29 7 44 24 60 45 74 73 1 78 48 36 18 55 50 29 89 88 57 61 7 97 71 94 99 33 14 44 52 10 29 79 5 78 0 86 72 94 48 
98 15 39 28 92 33 87 59 73 32 26 85 76 12 71 8 31 99 40 80 87 96 44 50 71 27 95 14 32 26 72 52 5 59 18 12 42 78 47 94 37 12 31 97 32 84 100 74 58 84 31 99 95 28 10 98 99 61 76 22 95 43 27 78 88 93 7 46 88 67 15 78 1 91 93 66 3 34 18 52 4 80 100 42 56 86 0 32 30 77 
86 35 46 55 38 31 56 34 36 75 17 39 8 14 20 94 6 45 90 22 43 78 35 24 63 25 1 61 16 88 1 40 77 97 18 21 49 18 36 13 37 1 29 60 15 32 95 59 29 12 4 90 69 21 49 60 26 28 53 50 50 39 26 15 20 7 59 92 2 50 36 23 56 13 93 34 13 1 22 10 10 11 75 62 77 72 32 0 99 10 
35 54 72 85 26 38 72 32 65 80 21 61 7 96 43 18 75 30 71 14 90 60 74 59 51 57 79 30 3 83 28 71 33 38 9 96 32 6 6 75 80 51 95 60 43 27 26 67 66 64 40 40 2 96 7 68 99 93 17 5 100 25 78 77 51 64 90 98 99 3 6 32 88 9 82 89 69 5 4 8 62 55 91 66 16 94 30 99 0 56 
18 26 35 53 79 70 85 19 5 25 28 5 17 8 47 82 80 39 98 76 55 2 40 81 3 27 81 42 67 100 100 33 1 41 7 85 41 45 85 96 7 1 32 1 55 96 67 61 9 47 52 47 99 4 51 44 20 28 3 39 97 38 74 33 26 92 24 23 34 4 48 89 16 34 9 31 96 75 20 17 61 23 39 1 33 48 77 10 56 0 
