20
0 7 1 5 6 9 3 9 7 9 6 4 5 1 2 8 8 9 1 9 
7 0 10 8 9 4 10 8 3 6 1 3 5 9 1 7 3 7 6 7 
1 10 0 7 4 5 2 8 2 4 1 9 3 10 1 2 1 9 2 7 
5 8 7 0 8 9 9 3 2 4 9 10 4 6 5 2 3 3 8 8 
6 9 4 8 0 10 2 5 1 5 8 9 8 7 9 1 9 7 2 5 
9 4 5 9 10 0 6 3 6 10 4 9 9 5 4 6 1 6 10 4 
3 10 2 9 2 6 0 5 7 3 6 4 3 1 1 1 10 9 1 10 
9 8 8 3 5 3 5 0 7 8 3 2 5 5 9 5 10 9 5 5 
7 3 2 2 1 6 7 7 0 2 10 7 9 1 10 4 7 4 9 10 
9 6 4 4 5 10 3 8 2 0 6 1 2 8 2 10 9 3 7 8 
6 1 1 9 8 4 6 3 10 6 0 6 10 4 10 10 8 10 8 4 
4 3 9 10 9 9 4 2 7 1 6 0 6 1 5 2 10 5 2 5 
5 5 3 4 8 9 3 5 9 2 10 6 0 4 7 5 3 3 8 7 
1 9 10 6 7 5 1 5 1 8 4 1 4 0 2 9 6 2 2 4 
2 1 1 5 9 4 1 9 10 2 10 5 7 2 0 1 7 5 5 8 
8 7 2 2 1 6 1 5 4 10 10 2 5 9 1 0 6 4 9 3 
8 3 1 3 9 1 10 10 7 9 8 10 3 6 7 6 0 8 4 6 
9 7 9 3 7 6 9 9 4 3 10 5 3 2 5 4 8 0 4 8 
1 6 2 8 2 10 1 5 9 7 8 2 8 2 5 9 4 4 0 5 
9 7 7 8 5 4 10 5 10 8 4 5 7 4 8 3 6 8 5 0 
