80
0 92 5 91 62 41 87 87 85 60 95 84 77 5 94 90 61 81 4 2 50 7 59 58 36 41 19 47 47 45 54 1 88 58 43 49 50 29 35 86 41 82 69 17 38 63 6 98 95 61 51 97 68 61 54 55 2 24 1 48 68 6 1 55 63 43 4 65 72 90 50 64 23 19 32 60 33 89 57 27 
92 0 50 59 23 17 20 28 71 21 51 24 20 70 29 20 25 44 63 80 8 86 21 9 1 96 27 32 55 11 20 64 90 69 22 12 85 93 92 8 13 94 31 33 64 59 4 88 2 66 19 61 3 39 70 3 86 48 34 93 59 54 8 48 22 29 11 59 22 54 66 86 48 48 70 11 6 74 50 60 
5 50 0 39 20 72 42 10 93 44 96 41 30 88 51 83 95 50 56 75 12 66 48 66 83 86 65 30 55 27 88 28 76 99 19 47 70 60 56 63 55 3 55 84 90 5 18 36 54 26 11 17 91 10 82 74 95 98 3 50 24 90 29 51 40 47 97 10 58 5 24 13 7 78 48 49 34 18 84 87 
91 59 39 0 43 46 55 33 56 37 6 50 34 61 51 10 2 80 60 42 26 57 3 36 61 26 48 19 55 47 67 88 64 51 26 58 96 80 91 3 68 48 5 54 60 55 63 62 86 22 55 64 30 57 99 42 34 98 61 88 44 27 75 60 29 52 69 77 31 59 79 51 59 83 4 18 90 18 31 27 
62 23 20 43 0 39 85 90 21 93 40 62 26 37 74 13 33 53 39 44 33 42 12 9 73 23 88 23 81 22 78 50 63 95 81 42 85 17 31 5 10 23 19 35 11 92 100 43 96 90 38 29 32 2 37 56 24 76 30 56 50 7 57 64 53 37 5 37 6 88 94 15 10 12 1 20 55 100 15 51 
41 17 72 46 39 0 42 4 31 73 5 19 80 28 95 9 35 96 15 92 59 67 80 16 55 85 3 48 51 12 11 52 83 66 3 49 68 44 53 50 16 57 68 95 37 14 55 23 9 69 14 20 87 46 35 94 82 37 41 33 100 4 36 82 21 38 83 88 82 35 89 49 91 56 96 79 70 50 2 30 
87 20 42 55 85 42 0 71 67 49 9 64 35 2 46 71 95 30 22 98 65 56 18 54 38 57 35 72 45 84 14 100 79 93 21 80 46 51 50 12 51 59 76 86 60 73 8 6 2 82 3 18 37 72 71 74 28 58 97 24 93 62 76 23 6 96 2 51 98 52 15 49 62 90 86 73 14 45 79 67 
87 28 10 33 90 4 71 0 26 33 84 14 5 6 39 84 15 35 8 7 97 83 81 2 30 83 5 28 86 19 28 47 60 65 19 73 9 49 39 87 82 74 100 38 31 39 21 46 25 80 4 73 14 85 27 44 19 31 23 4 1 50 2 60 66 72 32 74 21 70 12 2 95 64 39 25 54 11 22 78 
85 71 93 56 21 31 67 26 0 91 26 3 4 62 29 99 80 11 21 35 11 70 36 22 35 7 53 61 27 74 24 80 20 87 70 44 40 81 66 70 23 43 72 26 4 52 25 35 62 97 69 24 19 4 45 53 10 49 65 89 74 89 20 93 27 90 88 67 70 53 36 92 47 59 69 2 10 45 36 23 
60 21 44 37 93 73 49 33 91 0 42 4 46 60 59 42 64 21 42 81 9 15 21 28 59 47 69 46 65 38 51 52 81 97 10 2 99 19 46 34 41 39 90 38 50 48 31 66 68 72 46 28 38 18 56 96 16 24 42 81 14 92 32 46 40 94 47 38 12 45 24 5 35 13 42 85 60 25 2 80 
95 51 96 6 40 5 9 84 26 42 0 96 99 7 86 16 14 81 31 90 74 11 55 17 95 100 57 88 99 94 51 43 69 55 29 81 49 13 93 25 66 24 20 64 30 57 79 44 38 62 33 63 24 39 80 18 38 36 57 36 81 8 30 50 14 59 82 14 23 26 38 89 49 10 52 79 66 83 74 55 
84 24 41 50 62 19 64 14 3 4 96 0 96 58 18 19 96 97 89 85 84 45 21 16 4 2 65 70 60 99 83 83 76 73 23 25 82 26 55 99 60 80 54 55 37 71 74 84 19 62 68 54 58 88 69 14 90 86 83 1 36 17 35 11 89 57 35 22 83 41 73 42 20 26 49 8 48 22 91 18 
77 20 30 34 26 80 35 5 4 46 99 96 0 35 59 71 44 98 91 57 39 76 39 40 63 8 74 74 48 83 60 22 17 1 94 10 72 19 58 80 18 79 70 35 65 80 57 9 78 47 65 68 75 56 7 37 63 33 62 62 15 22 83 31 74 76 40 45 46 98 24 63 28 46 97 45 25 5 53 54 
5 70 88 61 37 28 2 6 62 60 7 58 35 0 4 69 22 78 24 80 66 38 12 28 100 78 1 82 60 74 10 100 18 55 49 94 18 28 39 66 72 15 71 76 69 74 45 42 3 68 21 68 58 85 47 57 62 47 90 22 20 99 73 38 54 73 31 71 100 21 36 24 35 58 99 55 31 43 96 33 
94 29 51 51 74 95 46 39 29 59 86 18 59 4 0 63 69 53 20 5 99 28 66 98 17 39 17 16 63 6 21 35 36 91 35 8 78 10 43 36 8 49 18 3 97 51 65 65 55 36 21 53 63 86 50 31 77 19 46 39 24 18 26 12 8 60 19 38 69 13 25 28 62 42 30 58 92 46 74 46 
90 20 83 10 13 9 71 84 99 42 16 19 71 69 63 0 81 94 51 95 31 52 26 59 70 23 50 94 41 75 57 100 86 75 37 54 88 61 33 1 55 63 10 98 60 83 44 41 28 46 35 10 97 12 69 19 35 18 12 27 44 68 26 29 94 15 34 33 27 66 33 81 80 42 79 40 76 74 32 3 
61 25 95 2 33 35 95 15 80 64 14 96 44 22 69 81 0 19 18 65 67 30 33 85 64 2 48 90 97 67 67 25 13 81 58 45 8 75 78 40 55 71 70 46 47 43 77 1 13 94 65 32 23 49 68 38 2 16 79 98 34 46 22 98 26 31 43 85 6 72 77 12 42 46 57 40 89 85 41 53 
81 44 50 80 53 96 30 35 11 21 81 97 98 78 53 94 19 0 78 57 84 53 6 52 90 7 19 69 57 4 14 78 2 91 61 44 28 66 15 4 77 8 49 85 48 89 69 40 42 98 96 25 50 1 76 40 60 94 60 16 98 25 45 51 15 5 94 94 22 60 97 50 19 46 34 66 86 54 57 27 
4 63 56 60 39 15 22 8 21 42 31 89 91 24 20 51 18 78 0 52 53 52 1 5 27 92 16 73 3 83 22 27 28 72 94 84 17 87 58 76 36 7 94 33 93 12 18 46 68 45 49 72 96 2 29 74 93 44 98 96 79 71 74 58 94 19 41 10 6 98 37 41 57 83 73 49 46 42 46 65 
2 80 75 42 44 92 98 7 35 81 90 85 57 80 5 95 65 57 52 0 86 47 37 33 48 17 7 40 12 56 87 90 27 13 47 20 31 40 30 36 37 18 28 45 100 52 45 45 94 43 10 31 89 98 64 36 66 70 75 77 25 14 67 3 26 65 23 56 4 4 44 93 21 23 37 73 75 82 69 20 
50 8 12 26 33 59 65 97 11 9 74 84 39 66 99 31 67 84 53 86 0 24 30 50 64 79 65 99 44 34 25 21 11 38 39 13 15 3 87 23 7 42 18 99 63 40 87 87 66 68 55 37 43 37 87 6 15 3 56 11 37 81 31 99 70 21 63 37 75 2 59 81 43 76 31 57 67 18 43 33 
7 86 66 57 42 67 56 83 70 15 11 45 76 38 28 52 30 53 52 47 24 0 37 50 69 32 86 7 89 52 10 45 62 98 77 44 48 46 16 10 82 91 63 92 71 6 67 54 62 34 71 57 18 7 6 86 38 43 45 27 46 54 23 8 3 99 3 50 44 19 11 78 9 74 69 31 79 36 84 92 
59 21 48 3 12 80 18 81 36 21 55 21 39 12 66 26 33 6 1 37 30 37 0 21 54 48 38 13 53 75 2 47 19 28 93 24 50 100 78 100 54 27 44 72 90 21 32 63 41 63 93 76 98 84 48 52 32 37 16 84 12 17 83 82 97 75 58 98 26 35 98 79 14 41 3 3 13 34 17 53 
58 9 66 36 9 16 54 2 22 28 17 16 40 28 98 59 85 52 5 33 50 50 21 0 48 9 81 46 92 28 49 23 65 16 59 28 32 41 61 28 15 18 26 92 5 23 70 18 15 24 72 79 10 88 31 57 48 63 54 39 91 54 14 7 69 72 86 53 64 46 80 30 16 57 21 20 31 42 89 45 
36 1 83 61 73 55 38 30 35 59 95 4 63 100 17 70 64 90 27 48 64 69 54 48 0 66 12 75 75 51 6 83 98 68 89 36 10 42 1 68 63 72 53 15 87 51 46 16 66 55 88 37 85 82 77 82 47 40 56 73 90 13 7 87 81 95 74 42 89 75 10 51 98 14 17 37 64 62 4 81 
41 96 86 26 23 85 57 83 7 47 100 2 8 78 39 23 2 7 92 17 79 32 48 9 66 0 16 92 69 53 73 97 86 71 36 41 95 77 54 1 15 86 48 41 79 36 15 88 38 64 54 54 100 69 67 4 50 35 47 70 87 71 19 72 93 6 64 87 83 69 39 97 6 86 89 85 73 3 24 10 
19 27 65 48 88 3 35 5 53 69 57 65 74 1 17 50 48 19 16 7 65 86 38 81 12 16 0 19 77 63 18 46 30 73 47 64 19 68 2 89 86 25 33 92 88 19 26 9 10 74 14 95 63 50 20 17 74 29 35 2 44 5 99 73 77 45 88 48 65 89 88 50 65 21 93 4 39 70 12 100 
47 32 30 19 23 48 72 28 61 46 88 70 74 82 16 94 90 69 73 40 99 7 13 46 75 92 19 0 44 78 47 58 79 66 74 4 94 61 6 37 65 4 61 41 1 100 88 17 40 28 18 4 48 11 8 38 32 71 38 27 48 84 84 27 1 10 82 94 70 87 83 34 43 95 26 95 95 66 11 34 
47 55 55 55 81 51 45 86 27 65 99 60 48 60 63 41 97 57 3 12 44 89 53 92 75 69 77 44 0 93 28 90 92 90 49 29 22 19 66 100 19 1 84 97 1 45 78 47 66 65 81 99 59 75 76 53 21 93 15 7 37 42 48 28 84 96 57 57 14 74 56 32 75 91 28 27 87 58 73 52 
45 11 27 47 22 12 84 19 74 38 94 99 83 74 6 75 67 4 83 56 34 52 75 28 51 53 63 78 93 0 22 5 50 32 32 78 36 52 70 50 10 7 43 57 86 26 52 42 82 66 16 90 49 42 32 29 20 19 86 45 70 59 49 72 90 80 49 25 84 70 26 93 28 68 2 14 94 53 7 27 
54 20 88 67 78 11 14 28 24 51 51 83 60 10 21 57 67 14 22 87 25 10 2 49 6 73 18 47 28 22 0 70 74 68 71 67 100 99 87 18 84 31 87 94 31 10 35 11 10 11 94 32 36 38 59 3 39 24 48 44 83 75 13 56 42 83 23 41 33 61 10 68 91 49 61 21 58 47 83 68 
1 64 28 88 50 52 100 47 80 52 43 83 22 100 35 100 25 78 27 90 21 45 47 23 83 97 46 58 90 5 70 0 57 28 99 92 66 9 47 56 85 94 51 19 68 64 26 62 98 100 54 83 60 64 50 2 64 63 75 21 9 57 40 18 85 90 9 2 51 7 9 87 1 60 5 20 75 82 81 24 
88 90 76 64 63 83 79 60 20 81 69 76 17 18 36 86 13 2 28 27 11 62 19 65 98 86 30 79 92 50 74 57 0 82 35 6 41 50 8 43 65 70 17 37 30 25 77 47 61 18 8 14 20 14 23 6 66 34 62 86 60 44 66 83 25 52 41 17 53 100 59 17 21 27 54 50 4 82 49 64 
58 69 99 51 95 66 93 65 87 97 55 73 1 55 91 75 81 91 72 13 38 98 28 16 68 71 73 66 90 32 68 28 82 0 51 8 78 71 73 52 28 39 37 42 24 96 85 41 30 61 93 22 77 97 21 88 14 41 66 19 43 69 100 43 33 50 50 62 72 74 65 100 12 1 41 35 48 77 76 77 
43 22 19 26 81 3 21 19 70 10 29 23 94 49 35 37 58 61 94 47 39 77 93 59 89 36 47 74 49 32 71 99 35 51 0 37 20 99 65 16 71 4 81 64 22 99 58 90 50 100 74 100 1 35 23 74 99 22 86 51 14 72 98 90 99 75 78 18 25 95 86 47 50 66 10 71 65 67 61 14 
49 12 47 58 42 49 80 73 44 2 81 25 10 94 8 54 45 44 84 20 13 44 24 28 36 41 64 4 29 78 67 92 6 8 37 0 18 86 65 18 73 88 44 23 61 81 74 75 52 71 64 3 97 94 20 73 88 5 72 37 23 33 60 87 52 20 52 69 57 69 39 29 56 34 52 68 14 77 42 17 
50 85 70 96 85 68 46 9 40 99 49 82 72 18 78 88 8 28 17 31 15 48 50 32 10 95 19 94 22 36 100 66 41 78 20 18 0 99 58 19 48 3 39 20 90 95 91 78 69 24 37 55 75 8 59 95 17 27 85 45 34 18 48 1 31 76 95 48 75 4 66 22 6 56 93 95 3 36 24 71 
29 93 60 80 17 44 51 49 81 19 13 26 19 28 10 61 75 66 87 40 3 46 100 41 42 77 68 61 19 52 99 9 50 71 99 86 99 0 11 13 78 37 20 36 31 88 14 68 33 47 85 32 99 16 8 93 15 34 48 32 55 53 40 99 99 42 34 23 64 96 87 93 32 6 80 15 94 93 82 78 
35 92 56 91 31 53 50 39 66 46 93 55 58 39 43 33 78 15 58 30 87 16 78 61 1 54 2 6 66 70 87 47 8 73 65 65 58 11 0 91 66 61 90 33 68 34 47 53 82 79 59 86 18 58 85 11 43 7 26 39 45 19 22 50 98 36 95 91 69 24 33 35 85 74 67 4 8 66 9 41 
86 8 63 3 5 50 12 87 70 34 25 99 80 66 36 1 40 4 76 36 23 10 100 28 68 1 89 37 100 50 18 56 43 52 16 18 19 13 91 0 96 67 26 13 24 62 75 19 20 100 9 64 18 30 66 68 18 12 58 86 36 42 20 72 16 39 27 23 56 35 15 51 54 92 15 29 54 89 47 73 
41 13 55 68 10 16 51 82 23 41 66 60 18 72 8 55 55 77 36 37 7 82 54 15 63 15 86 65 19 10 84 85 65 28 71 73 48 78 66 96 0 40 55 37 10 85 2 77 2 13 86 39 100 27 11 23 42 49 50 16 56 36 30 6 89 74 72 18 27 60 16 51 51 23 87 60 59 40 36 12 
82 94 3 48 23 57 59 74 43 39 24 80 79 15 49 63 71 8 7 18 42 91 27 18 72 86 25 4 1 7 31 94 70 39 4 88 3 37 61 67 40 0 5 21 50 4 48 60 27 41 60 28 57 15 15 38 72 56 11 43 73 89 54 40 40 5 62 78 64 20 18 52 31 22 24 33 77 71 92 3 
69 31 55 5 19 68 76 100 72 90 20 54 70 71 18 10 70 49 94 28 18 63 44 26 53 48 33 61 84 43 87 51 17 37 81 44 39 20 90 26 55 5 0 64 52 30 20 18 97 57 90 52 68 32 76 56 86 15 47 90 29 25 5 100 42 56 83 15 80 15 91 2 6 46 65 9 27 84 27 23 
17 33 84 54 35 95 86 38 26 38 64 55 35 76 3 98 46 85 33 45 99 92 72 92 15 41 92 41 97 57 94 19 37 42 64 23 20 36 33 13 37 21 64 0 93 16 74 60 99 49 67 84 16 14 25 44 38 30 43 31 37 25 97 16 91 87 70 49 32 86 57 59 22 35 33 14 2 7 25 1 
38 64 90 60 11 37 60 31 4 50 30 37 65 69 97 60 47 48 93 100 63 71 90 5 87 79 88 1 1 86 31 68 30 24 22 61 90 31 68 24 10 50 52 93 0 55 91 36 22 56 61 65 45 90 60 27 26 36 23 94 27 62 63 75 45 48 83 3 69 18 88 34 71 94 58 71 100 1 7 22 
63 59 5 55 92 14 73 39 52 48 57 71 80 74 51 83 43 89 12 52 40 6 21 23 51 36 19 100 45 26 10 64 25 96 99 81 95 88 34 62 85 4 30 16 55 0 56 19 86 53 8 97 79 85 33 2 30 59 63 92 85 7 92 67 62 12 36 49 46 7 94 3 29 93 3 35 66 11 5 52 
6 4 18 63 100 55 8 21 25 31 79 74 57 45 65 44 77 69 18 45 87 67 32 70 46 15 26 88 78 52 35 26 77 85 58 74 91 14 47 75 2 48 20 74 91 56 0 63 12 100 41 49 32 94 78 90 8 22 74 67 13 93 28 76 28 28 21 34 21 76 63 65 30 49 31 92 54 34 54 17 
98 88 36 62 43 23 6 46 35 66 44 84 9 42 65 41 1 40 46 45 87 54 63 18 16 88 9 17 47 42 11 62 47 41 90 75 78 68 53 19 77 60 18 60 36 19 63 0 33 47 65 65 92 95 6 100 16 32 66 80 24 45 55 51 72 28 85 44 55 99 60 84 47 42 76 100 75 81 69 60 
95 2 54 86 96 9 2 25 62 68 38 19 78 3 55 28 13 42 68 94 66 62 41 15 66 38 10 40 66 82 10 98 61 30 50 52 69 33 82 20 2 27 97 99 22 86 12 33 0 27 85 76 19 79 81 70 46 64 35 77 87 79 84 38 2 11 74 97 65 72 56 100 18 50 75 70 76 8 38 35 
61 66 26 22 90 69 82 80 97 72 62 62 47 68 36 46 94 98 45 43 68 34 63 24 55 64 74 28 65 66 11 100 18 61 100 71 24 47 79 100 13 41 57 49 56 53 100 47 27 0 86 74 62 4 53 43 25 50 58 59 27 45 89 10 82 90 72 7 38 88 78 94 87 47 95 14 68 70 21 57 
51 19 11 55 38 14 3 4 69 46 33 68 65 21 21 35 65 96 49 10 55 71 93 72 88 54 14 18 81 16 94 54 8 93 74 64 37 85 59 9 86 60 90 67 61 8 41 65 85 86 0 5 6 31 66 62 83 60 86 32 18 97 10 62 85 19 95 27 42 1 64 29 30 9 16 28 3 81 96 73 
97 61 17 64 29 20 18 73 24 28 63 54 68 68 53 10 32 25 72 31 37 57 76 79 37 54 95 4 99 90 32 83 14 22 100 3 55 32 86 64 39 28 52 84 65 97 49 65 76 74 5 0 1 52 77 58 82 94 19 16 6 57 48 23 53 9 36 37 28 82 63 21 34 27 50 63 87 17 90 90 
68 3 91 30 32 87 37 14 19 38 24 58 75 58 63 97 23 50 96 89 43 18 98 10 85 100 63 48 59 49 36 60 20 77 1 97 75 99 18 18 100 57 68 16 45 79 32 92 19 62 6 1 0 97 37 62 97 89 90 6 70 83 25 86 88 33 85 62 85 93 97 73 72 30 36 93 63 14 94 77 
61 39 10 57 2 46 72 85 4 18 39 88 56 85 86 12 49 1 2 98 37 7 84 88 82 69 50 11 75 42 38 64 14 97 35 94 8 16 58 30 27 15 32 14 90 85 94 95 79 4 31 52 97 0 100 10 19 41 6 55 2 54 95 91 59 65 26 83 2 13 67 38 27 51 82 75 24 6 5 11 
54 70 82 99 37 35 71 27 45 56 80 69 7 47 50 69 68 76 29 64 87 6 48 31 77 67 20 8 76 32 59 50 23 21 23 20 59 8 85 66 11 15 76 25 60 33 78 6 81 53 66 77 37 100 0 50 19 76 43 96 27 52 66 68 9 72 21 62 67 12 20 83 89 55 84 1 21 73 79 72 
55 3 74 42 56 94 74 44 53 96 18 14 37 57 31 19 38 40 74 36 6 86 52 57 82 4 17 38 53 29 3 2 6 88 74 73 95 93 11 68 23 38 56 44 27 2 90 100 70 43 62 58 62 10 50 0 54 54 47 59 58 9 8 76 84 2 23 62 53 40 81 61 12 2 74 78 65 94 60 53 
2 86 95 34 24 82 28 19 10 16 38 90 63 62 77 35 2 60 93 66 15 38 32 48 47 50 74 32 21 20 39 64 66 14 99 88 17 15 43 18 42 72 86 38 26 30 8 16 46 25 83 82 97 19 19 54 0 100 95 5 20 67 84 43 20 37 41 31 46 49 38 73 84 92 48 98 44 87 78 57 
24 48 98 98 76 37 58 31 49 24 36 86 33 47 19 18 16 94 44 70 3 43 37 63 40 35 29 71 93 19 24 63 34 41 22 5 27 34 7 12 49 56 15 30 36 59 22 32 64 50 60 94 89 41 76 54 100 0 98 79 30 75 43 75 86 95 74 32 52 46 98 35 88 70 23 81 100 20 29 89 
1 34 3 61 30 41 97 23 65 42 57 83 62 90 46 12 79 60 98 75 56 45 16 54 56 47 35 38 15 86 48 75 62 66 86 72 85 48 26 58 50 11 47 43 23 63 74 66 35 58 86 19 90 6 43 47 95 98 0 92 65 80 39 62 76 26 39 84 75 18 13 50 12 40 87 59 65 19 10 10 
48 93 50 88 56 33 24 4 89 81 36 1 62 22 39 27 98 16 96 77 11 27 84 39 73 70 2 27 7 45 44 21 86 19 51 37 45 32 39 86 16 43 90 31 94 92 67 80 77 59 32 16 6 55 96 59 5 79 92 0 68 96 50 37 70 30 88 89 58 77 80 22 56 71 83 83 48 74 66 22 
68 59 24 44 50 100 93 1 74 14 81 36 15 20 24 44 34 98 79 25 37 46 12 91 90 87 44 48 37 70 83 9 60 43 14 23 34 55 45 36 56 73 29 37 27 85 13 24 87 27 18 6 70 2 27 58 20 30 65 68 0 43 31 23 54 70 10 64 34 80 25 44 47 20 93 36 41 22 23 29 
6 54 90 27 7 4 62 50 89 92 8 17 22 99 18 68 46 25 71 14 81 54 17 54 13 71 5 84 42 59 75 57 44 69 72 33 18 53 19 42 36 89 25 25 62 7 93 45 79 45 97 57 83 54 52 9 67 75 80 96 43 0 31 99 61 5 7 31 39 89 78 12 7 99 54 37 22 60 6 83 
1 8 29 75 57 36 76 2 20 32 30 35 83 73 26 26 22 45 74 67 31 23 83 14 7 19 99 84 48 49 13 40 66 100 98 60 48 40 22 20 30 54 5 97 63 92 28 55 84 89 10 48 25 95 66 8 84 43 39 50 31 31 0 23 91 62 48 86 60 19 30 95 60 3 18 88 86 16 100 90 
55 48 51 60 64 82 23 60 93 46 50 11 31 38 12 29 98 51 58 3 99 8 82 7 87 72 73 27 28 72 56 18 83 43 90 87 1 99 50 72 6 40 100 16 75 67 76 51 38 10 62 23 86 91 68 76 43 75 62 37 23 99 23 0 74 30 28 63 59 40 21 58 45 57 31 4 14 13 27 4 
63 22 40 29 53 21 6 66 27 40 14 89 74 54 8 94 26 15 94 26 70 3 97 69 81 93 77 1 84 90 42 85 25 33 99 52 31 99 98 16 89 40 42 91 45 62 28 72 2 82 85 53 88 59 9 84 20 86 76 70 54 61 91 74 0 74 26 42 33 44 23 28 55 26 97 95 11 12 94 52 
43 29 47 52 37 38 96 72 90 94 59 57 76 73 60 15 31 5 19 65 21 99 75 72 95 6 45 10 96 80 83 90 52 50 75 20 76 42 36 39 74 5 56 87 48 12 28 28 11 90 19 9 33 65 72 2 37 95 26 30 70 5 62 30 74 0 86 76 79 100 34 70 20 91 15 28 21 18 41 85 
4 11 97 69 5 83 2 32 88 47 82 35 40 31 19 34 43 94 41 23 63 3 58 86 74 64 88 82 57 49 23 9 41 50 78 52 95 34 95 27 72 62 83 70 83 36 21 85 74 72 95 36 85 26 21 23 41 74 39 88 10 7 48 28 26 86 0 44 96 10 21 89 43 65 12 22 71 37 18 65 
65 59 10 77 37 88 51 74 67 38 14 22 45 71 38 33 85 94 10 56 37 50 98 53 42 87 48 94 57 25 41 2 17 62 18 69 48 23 91 23 18 78 15 49 3 49 34 44 97 7 27 37 62 83 62 62 31 32 84 89 64 31 86 63 42 76 44 0 99 81 11 50 18 86 80 69 19 50 40 62 
72 22 58 31 6 82 98 21 70 12 23 83 46 100 69 27 6 22 6 4 75 44 26 64 89 83 65 70 14 84 33 51 53 72 25 57 75 64 69 56 27 64 80 32 69 46 21 55 65 38 42 28 85 2 67 53 46 52 75 58 34 39 60 59 33 79 96 99 0 64 67 34 33 59 19 77 55 28 49 43 
90 54 5 59 88 35 52 70 53 45 26 41 98 21 13 66 72 60 98 4 2 19 35 46 75 69 89 87 74 70 61 7 100 74 95 69 4 96 24 35 60 20 15 86 18 7 76 99 72 88 1 82 93 13 12 40 49 46 18 77 80 89 19 40 44 100 10 81 64 0 22 65 6 95 36 42 64 52 92 45 
50 66 24 79 94 89 15 12 36 24 38 73 24 36 25 33 77 97 37 44 59 11 98 80 10 39 88 83 56 26 10 9 59 65 86 39 66 87 33 15 16 18 91 57 88 94 63 60 56 78 64 63 97 67 20 81 38 98 13 80 25 78 30 21 23 34 21 11 67 22 0 62 93 62 99 73 83 18 74 22 
64 86 13 51 15 49 49 2 92 5 89 42 63 24 28 81 12 50 41 93 81 78 79 30 51 97 50 34 32 93 68 87 17 100 47 29 22 93 35 51 51 52 2 59 34 3 65 84 100 94 29 21 73 38 83 61 73 35 50 22 44 12 95 58 28 70 89 50 34 65 62 0 31 37 41 64 69 99 34 97 
23 48 7 59 10 91 62 95 47 35 49 20 28 35 62 80 42 19 57 21 43 9 14 16 98 6 65 43 75 28 91 1 21 12 50 56 6 32 85 54 51 31 6 22 71 29 30 47 18 87 30 34 72 27 89 12 84 88 12 56 47 7 60 45 55 20 43 18 33 6 93 31 0 53 62 46 48 35 10 53 
19 48 78 83 12 56 90 64 59 13 10 26 46 58 42 42 46 46 83 23 76 74 41 57 14 86 21 95 91 68 49 60 27 1 66 34 56 6 74 92 23 22 46 35 94 93 49 42 50 47 9 27 30 51 55 2 92 70 40 71 20 99 3 57 26 91 65 86 59 95 62 37 53 0 30 97 47 93 49 90 
32 70 48 4 1 96 86 39 69 42 52 49 97 99 30 79 57 34 73 37 31 69 3 21 17 89 93 26 28 2 61 5 54 41 10 52 93 80 67 15 87 24 65 33 58 3 31 76 75 95 16 50 36 82 84 74 48 23 87 83 93 54 18 31 97 15 12 80 19 36 99 41 62 30 0 37 62 83 51 61 
60 11 49 18 20 79 73 25 2 85 79 8 45 55 58 40 40 66 49 73 57 31 3 20 37 85 4 95 27 14 21 20 50 35 71 68 95 15 4 29 60 33 9 14 71 35 92 100 70 14 28 63 93 75 1 78 98 81 59 83 36 37 88 4 95 28 22 69 77 42 73 64 46 97 37 0 7 33 30 80 
33 6 34 90 55 70 14 54 10 60 66 48 25 31 92 76 89 86 46 75 67 79 13 31 64 73 39 95 87 94 58 75 4 48 65 14 3 94 8 54 59 77 27 2 100 66 54 75 76 68 3 87 63 24 21 65 44 100 65 48 41 22 86 14 11 21 71 19 55 64 83 69 48 47 62 7 0 6 60 68 
89 74 18 18 100 50 45 11 45 25 83 22 5 43 46 74 85 54 42 82 18 36 34 42 62 3 70 66 58 53 47 82 82 77 67 77 36 93 66 89 40 71 84 7 1 11 34 81 8 70 81 17 14 6 73 94 87 20 19 74 22 60 16 13 12 18 37 50 28 52 18 99 35 93 83 33 6 0 46 75 
57 50 84 31 15 2 79 22 36 2 74 91 53 96 74 32 41 57 46 69 43 84 17 89 4 24 12 11 73 7 83 81 49 76 61 42 24 82 9 47 36 92 27 25 7 5 54 69 38 21 96 90 94 5 79 60 78 29 10 66 23 6 100 27 94 41 18 40 49 92 74 34 10 49 51 30 60 46 0 36 
27 60 87 27 51 30 67 78 23 80 55 18 54 33 46 3 53 27 65 20 33 92 53 45 81 10 100 34 52 27 68 24 64 77 14 17 71 78 41 73 12 3 23 1 22 52 17 60 35 57 73 90 77 11 72 53 57 89 10 22 29 83 90 4 52 85 65 62 43 45 22 97 53 90 61 80 68 75 36 0 
