30
0 471 54 229 925 188 156 931 439 242 192 628 311 886 303 61 200 779 201 319 252 179 495 851 853 696 462 132 596 195 
471 0 941 892 666 346 120 942 885 627 872 323 869 63 303 531 300 605 591 499 383 791 170 987 322 16 189 526 63 650 
54 941 0 657 658 845 949 901 862 647 373 803 531 999 27 206 219 89 508 749 389 464 339 239 198 482 760 184 155 775 
229 892 657 0 372 680 838 374 689 847 570 637 748 783 635 120 585 166 470 611 371 689 52 230 437 792 693 128 382 890 
925 666 658 372 0 609 142 426 763 268 149 794 457 874 482 304 443 471 403 225 105 874 162 622 343 124 992 31 175 573 
188 346 845 680 609 0 468 318 265 595 700 507 555 193 284 669 812 784 814 269 658 296 572 100 766 974 677 222 847 838 
156 120 949 838 142 468 0 844 541 961 187 572 136 760 391 805 24 985 504 882 891 48 517 911 860 301 724 128 958 371 
931 942 901 374 426 318 844 0 51 409 136 376 85 358 574 922 201 114 235 387 685 722 498 75 526 522 411 382 755 653 
439 885 862 689 763 265 541 51 0 429 272 563 640 924 639 767 881 9 817 641 497 192 78 206 765 999 758 879 233 144 
242 627 647 847 268 595 961 409 429 0 915 306 994 990 832 515 752 213 621 405 993 244 319 633 167 957 751 399 318 568 
192 872 373 570 149 700 187 136 272 915 0 40 814 111 117 19 228 467 776 458 52 271 724 357 264 713 540 130 817 752 
628 323 803 637 794 507 572 376 563 306 40 0 103 221 745 346 539 729 513 848 479 911 165 398 302 330 509 418 348 88 
311 869 531 748 457 555 136 85 640 994 814 103 0 237 475 897 640 745 620 996 361 685 536 842 501 639 944 721 735 290 
886 63 999 783 874 193 760 358 924 990 111 221 237 0 611 463 802 810 942 64 974 339 366 303 199 135 2 638 371 476 
303 303 27 635 482 284 391 574 639 832 117 745 475 611 0 534 10 573 506 358 933 190 245 774 42 883 70 762 618 359 
61 531 206 120 304 669 805 922 767 515 19 346 897 463 534 0 724 432 512 534 725 575 859 416 940 514 966 75 515 604 
200 300 219 585 443 812 24 201 881 752 228 539 640 802 10 724 0 797 343 489 159 267 994 516 551 535 760 676 576 994 
779 605 89 166 471 784 985 114 9 213 467 729 745 810 573 432 797 0 745 689 963 103 765 395 614 650 119 189 508 534 
201 591 508 470 403 814 504 235 817 621 776 513 620 942 506 512 343 745 0 480 373 500 554 240 455 703 582 295 861 200 
319 499 749 611 225 269 882 387 641 405 458 848 996 64 358 534 489 689 480 0 641 376 750 175 487 425 103 480 170 143 
252 383 389 371 105 658 891 685 497 993 52 479 361 974 933 725 159 963 373 641 0 443 624 907 189 238 556 659 778 64 
179 791 464 689 874 296 48 722 192 244 271 911 685 339 190 575 267 103 500 376 443 0 193 257 788 44 163 27 850 865 
495 170 339 52 162 572 517 498 78 319 724 165 536 366 245 859 994 765 554 750 624 193 0 960 144 725 159 784 452 908 
851 987 239 230 622 100 911 75 206 633 357 398 842 303 774 416 516 395 240 175 907 257 960 0 959 290 333 413 769 854 
853 322 198 437 343 766 860 526 765 167 264 302 501 199 42 940 551 614 455 487 189 788 144 959 0 555 563 477 462 103 
696 16 482 792 124 974 301 522 999 957 713 330 639 135 883 514 535 650 703 425 238 44 725 290 555 0 66 17 762 843 
462 189 760 693 992 677 724 411 758 751 540 509 944 2 70 966 760 119 582 103 556 163 159 333 563 66 0 432 306 452 
132 526 184 128 31 222 128 382 879 399 130 418 721 638 762 75 676 189 295 480 659 27 784 413 477 17 432 0 572 349 
596 63 155 382 175 847 958 755 233 318 817 348 735 371 618 515 576 508 861 170 778 850 452 769 462 762 306 572 0 614 
195 650 775 890 573 838 371 653 144 568 752 88 290 476 359 604 994 534 200 143 64 865 908 854 103 843 452 349 614 0 
