40
0 94 10 57 83 45 25 27 57 74 13 36 25 69 56 26 45 72 80 97 58 81 97 58 76 63 4 20 57 14 14 77 59 24 85 41 20 61 19 76 
94 0 86 31 63 10 99 19 87 95 42 18 44 99 98 40 8 26 55 63 45 11 76 58 39 86 81 75 78 52 87 96 79 72 78 42 33 28 12 71 
10 86 0 75 5 88 18 55 86 9 14 63 63 76 7 26 4 16 16 41 97 91 19 100 77 66 79 1 44 72 33 71 83 4 97 39 91 14 93 28 
57 31 75 0 23 58 90 85 33 48 62 88 64 78 29 12 68 99 11 96 64 89 96 59 60 81 82 94 84 78 84 26 92 76 6 14 33 47 50 18 
83 63 5 23 0 95 64 57 10 41 85 73 60 83 83 55 99 24 51 57 35 83 38 81 18 16 64 43 7 92 100 72 76 47 73 45 93 36 2 54 
45 10 88 58 95 0 76 86 26 35 21 60 42 19 83 44 75 70 26 65 50 43 80 65 37 38 56 37 61 84 35 33 28 79 21 29 32 48 67 57 
25 99 18 90 64 76 0 35 87 16 76 57 51 71 83 20 96 47 21 38 26 37 26 15 93 62 75 28 48 8 55 26 80 36 57 27 2 65 13 40 
27 19 55 85 57 86 35 0 33 40 48 83 10 30 54 5 77 26 94 54 62 20 21 6 81 95 33 81 54 40 6 33 75 15 12 76 79 24 15 11 
57 87 86 33 10 26 87 33 0 16 62 45 25 43 98 30 71 75 23 77 37 94 97 94 27 91 27 7 97 66 12 29 40 26 92 67 57 68 33 67 
74 95 9 48 41 35 16 40 16 0 83 46 12 7 88 61 88 59 36 63 87 24 56 83 17 82 25 95 40 21 60 52 2 51 29 45 17 85 12 1 
13 42 14 62 85 21 76 48 62 83 0 4 46 46 67 5 34 27 92 44 14 6 30 37 14 64 6 47 88 100 87 61 12 90 14 62 70 58 31 7 
36 18 63 88 73 60 57 83 45 46 4 0 22 83 10 67 29 76 71 14 54 15 57 68 72 38 56 85 53 61 32 92 61 18 52 72 59 65 85 28 
25 44 63 64 60 42 51 10 25 12 46 22 0 75 67 34 96 50 43 62 30 70 85 43 76 51 51 43 22 40 50 7 92 11 90 83 23 7 87 46 
69 99 76 78 83 19 71 30 43 7 46 83 75 0 17 3 82 44 77 49 78 24 50 72 86 79 94 22 73 69 72 23 63 93 62 12 51 5 22 40 
56 98 7 29 83 83 83 54 98 88 67 10 67 17 0 39 96 98 77 41 14 32 23 10 8 23 39 32 24 62 69 54 55 90 26 75 13 100 37 57 
26 40 26 12 55 44 20 5 30 61 5 67 34 3 39 0 61 49 60 17 22 51 55 70 49 84 10 14 15 84 75 74 6 13 57 29 27 25 82 81 
45 8 4 68 99 75 96 77 71 88 34 29 96 82 96 61 0 66 59 8 30 58 44 87 18 44 98 86 18 48 93 87 96 76 48 62 90 32 88 63 
72 26 16 99 24 70 47 26 75 59 27 76 50 44 98 49 66 0 89 1 20 18 27 96 51 59 14 10 18 43 67 62 81 37 57 78 22 26 26 14 
80 55 16 11 51 26 21 94 23 36 92 71 43 77 77 60 59 89 0 64 73 41 12 86 30 43 74 45 31 26 64 100 4 11 3 14 24 12 32 67 
97 63 41 96 57 65 38 54 77 63 44 14 62 49 41 17 8 1 64 0 30 45 99 66 1 77 40 79 2 5 42 26 46 53 12 27 47 85 71 30 
58 45 97 64 35 50 26 62 37 87 14 54 30 78 14 22 30 20 73 30 0 10 86 29 13 97 31 26 20 94 9 38 24 53 37 41 54 13 80 32 
81 11 91 89 83 43 37 20 94 24 6 15 70 24 32 51 58 18 41 45 10 0 66 85 73 91 82 78 54 8 24 38 79 53 99 64 34 63 60 16 
97 76 19 96 38 80 26 21 97 56 30 57 85 50 23 55 44 27 12 99 86 66 0 41 32 62 49 69 85 2 57 25 7 21 5 90 86 41 62 29 
58 58 100 59 81 65 15 6 94 83 37 68 43 72 10 70 87 96 86 66 29 85 41 0 22 91 82 29 15 72 7 19 22 23 4 85 34 20 25 65 
76 39 77 60 18 37 93 81 27 17 14 72 76 86 8 49 18 51 30 1 13 73 32 22 0 81 73 34 17 26 42 41 32 63 97 21 100 89 35 28 
63 86 66 81 16 38 62 95 91 82 64 38 51 79 23 84 44 59 43 77 97 91 62 91 81 0 10 25 62 91 91 85 49 10 6 71 65 90 5 84 
4 81 79 82 64 56 75 33 27 25 6 56 51 94 39 10 98 14 74 40 31 82 49 82 73 10 0 14 69 16 39 54 84 64 96 77 48 10 73 68 
20 75 1 94 43 37 28 81 7 95 47 85 43 22 32 14 86 10 45 79 26 78 69 29 34 25 14 0 9 62 2 37 23 27 50 13 17 34 62 78 
57 78 44 84 7 61 48 54 97 40 88 53 22 73 24 15 18 18 31 2 20 54 85 15 17 62 69 9 0 39 32 43 81 88 78 94 57 46 84 62 
14 52 72 78 92 84 8 40 66 21 100 61 40 69 62 84 48 43 26 5 94 8 2 72 26 91 16 62 39 0 29 100 9 5 47 18 30 14 27 43 
14 87 33 84 100 35 55 6 12 60 87 32 50 72 69 75 93 67 64 42 9 24 57 7 42 91 39 2 32 29 0 68 15 65 46 16 78 62 49 91 
77 96 71 26 72 33 26 33 29 52 61 92 7 23 54 74 87 62 100 26 38 38 25 19 41 85 54 37 43 100 68 0 92 39 22 86 19 10 15 65 
59 79 83 92 76 28 80 75 40 2 12 61 92 63 55 6 96 81 4 46 24 79 7 22 32 49 84 23 81 9 15 92 0 18 60 100 31 41 99 40 
24 72 4 76 47 79 36 15 26 51 90 18 11 93 90 13 76 37 11 53 53 53 21 23 63 10 64 27 88 5 65 39 18 0 45 45 57 74 11 83 
85 78 97 6 73 21 57 12 92 29 14 52 90 62 26 57 48 57 3 12 37 99 5 4 97 6 96 50 78 47 46 22 60 45 0 16 78 49 33 23 
41 42 39 14 45 29 27 76 67 45 62 72 83 12 75 29 62 78 14 27 41 64 90 85 21 71 77 13 94 18 16 86 100 45 16 0 64 10 36 64 
20 33 91 33 93 32 2 79 57 17 70 59 23 51 13 27 90 22 24 47 54 34 86 34 100 65 48 17 57 30 78 19 31 57 78 64 0 52 79 3 
61 28 14 47 36 48 65 24 68 85 58 65 7 5 100 25 32 26 12 85 13 63 41 20 89 90 10 34 46 14 62 10 41 74 49 10 52 0 25 64 
19 12 93 50 2 67 13 15 33 12 31 85 87 22 37 82 88 26 32 71 80 60 62 25 35 5 73 62 84 27 49 15 99 11 33 36 79 25 0 21 
76 71 28 18 54 57 40 11 67 1 7 28 46 40 57 81 63 14 67 30 32 16 29 65 28 84 68 78 62 43 91 65 40 83 23 64 3 64 21 0 
