70
0 69 73 66 15 79 20 72 14 75 93 65 56 22 81 6 11 38 13 67 1 12 55 55 71 38 35 84 33 98 28 99 18 53 16 32 31 88 56 44 62 100 9 69 21 41 26 83 31 39 49 31 2 56 85 25 93 71 8 78 20 88 28 37 92 44 21 74 31 28 
69 0 17 44 27 77 12 99 70 89 81 100 27 81 82 29 36 18 53 81 88 12 10 59 51 37 47 42 32 67 15 14 46 84 57 72 12 20 22 81 9 54 32 35 35 65 15 22 82 19 54 21 83 63 79 33 100 26 27 31 44 93 45 90 28 53 13 40 73 35 
73 17 0 72 81 88 56 15 74 20 82 96 54 100 49 26 34 64 5 67 63 82 45 45 25 89 41 66 17 94 79 8 66 13 31 98 100 86 12 26 58 45 21 63 97 21 88 30 84 44 48 98 25 92 95 2 81 35 67 49 28 45 8 45 57 38 42 9 76 6 
66 44 72 0 34 33 2 6 47 98 78 34 28 62 78 75 11 54 19 5 55 51 40 74 99 19 18 6 16 27 95 9 87 70 66 20 54 68 77 100 65 54 34 92 67 63 19 78 68 37 34 23 87 25 48 37 96 65 94 11 91 88 19 77 58 85 48 11 4 76 
15 27 81 34 0 11 68 30 96 12 48 10 30 77 77 66 11 51 4 35 98 92 30 63 85 92 5 72 63 34 81 99 33 92 2 9 54 69 90 1 80 37 10 9 14 86 26 76 37 81 10 86 72 92 48 56 83 5 80 97 38 60 95 22 3 96 30 8 17 19 
79 77 88 33 11 0 8 96 8 69 57 73 7 34 48 43 15 9 28 38 100 28 94 35 32 25 31 21 36 78 42 39 73 24 98 89 94 58 37 1 26 45 73 32 78 20 26 44 29 6 82 80 33 27 66 16 51 97 88 86 74 81 76 98 4 26 39 50 83 75 
20 12 56 2 68 8 0 50 60 19 75 92 48 46 69 92 26 74 25 6 58 3 71 25 53 19 64 90 44 45 18 42 100 43 80 1 77 6 51 36 76 77 79 23 22 100 66 48 73 42 5 83 44 27 59 96 46 23 38 41 19 55 82 70 49 13 71 77 70 73 
72 99 15 6 30 96 50 0 12 45 49 43 68 22 42 85 69 66 27 25 48 70 52 59 18 49 81 55 89 51 61 23 72 61 87 94 37 57 66 100 1 66 42 20 88 83 5 8 49 31 33 48 52 36 6 69 84 38 75 24 40 87 98 12 99 37 5 35 93 23 
14 70 74 47 96 8 60 12 0 87 45 40 28 65 27 63 69 35 63 51 19 10 54 6 68 75 89 57 49 64 97 88 14 60 86 50 16 73 42 90 11 86 30 38 2 8 52 22 94 14 24 12 76 78 17 95 52 57 51 52 73 99 91 86 10 29 35 78 1 28 
75 89 20 98 12 69 19 45 87 0 67 63 65 48 100 67 56 52 40 49 17 64 61 92 41 29 86 44 38 89 95 10 87 86 47 49 66 33 26 66 12 44 28 76 92 79 94 47 82 34 95 99 49 7 42 41 88 28 84 25 68 30 86 54 67 84 54 32 68 79 
93 81 82 78 48 57 75 49 45 67 0 49 79 23 28 6 14 7 100 12 40 85 6 90 85 65 32 25 52 11 8 28 78 37 65 83 4 100 37 35 67 67 84 45 89 11 50 54 69 1 65 61 37 23 50 21 87 81 45 90 43 52 69 72 41 33 55 44 32 43 
65 100 96 34 10 73 92 43 40 63 49 0 30 98 9 65 94 50 28 43 3 48 96 20 8 32 42 58 53 80 90 97 21 33 1 89 4 41 21 10 36 4 4 65 53 13 82 46 14 9 40 16 8 35 87 16 67 80 25 19 59 66 67 31 50 67 19 6 59 91 
56 27 54 28 30 7 48 68 28 65 79 30 0 15 94 46 19 11 98 83 92 95 96 52 35 63 11 21 2 26 87 81 2 57 92 68 76 22 17 42 41 22 53 83 89 46 29 59 56 26 41 99 21 88 2 7 2 13 27 3 38 66 84 92 74 27 59 49 48 27 
22 81 100 62 77 34 46 22 65 48 23 98 15 0 43 40 1 95 23 89 40 51 47 48 28 39 46 100 78 48 58 79 60 85 82 49 2 17 92 75 43 50 24 42 29 66 82 29 60 56 69 51 58 67 98 37 5 96 89 82 95 46 60 54 82 93 54 83 9 46 
81 82 49 78 77 48 69 42 27 100 28 9 94 43 0 58 51 47 33 45 27 50 78 55 61 33 75 11 42 41 61 78 45 56 66 78 50 64 90 55 45 82 60 80 91 5 37 93 4 21 37 30 70 14 37 30 98 11 92 91 52 52 69 48 59 86 26 8 49 15 
6 29 26 75 66 43 92 85 63 67 6 65 46 40 58 0 14 46 96 74 25 38 30 13 83 33 33 71 15 54 37 51 83 34 61 26 25 64 78 45 12 36 82 37 96 83 3 61 28 50 34 52 40 64 64 22 48 48 92 62 1 80 12 35 14 25 60 90 40 89 
11 36 34 11 11 15 26 69 69 56 14 94 19 1 51 14 0 86 51 77 67 39 24 49 93 84 76 43 18 79 82 33 42 55 80 41 98 42 41 78 5 27 91 81 39 32 21 27 17 71 55 35 62 78 84 54 14 59 96 83 90 29 15 31 83 46 24 81 87 64 
38 18 64 54 51 9 74 66 35 52 7 50 11 95 47 46 86 0 10 44 43 52 24 81 83 44 59 51 67 14 85 28 43 68 33 8 79 81 90 68 9 56 50 44 2 73 76 40 89 85 35 31 36 59 11 70 54 69 20 20 34 4 47 77 24 32 84 2 12 26 
13 53 5 19 4 28 25 27 63 40 100 28 98 23 33 96 51 10 0 21 20 81 70 15 34 95 90 26 83 26 60 65 13 18 75 82 72 95 1 91 29 57 90 57 80 21 40 81 84 65 53 55 98 22 70 31 68 11 56 2 37 68 66 49 85 40 83 8 87 83 
67 81 67 5 35 38 6 25 51 49 12 43 83 89 45 74 77 44 21 0 51 15 39 92 71 18 64 62 50 47 79 2 1 76 76 70 58 43 33 66 97 69 33 62 69 69 54 51 77 40 86 27 54 24 18 76 94 81 37 95 27 15 97 79 42 24 49 52 66 81 
1 88 63 55 98 100 58 48 19 17 40 3 92 40 27 25 67 43 20 51 0 17 62 1 1 76 21 69 29 24 45 68 9 23 73 84 92 48 29 72 36 24 50 51 20 29 44 95 29 95 12 61 63 74 61 63 1 33 84 29 56 80 48 64 3 20 100 94 19 28 
12 12 82 51 92 28 3 70 10 64 85 48 95 51 50 38 39 52 81 15 17 0 18 54 51 19 56 22 47 100 16 27 46 28 87 9 53 99 23 53 32 6 33 87 86 80 51 40 51 2 85 69 29 2 74 32 21 30 5 19 81 21 46 78 100 32 38 4 31 61 
55 10 45 40 30 94 71 52 54 61 6 96 96 47 78 30 24 24 70 39 62 18 0 8 14 18 40 100 55 71 2 94 73 3 31 41 84 32 66 15 4 95 19 23 27 91 20 5 90 3 42 45 85 54 52 98 72 43 98 78 65 99 72 37 54 54 29 37 85 95 
55 59 45 74 63 35 25 59 6 92 90 20 52 48 55 13 49 81 15 92 1 54 8 0 51 41 41 21 63 68 12 34 24 53 36 17 50 21 71 1 18 94 96 67 71 60 18 94 49 71 47 77 7 84 23 9 24 64 81 38 31 44 71 6 97 58 22 98 30 92 
71 51 25 99 85 32 53 18 68 41 85 8 35 28 61 83 93 83 34 71 1 51 14 51 0 50 100 37 45 66 8 57 83 1 5 5 100 33 63 83 56 23 6 19 4 95 1 47 17 6 95 74 79 92 4 23 42 3 59 38 20 18 94 55 71 50 59 70 83 22 
38 37 89 19 92 25 19 49 75 29 65 32 63 39 33 33 84 44 95 18 76 19 18 41 50 0 4 90 96 61 60 99 55 60 98 71 17 92 44 95 36 99 69 29 1 28 66 73 97 12 27 67 13 85 36 95 58 39 36 54 99 95 4 5 54 1 75 22 45 71 
35 47 41 18 5 31 64 81 89 86 32 42 11 46 75 33 76 59 90 64 21 56 40 41 100 4 0 69 32 69 37 60 22 16 77 94 13 88 20 79 1 56 67 47 14 57 35 19 8 29 22 12 35 75 39 8 19 9 76 50 29 65 61 2 80 37 95 44 77 66 
84 42 66 6 72 21 90 55 57 44 25 58 21 100 11 71 43 51 26 62 69 22 100 21 37 90 69 0 75 29 22 41 27 87 49 61 5 56 42 78 68 76 52 58 83 22 66 11 71 46 75 83 48 6 72 94 2 48 60 76 28 33 68 54 71 16 67 27 72 8 
33 32 17 16 63 36 44 89 49 38 52 53 2 78 42 15 18 67 83 50 29 47 55 63 45 96 32 75 0 4 91 35 8 100 69 29 17 79 52 62 5 34 61 63 5 55 64 4 66 39 83 98 58 89 20 73 55 46 96 14 1 38 48 8 37 68 37 53 47 40 
98 67 94 27 34 78 45 51 64 89 11 80 26 48 41 54 79 14 26 47 24 100 71 68 66 61 69 29 4 0 67 3 73 27 65 30 81 28 85 46 18 20 95 75 8 14 48 62 59 95 27 60 33 26 67 21 93 55 74 39 94 40 94 19 66 58 100 99 86 36 
28 15 79 95 81 42 18 61 97 95 8 90 87 58 61 37 82 85 60 79 45 16 2 12 8 60 37 22 91 67 0 44 3 55 39 30 62 52 29 75 63 23 1 22 7 26 40 28 19 47 53 9 92 92 2 62 9 12 61 7 97 49 3 51 3 93 32 17 44 60 
99 14 8 9 99 39 42 23 88 10 28 97 81 79 78 51 33 28 65 2 68 27 94 34 57 99 60 41 35 3 44 0 43 6 35 96 79 41 21 71 20 91 17 72 52 8 15 5 70 24 16 82 82 64 30 36 15 85 28 98 53 72 58 95 29 92 90 60 84 63 
18 46 66 87 33 73 100 72 14 87 78 21 2 60 45 83 42 43 13 1 9 46 73 24 83 55 22 27 8 73 3 43 0 30 4 5 46 75 56 53 90 61 74 65 28 8 46 92 37 82 58 73 9 55 25 32 12 72 13 55 61 72 39 75 1 42 80 98 16 35 
53 84 13 70 92 24 43 61 60 86 37 33 57 85 56 34 55 68 18 76 23 28 3 53 1 60 16 87 100 27 55 6 30 0 2 57 47 76 21 27 83 19 18 71 52 75 96 12 81 72 44 93 43 8 99 56 79 37 30 31 30 9 28 98 96 29 54 94 56 75 
16 57 31 66 2 98 80 87 86 47 65 1 92 82 66 61 80 33 75 76 73 87 31 36 5 98 77 49 69 65 39 35 4 2 0 20 90 45 37 13 96 63 8 7 44 79 2 88 74 9 86 29 39 75 58 69 4 19 48 1 14 77 55 7 84 81 27 74 25 15 
32 72 98 20 9 89 1 94 50 49 83 89 68 49 78 26 41 8 82 70 84 9 41 17 5 71 94 61 29 30 30 96 5 57 20 0 86 20 78 93 78 73 23 80 60 96 88 97 76 27 71 34 95 27 4 43 79 17 71 85 75 54 65 1 79 41 16 64 12 45 
31 12 100 54 54 94 77 37 16 66 4 4 76 2 50 25 98 79 72 58 92 53 84 50 100 17 13 5 17 81 62 79 46 47 90 86 0 8 90 17 83 69 76 78 8 24 54 34 47 39 81 73 42 75 51 10 97 88 84 2 4 37 81 45 4 96 56 48 4 97 
88 20 86 68 69 58 6 57 73 33 100 41 22 17 64 64 42 81 95 43 48 99 32 21 33 92 88 56 79 28 52 41 75 76 45 20 8 0 64 86 65 91 15 25 66 20 58 12 10 90 84 3 64 87 12 60 74 48 62 77 84 42 73 87 89 81 34 92 77 49 
56 22 12 77 90 37 51 66 42 26 37 21 17 92 90 78 41 90 1 33 29 23 66 71 63 44 20 42 52 85 29 21 56 21 37 78 90 64 0 29 94 91 96 18 56 15 27 68 77 17 3 79 80 41 91 92 66 38 5 95 73 98 67 59 86 47 44 30 76 44 
44 81 26 100 1 1 36 100 90 66 35 10 42 75 55 45 78 68 91 66 72 53 15 1 83 95 79 78 62 46 75 71 53 27 13 93 17 86 29 0 58 21 34 5 90 89 20 16 8 48 84 11 26 64 51 68 7 17 5 11 63 77 8 29 87 45 28 30 74 55 
62 9 58 65 80 26 76 1 11 12 67 36 41 43 45 12 5 9 29 97 36 32 4 18 56 36 1 68 5 18 63 20 90 83 96 78 83 65 94 58 0 25 32 75 58 88 64 99 59 31 6 6 15 68 32 30 71 99 36 39 56 98 1 84 57 29 71 1 8 52 
100 54 45 54 37 45 77 66 86 44 67 4 22 50 82 36 27 56 57 69 24 6 95 94 23 99 56 76 34 20 23 91 61 19 63 73 69 91 91 21 25 0 75 62 77 58 36 86 45 51 84 4 34 90 9 48 9 92 29 79 91 64 17 46 13 17 81 69 98 51 
9 32 21 34 10 73 79 42 30 28 84 4 53 24 60 82 91 50 90 33 50 33 19 96 6 69 67 52 61 95 1 17 74 18 8 23 76 15 96 34 32 75 0 69 5 55 95 67 83 52 54 68 49 57 52 52 90 93 12 89 1 4 17 80 46 80 48 43 44 65 
69 35 63 92 9 32 23 20 38 76 45 65 83 42 80 37 81 44 57 62 51 87 23 67 19 29 47 58 63 75 22 72 65 71 7 80 78 25 18 5 75 62 69 0 23 12 62 26 32 66 80 27 84 14 30 38 81 78 46 84 81 35 28 45 23 29 100 91 60 45 
21 35 97 67 14 78 22 88 2 92 89 53 89 29 91 96 39 2 80 69 20 86 27 71 4 1 14 83 5 8 7 52 28 52 44 60 8 66 56 90 58 77 5 23 0 22 7 87 65 23 9 76 84 34 59 2 65 37 37 78 67 26 11 96 71 94 29 57 22 25 
41 65 21 63 86 20 100 83 8 79 11 13 46 66 5 83 32 73 21 69 29 80 91 60 95 28 57 22 55 14 26 8 8 75 79 96 24 20 15 89 88 58 55 12 22 0 31 2 24 21 13 68 42 71 6 6 94 14 33 29 100 92 82 16 80 19 46 46 44 56 
26 15 88 19 26 26 66 5 52 94 50 82 29 82 37 3 21 76 40 54 44 51 20 18 1 66 35 66 64 48 40 15 46 96 2 88 54 58 27 20 64 36 95 62 7 31 0 94 67 1 74 23 74 98 54 75 21 26 39 88 68 10 45 73 55 10 58 83 61 1 
83 22 30 78 76 44 48 8 22 47 54 46 59 29 93 61 27 40 81 51 95 40 5 94 47 73 19 11 4 62 28 5 92 12 88 97 34 12 68 16 99 86 67 26 87 2 94 0 17 77 80 35 74 78 30 81 71 96 81 44 71 55 41 76 81 13 1 72 52 68 
31 82 84 68 37 29 73 49 94 82 69 14 56 60 4 28 17 89 84 77 29 51 90 49 17 97 8 71 66 59 19 70 37 81 74 76 47 10 77 8 59 45 83 32 65 24 67 17 0 81 96 93 35 5 50 69 66 50 85 94 81 71 67 58 53 47 28 48 79 23 
39 19 44 37 81 6 42 31 14 34 1 9 26 56 21 50 71 85 65 40 95 2 3 71 6 12 29 46 39 95 47 24 82 72 9 27 39 90 17 48 31 51 52 66 23 21 1 77 81 0 70 85 15 45 18 27 46 89 78 65 21 25 57 7 30 58 75 95 59 12 
49 54 48 34 10 82 5 33 24 95 65 40 41 69 37 34 55 35 53 86 12 85 42 47 95 27 22 75 83 27 53 16 58 44 86 71 81 84 3 84 6 84 54 80 9 13 74 80 96 70 0 40 40 34 6 97 86 4 77 86 82 99 55 67 66 100 84 92 97 24 
31 21 98 23 86 80 83 48 12 99 61 16 99 51 30 52 35 31 55 27 61 69 45 77 74 67 12 83 98 60 9 82 73 93 29 34 73 3 79 11 6 4 68 27 76 68 23 35 93 85 40 0 22 61 44 46 18 50 75 75 76 21 86 39 60 25 73 17 21 58 
2 83 25 87 72 33 44 52 76 49 37 8 21 58 70 40 62 36 98 54 63 29 85 7 79 13 35 48 58 33 92 82 9 43 39 95 42 64 80 26 15 34 49 84 84 42 74 74 35 15 40 22 0 20 49 43 54 48 50 20 13 49 55 56 97 78 77 57 21 75 
56 63 92 25 92 27 27 36 78 7 23 35 88 67 14 64 78 59 22 24 74 2 54 84 92 85 75 6 89 26 92 64 55 8 75 27 75 87 41 64 68 90 57 14 34 71 98 78 5 45 34 61 20 0 74 22 49 1 97 22 86 88 33 62 60 2 34 69 73 83 
85 79 95 48 48 66 59 6 17 42 50 87 2 98 37 64 84 11 70 18 61 74 52 23 4 36 39 72 20 67 2 30 25 99 58 4 51 12 91 51 32 9 52 30 59 6 54 30 50 18 6 44 49 74 0 64 26 82 13 97 46 13 51 1 9 80 30 65 100 4 
25 33 2 37 56 16 96 69 95 41 21 16 7 37 30 22 54 70 31 76 63 32 98 9 23 95 8 94 73 21 62 36 32 56 69 43 10 60 92 68 30 48 52 38 2 6 75 81 69 27 97 46 43 22 64 0 91 73 4 43 70 77 80 9 10 41 68 63 74 36 
93 100 81 96 83 51 46 84 52 88 87 67 2 5 98 48 14 54 68 94 1 21 72 24 42 58 19 2 55 93 9 15 12 79 4 79 97 74 66 7 71 9 90 81 65 94 21 71 66 46 86 18 54 49 26 91 0 35 56 99 61 37 63 57 34 75 60 35 83 39 
71 26 35 65 5 97 23 38 57 28 81 80 13 96 11 48 59 69 11 81 33 30 43 64 3 39 9 48 46 55 12 85 72 37 19 17 88 48 38 17 99 92 93 78 37 14 26 96 50 89 4 50 48 1 82 73 35 0 16 100 91 71 90 63 74 84 84 51 63 92 
8 27 67 94 80 88 38 75 51 84 45 25 27 89 92 92 96 20 56 37 84 5 98 81 59 36 76 60 96 74 61 28 13 30 48 71 84 62 5 5 36 29 12 46 37 33 39 81 85 78 77 75 50 97 13 4 56 16 0 12 3 11 74 28 99 60 84 49 20 72 
78 31 49 11 97 86 41 24 52 25 90 19 3 82 91 62 83 20 2 95 29 19 78 38 38 54 50 76 14 39 7 98 55 31 1 85 2 77 95 11 39 79 89 84 78 29 88 44 94 65 86 75 20 22 97 43 99 100 12 0 12 29 6 86 40 92 21 78 7 20 
20 44 28 91 38 74 19 40 73 68 43 59 38 95 52 1 90 34 37 27 56 81 65 31 20 99 29 28 1 94 97 53 61 30 14 75 4 84 73 63 56 91 1 81 67 100 68 71 81 21 82 76 13 86 46 70 61 91 3 12 0 20 77 61 35 2 44 70 4 58 
88 93 45 88 60 81 55 87 99 30 52 66 66 46 52 80 29 4 68 15 80 21 99 44 18 95 65 33 38 40 49 72 72 9 77 54 37 42 98 77 98 64 4 35 26 92 10 55 71 25 99 21 49 88 13 77 37 71 11 29 20 0 62 67 60 24 92 87 22 52 
28 45 8 19 95 76 82 98 91 86 69 67 84 60 69 12 15 47 66 97 48 46 72 71 94 4 61 68 48 94 3 58 39 28 55 65 81 73 67 8 1 17 17 28 11 82 45 41 67 57 55 86 55 33 51 80 63 90 74 6 77 62 0 22 71 71 46 34 51 51 
37 90 45 77 22 98 70 12 86 54 72 31 92 54 48 35 31 77 49 79 64 78 37 6 55 5 2 54 8 19 51 95 75 98 7 1 45 87 59 29 84 46 80 45 96 16 73 76 58 7 67 39 56 62 1 9 57 63 28 86 61 67 22 0 71 90 94 91 20 52 
92 28 57 58 3 4 49 99 10 67 41 50 74 82 59 14 83 24 85 42 3 100 54 97 71 54 80 71 37 66 3 29 1 96 84 79 4 89 86 87 57 13 46 23 71 80 55 81 53 30 66 60 97 60 9 10 34 74 99 40 35 60 71 71 0 62 91 28 74 25 
44 53 38 85 96 26 13 37 29 84 33 67 27 93 86 25 46 32 40 24 20 32 54 58 50 1 37 16 68 58 93 92 42 29 81 41 96 81 47 45 29 17 80 29 94 19 10 13 47 58 100 25 78 2 80 41 75 84 60 92 2 24 71 90 62 0 81 17 95 85 
21 13 42 48 30 39 71 5 35 54 55 19 59 54 26 60 24 84 83 49 100 38 29 22 59 75 95 67 37 100 32 90 80 54 27 16 56 34 44 28 71 81 48 100 29 46 58 1 28 75 84 73 77 34 30 68 60 84 84 21 44 92 46 94 91 81 0 26 8 3 
74 40 9 11 8 50 77 35 78 32 44 6 49 83 8 90 81 2 8 52 94 4 37 98 70 22 44 27 53 99 17 60 98 94 74 64 48 92 30 30 1 69 43 91 57 46 83 72 48 95 92 17 57 69 65 63 35 51 49 78 70 87 34 91 28 17 26 0 37 31 
31 73 76 4 17 83 70 93 1 68 32 59 48 9 49 40 87 12 87 66 19 31 85 30 83 45 77 72 47 86 44 84 16 56 25 12 4 77 76 74 8 98 44 60 22 44 61 52 79 59 97 21 21 73 100 74 83 63 20 7 4 22 51 20 74 95 8 37 0 95 
28 35 6 76 19 75 73 23 28 79 43 91 27 46 15 89 64 26 83 81 28 61 95 92 22 71 66 8 40 36 60 63 35 75 15 45 97 49 44 55 52 51 65 45 25 56 1 68 23 12 24 58 75 83 4 36 39 92 72 20 58 52 51 52 25 85 3 31 95 0 
