100
0 98 73 21 1 31 44 29 44 56 31 42 47 18 43 4 53 17 33 14 12 94 43 1 33 66 85 99 36 22 38 98 71 63 18 72 45 61 52 88 16 83 81 62 100 76 18 4 44 50 17 55 43 59 56 27 76 40 25 11 13 15 60 84 29 77 7 73 90 58 61 57 92 93 71 43 68 40 46 64 89 14 18 83 25 73 61 100 64 86 63 77 52 22 12 80 51 18 52 40 
98 0 27 64 48 19 9 70 61 28 9 7 91 97 20 9 31 96 33 92 96 49 29 10 77 80 31 88 11 81 57 14 72 83 78 72 1 38 41 62 65 50 20 56 98 91 16 29 87 100 72 34 48 100 43 24 31 25 11 41 6 67 54 29 2 83 100 2 20 41 15 37 42 86 92 39 29 59 19 67 58 90 100 6 41 94 81 71 18 92 63 75 10 17 4 63 51 55 65 23 
73 27 0 47 31 59 88 69 2 79 97 60 97 15 69 39 14 74 79 59 55 50 28 98 12 3 59 80 58 22 83 12 38 5 11 20 15 98 40 68 76 36 79 25 50 47 63 15 73 41 25 79 42 53 28 6 7 38 85 64 11 67 27 48 23 37 20 89 35 59 56 62 47 86 38 48 33 100 15 57 93 39 35 34 43 14 39 49 51 76 12 62 94 91 61 69 27 32 57 13 
21 64 47 0 91 65 75 89 50 12 88 34 64 2 90 56 93 76 41 87 89 32 36 92 59 99 53 52 89 65 20 68 97 29 80 87 45 6 27 46 70 14 80 33 68 21 40 12 49 32 98 89 63 85 80 21 84 84 25 24 49 96 91 45 76 71 83 20 28 9 66 97 74 45 81 41 17 20 52 65 4 50 6 18 34 85 91 69 69 15 45 17 62 35 61 38 57 43 57 85 
1 48 31 91 0 3 22 33 76 18 14 17 87 85 20 3 88 21 8 58 7 93 48 75 13 14 19 29 75 6 41 12 62 35 21 98 37 42 83 12 12 96 80 50 32 100 52 20 72 60 29 78 4 76 5 16 89 75 96 63 80 36 27 94 22 47 43 58 40 25 21 51 20 53 52 52 4 4 23 75 15 51 53 18 78 9 85 66 83 80 80 63 67 6 56 88 52 50 97 44 
31 19 59 65 3 0 75 69 46 46 21 98 49 24 1 23 99 15 73 3 84 2 11 68 67 93 99 99 7 65 4 14 4 8 64 52 51 38 20 48 83 41 45 84 16 97 6 66 11 79 68 46 32 30 13 99 75 11 49 81 27 52 95 82 11 58 85 13 47 5 61 81 97 57 64 12 54 70 30 16 100 97 62 31 79 26 81 53 89 29 33 67 33 27 49 95 36 33 8 34 
44 9 88 75 22 75 0 89 20 15 37 76 30 49 81 99 30 49 50 26 10 33 4 87 65 8 75 46 41 42 78 19 42 24 7 26 31 40 15 2 54 51 30 36 51 10 86 80 58 36 58 19 68 13 58 84 21 32 29 13 25 6 31 18 30 37 44 12 29 10 66 82 12 95 69 15 56 55 94 66 90 3 36 9 68 93 92 40 25 21 52 1 78 34 19 59 23 62 23 51 
29 70 69 89 33 69 89 0 23 88 84 34 34 53 48 89 7 94 6 48 96 42 8 15 34 51 54 10 23 57 63 1 91 81 11 65 94 33 15 16 72 98 49 5 2 97 46 8 42 51 7 37 92 14 4 78 65 57 87 87 14 49 39 56 81 2 20 74 34 86 41 58 83 90 14 85 38 59 44 79 10 3 67 1 16 22 30 32 79 17 71 44 17 9 51 98 10 22 23 96 
44 61 2 50 76 46 20 23 0 7 64 5 41 5 18 25 94 77 21 72 86 23 90 38 90 12 68 22 42 36 92 37 4 52 39 1 14 60 76 9 66 39 13 6 43 82 83 36 58 55 59 95 29 100 33 18 63 52 91 56 39 82 92 42 86 82 95 99 41 70 7 58 8 71 16 2 52 50 89 62 4 47 56 32 98 40 1 61 43 92 68 81 25 12 75 62 93 69 60 86 
56 28 79 12 18 46 15 88 7 0 90 18 43 97 88 58 50 92 7 38 53 62 36 60 45 85 100 98 97 42 41 65 75 65 76 49 27 20 69 38 5 58 56 48 6 95 57 7 38 16 44 90 29 31 2 74 15 1 71 12 94 11 28 20 27 3 68 5 22 88 43 79 97 50 78 54 44 34 60 82 1 55 23 30 85 24 55 52 76 25 15 22 87 42 41 65 96 61 70 69 
31 9 97 88 14 21 37 84 64 90 0 48 64 47 45 13 24 98 56 10 10 89 10 64 12 39 1 87 93 52 63 69 66 84 7 59 76 72 54 36 93 74 84 8 21 80 20 96 29 27 5 38 68 67 2 79 5 2 17 50 5 31 70 22 66 29 32 42 100 85 77 44 58 60 51 30 91 22 26 20 100 30 57 67 96 10 97 53 63 14 54 19 96 75 40 62 3 71 3 54 
42 7 60 34 17 98 76 34 5 18 48 0 7 79 49 17 91 51 46 81 72 23 100 24 5 9 90 100 70 39 4 85 4 9 3 99 36 95 60 90 17 62 44 24 93 44 92 83 95 37 15 66 60 67 89 64 27 31 15 96 69 71 80 24 31 35 22 18 29 82 8 45 95 3 20 87 46 11 21 40 100 36 6 11 2 46 26 28 28 92 75 48 14 7 71 45 41 93 14 21 
47 91 97 64 87 49 30 34 41 43 64 7 0 26 21 17 20 23 37 59 69 99 79 8 50 14 65 12 67 63 37 46 42 81 21 90 94 27 60 90 19 4 4 39 29 24 55 1 99 43 59 67 42 89 26 43 3 43 55 21 5 43 67 46 23 87 87 69 65 99 58 83 2 13 21 83 89 27 35 87 70 93 5 63 81 82 5 35 24 11 8 28 54 74 26 28 12 12 96 28 
18 97 15 2 85 24 49 53 5 97 47 79 26 0 10 6 62 64 70 82 46 58 8 32 96 29 24 52 91 56 34 48 43 57 58 2 37 63 27 62 91 38 25 38 17 35 43 78 50 13 11 95 22 70 26 18 99 1 21 41 8 54 88 2 63 46 3 99 8 29 12 50 18 88 88 34 22 82 63 23 46 73 17 68 95 94 37 93 46 57 33 6 63 73 7 25 18 62 75 77 
43 20 69 90 20 1 81 48 18 88 45 49 21 10 0 90 38 27 60 25 66 45 99 47 8 21 93 32 90 60 78 35 48 22 81 56 7 38 18 79 44 42 96 57 68 24 99 5 50 58 30 15 54 28 14 61 48 6 45 37 17 22 72 16 44 4 71 50 41 89 80 36 82 27 93 50 50 91 54 52 100 35 18 53 62 31 66 62 88 62 98 4 35 21 19 78 24 42 79 16 
4 9 39 56 3 23 99 89 25 58 13 17 17 6 90 0 30 10 52 63 36 96 64 86 38 70 37 37 4 6 41 18 37 6 79 24 67 28 80 54 49 50 83 24 91 62 92 72 71 95 35 59 90 50 44 79 19 32 67 23 37 7 40 73 65 70 49 83 97 80 36 97 29 19 73 72 32 64 95 54 58 81 12 99 31 7 77 49 38 43 23 75 1 14 99 65 83 47 48 80 
53 31 14 93 88 99 30 7 94 50 24 91 20 62 38 30 0 26 35 28 7 53 100 30 36 63 24 90 72 5 53 70 35 60 46 35 97 40 58 71 41 71 22 5 54 68 4 85 46 39 12 4 43 64 33 31 78 56 20 50 12 24 19 46 83 17 81 80 56 90 2 96 60 23 53 13 43 8 49 40 98 13 43 93 28 27 23 5 34 94 54 46 17 25 43 100 93 75 31 48 
17 96 74 76 21 15 49 94 77 92 98 51 23 64 27 10 26 0 64 84 96 24 59 100 88 1 7 89 92 57 1 86 49 28 12 71 84 45 64 90 42 32 14 37 31 58 11 13 5 27 49 52 2 7 3 41 59 10 29 50 18 81 35 66 60 46 88 44 42 3 33 36 34 98 72 17 55 34 81 11 12 29 63 13 35 17 54 93 78 34 42 95 15 28 60 26 73 99 69 67 
33 33 79 41 8 73 50 6 21 7 56 46 37 70 60 52 35 64 0 1 53 54 35 50 77 51 56 10 31 67 22 12 81 86 46 97 91 39 75 25 32 21 91 60 81 16 84 79 37 2 80 89 55 66 91 31 68 98 93 50 64 66 61 96 51 7 45 94 97 71 18 80 91 8 39 71 75 75 2 11 28 33 52 83 50 42 65 17 39 9 18 55 74 79 2 77 37 46 70 85 
14 92 59 87 58 3 26 48 72 38 10 81 59 82 25 63 28 84 1 0 16 39 64 59 46 55 81 72 29 82 83 56 66 34 90 15 27 55 83 17 15 1 23 89 31 25 17 67 22 86 51 90 24 66 48 21 20 28 92 48 62 26 56 79 11 45 94 37 51 28 6 66 80 28 6 10 4 22 28 78 59 30 67 34 96 66 54 15 45 97 15 6 23 70 85 33 66 30 22 69 
12 96 55 89 7 84 10 96 86 53 10 72 69 46 66 36 7 96 53 16 0 57 27 34 37 6 91 98 62 12 26 39 22 55 57 55 2 22 8 17 66 4 31 24 78 52 8 11 17 89 32 37 97 10 22 33 67 12 83 28 75 8 18 96 14 74 50 16 47 9 84 65 65 66 88 42 17 47 4 85 35 87 22 83 96 43 68 63 7 50 42 81 9 60 77 22 85 78 89 32 
94 49 50 32 93 2 33 42 23 62 89 23 99 58 45 96 53 24 54 39 57 0 39 72 48 3 37 35 96 53 33 100 90 19 86 63 1 34 5 68 48 11 17 89 44 25 100 72 99 85 49 87 68 87 59 15 41 47 1 37 52 33 88 41 3 25 55 3 58 11 23 5 74 91 46 17 16 45 88 66 81 88 52 48 75 62 62 67 61 62 3 12 46 42 4 48 67 58 3 24 
43 29 28 36 48 11 4 8 90 36 10 100 79 8 99 64 100 59 35 64 27 39 0 68 25 81 41 15 78 9 82 74 96 47 55 84 51 2 10 64 16 76 24 29 31 87 75 72 42 74 38 99 76 14 19 52 46 11 19 23 20 100 96 67 99 2 2 1 56 63 16 71 91 92 51 73 78 25 44 20 51 34 70 78 99 40 30 44 3 100 18 22 99 65 40 49 67 94 1 74 
1 10 98 92 75 68 87 15 38 60 64 24 8 32 47 86 30 100 50 59 34 72 68 0 56 17 44 98 60 94 70 37 71 66 8 73 51 30 50 49 21 31 44 23 30 13 44 81 77 36 81 95 81 82 68 36 50 63 34 9 9 55 97 79 20 57 51 70 38 52 70 58 35 13 81 64 77 76 96 54 11 29 100 91 10 68 79 11 82 64 71 90 18 67 20 90 75 22 59 12 
33 77 12 59 13 67 65 34 90 45 12 5 50 96 8 38 36 88 77 46 37 48 25 56 0 74 81 70 8 93 50 23 22 25 71 75 88 99 26 30 60 45 8 70 27 23 40 16 41 58 36 82 33 57 40 96 82 20 65 41 65 14 16 86 91 86 12 78 84 89 59 95 34 67 64 12 41 55 27 33 64 14 14 48 23 54 44 4 25 8 97 41 74 12 78 16 97 41 93 32 
66 80 3 99 14 93 8 51 12 85 39 9 14 29 21 70 63 1 51 55 6 3 81 17 74 0 30 3 26 15 69 41 26 62 47 4 94 10 18 8 58 92 13 1 47 37 60 43 30 85 54 59 100 2 100 44 85 81 47 62 95 67 54 72 28 100 75 22 62 44 29 71 35 41 71 82 29 82 76 10 67 82 69 66 83 20 10 20 100 56 33 46 22 87 17 2 86 43 23 99 
85 31 59 53 19 99 75 54 68 100 1 90 65 24 93 37 24 7 56 81 91 37 41 44 81 30 0 87 51 69 21 43 91 54 71 73 30 33 91 11 1 56 45 20 17 16 71 72 49 68 46 35 36 47 72 78 21 71 16 71 39 37 65 82 42 87 54 71 19 44 81 19 51 78 90 68 93 12 91 41 79 88 75 66 86 99 96 6 69 11 28 59 99 92 40 41 79 45 11 97 
99 88 80 52 29 99 46 10 22 98 87 100 12 52 32 37 90 89 10 72 98 35 15 98 70 3 87 0 40 44 68 91 73 9 10 65 21 52 58 51 40 32 69 77 82 64 83 50 74 10 61 73 54 100 13 32 45 75 80 36 70 99 26 42 60 87 7 32 39 64 82 30 47 2 58 29 65 40 30 91 2 90 15 55 90 79 38 86 53 69 21 75 20 99 16 79 37 22 10 27 
36 11 58 89 75 7 41 23 42 97 93 70 67 91 90 4 72 92 31 29 62 96 78 60 8 26 51 40 0 37 43 56 84 97 66 64 13 5 93 3 58 35 69 64 76 47 53 61 52 22 33 26 93 83 41 23 20 15 84 46 51 78 54 86 74 19 1 87 75 94 89 33 28 10 48 3 56 1 15 7 22 99 84 66 34 25 88 53 91 71 50 41 48 55 79 22 25 79 60 100 
22 81 22 65 6 65 42 57 36 42 52 39 63 56 60 6 5 57 67 82 12 53 9 94 93 15 69 44 37 0 24 100 84 3 9 83 57 65 83 23 23 56 22 7 21 7 83 60 59 73 30 60 65 30 67 43 3 91 74 62 42 97 61 25 52 70 8 8 34 42 31 8 98 4 66 18 62 48 78 72 72 59 31 37 88 97 79 90 88 4 3 81 53 64 58 4 33 17 11 18 
38 57 83 20 41 4 78 63 92 41 63 4 37 34 78 41 53 1 22 83 26 33 82 70 50 69 21 68 43 24 0 58 93 25 55 48 43 25 9 90 54 80 62 64 63 98 52 11 28 93 50 84 96 31 36 59 88 39 43 4 1 12 61 46 36 68 93 78 92 54 20 97 85 33 60 47 82 63 58 61 56 7 44 3 89 79 13 76 17 7 79 70 18 92 15 5 59 7 35 50 
98 14 12 68 12 14 19 1 37 65 69 85 46 48 35 18 70 86 12 56 39 100 74 37 23 41 43 91 56 100 58 0 12 54 98 97 86 57 95 19 20 4 79 27 63 23 29 51 1 93 27 70 99 57 39 16 48 53 20 6 11 54 7 23 59 56 71 96 13 65 14 32 21 93 10 83 15 38 33 67 82 11 36 80 68 26 95 67 30 66 25 41 72 83 15 30 39 37 78 51 
71 72 38 97 62 4 42 91 4 75 66 4 42 43 48 37 35 49 81 66 22 90 96 71 22 26 91 73 84 84 93 12 0 53 91 34 73 35 43 55 49 32 40 68 13 50 55 44 69 81 90 88 10 55 12 2 78 46 68 60 84 4 37 86 9 79 71 81 14 65 88 14 48 27 81 12 28 36 55 97 16 44 84 77 51 47 31 80 92 98 39 28 54 27 65 62 6 36 42 19 
63 83 5 29 35 8 24 81 52 65 84 9 81 57 22 6 60 28 86 34 55 19 47 66 25 62 54 9 97 3 25 54 53 0 52 81 84 100 7 65 63 35 100 18 83 67 13 18 95 15 16 25 95 7 75 33 86 28 12 51 41 17 38 34 87 41 15 70 92 21 34 55 7 85 72 41 3 36 58 98 51 73 74 45 32 48 29 69 75 40 19 67 8 8 1 94 49 15 16 40 
18 78 11 80 21 64 7 11 39 76 7 3 21 58 81 79 46 12 46 90 57 86 55 8 71 47 71 10 66 9 55 98 91 52 0 87 49 94 94 86 17 86 88 53 44 37 3 68 11 99 51 58 79 20 85 71 90 51 30 98 51 76 98 17 91 89 4 39 35 49 76 51 34 64 55 29 100 9 49 10 59 99 20 38 18 4 60 8 6 89 57 9 64 6 25 54 94 80 45 28 
72 72 20 87 98 52 26 65 1 49 59 99 90 2 56 24 35 71 97 15 55 63 84 73 75 4 73 65 64 83 48 97 34 81 87 0 28 20 31 14 35 85 94 87 94 42 48 52 41 67 41 10 22 100 69 80 41 25 88 56 82 64 62 76 44 58 55 23 29 85 88 64 70 82 2 15 75 49 66 15 68 7 77 89 58 45 68 50 22 55 58 3 71 19 30 14 28 85 88 56 
45 1 15 45 37 51 31 94 14 27 76 36 94 37 7 67 97 84 91 27 2 1 51 51 88 94 30 21 13 57 43 86 73 84 49 28 0 69 76 71 90 57 72 4 31 73 70 98 40 28 26 28 37 70 48 39 43 54 96 98 24 14 27 89 41 11 77 48 32 52 19 73 60 42 77 42 14 98 39 53 77 64 33 13 86 32 51 80 85 46 77 61 11 4 49 3 66 25 51 49 
61 38 98 6 42 38 40 33 60 20 72 95 27 63 38 28 40 45 39 55 22 34 2 30 99 10 33 52 5 65 25 57 35 100 94 20 69 0 28 21 22 87 62 98 29 28 47 19 80 23 35 64 87 20 47 90 51 32 87 28 44 98 83 92 52 100 69 2 49 96 74 22 35 36 19 63 63 17 33 94 39 67 10 77 38 56 66 89 39 53 68 82 2 50 26 53 49 94 7 49 
52 41 40 27 83 20 15 15 76 69 54 60 60 27 18 80 58 64 75 83 8 5 10 50 26 18 91 58 93 83 9 95 43 7 94 31 76 28 0 41 80 70 75 67 40 89 29 56 22 75 46 40 36 23 78 91 88 18 30 92 85 63 93 34 88 46 34 33 4 83 26 83 52 52 50 44 41 30 99 14 4 97 53 39 19 82 82 58 99 63 2 83 77 94 16 65 91 50 49 94 
88 62 68 46 12 48 2 16 9 38 36 90 90 62 79 54 71 90 25 17 17 68 64 49 30 8 11 51 3 23 90 19 55 65 86 14 71 21 41 0 84 74 29 87 78 78 30 18 7 81 83 63 77 35 53 47 69 34 4 67 48 57 50 25 3 17 41 93 18 89 39 1 15 67 88 92 44 69 61 2 49 43 64 25 29 69 71 97 2 27 64 2 35 65 26 37 81 66 30 99 
16 65 76 70 12 83 54 72 66 5 93 17 19 91 44 49 41 42 32 15 66 48 16 21 60 58 1 40 58 23 54 20 49 63 17 35 90 22 80 84 0 6 20 51 72 86 90 63 81 59 75 82 59 69 98 84 98 66 6 46 19 84 61 20 71 25 45 7 58 62 88 56 68 7 58 91 92 48 54 24 58 28 6 16 49 55 51 46 20 9 43 38 92 4 58 14 80 54 21 37 
83 50 36 14 96 41 51 98 39 58 74 62 4 38 42 50 71 32 21 1 4 11 76 31 45 92 56 32 35 56 80 4 32 35 86 85 57 87 70 74 6 0 68 8 44 87 15 54 77 58 1 82 82 58 62 39 25 10 93 76 55 64 84 49 1 27 4 10 41 84 16 13 72 83 20 68 69 86 21 97 96 73 79 29 82 40 67 6 49 11 33 55 74 16 3 26 95 7 36 87 
81 20 79 80 80 45 30 49 13 56 84 44 4 25 96 83 22 14 91 23 31 17 24 44 8 13 45 69 69 22 62 79 40 100 88 94 72 62 75 29 20 68 0 42 3 99 13 85 18 32 5 56 4 1 51 76 31 79 57 70 97 15 18 59 47 24 32 15 27 57 61 85 44 47 26 46 45 90 82 14 22 86 69 25 39 71 53 69 1 61 91 97 75 60 7 74 84 38 40 10 
62 56 25 33 50 84 36 5 6 48 8 24 39 38 57 24 5 37 60 89 24 89 29 23 70 1 20 77 64 7 64 27 68 18 53 87 4 98 67 87 51 8 42 0 47 100 94 90 46 71 88 42 60 69 55 33 55 76 10 45 46 62 65 99 22 55 47 49 15 54 22 98 91 61 59 89 12 4 31 57 74 18 98 85 86 4 18 92 79 79 88 77 40 53 75 61 7 73 61 73 
100 98 50 68 32 16 51 2 43 6 21 93 29 17 68 91 54 31 81 31 78 44 31 30 27 47 17 82 76 21 63 63 13 83 44 94 31 29 40 78 72 44 3 47 0 26 82 70 69 94 80 57 5 83 87 13 8 4 62 93 42 66 62 33 96 40 21 72 31 25 98 43 31 71 4 56 96 85 77 16 31 57 73 87 91 11 100 99 15 61 43 56 26 4 40 22 95 12 45 25 
76 91 47 21 100 97 10 97 82 95 80 44 24 35 24 62 68 58 16 25 52 25 87 13 23 37 16 64 47 7 98 23 50 67 37 42 73 28 89 78 86 87 99 100 26 0 36 95 67 19 65 70 74 12 7 50 28 37 58 52 75 49 62 74 47 28 87 89 35 64 44 75 37 38 86 82 62 74 28 28 92 92 50 17 55 56 18 34 44 76 37 18 24 99 44 22 26 82 62 61 
18 16 63 40 52 6 86 46 83 57 20 92 55 43 99 92 4 11 84 17 8 100 75 44 40 60 71 83 53 83 52 29 55 13 3 48 70 47 29 30 90 15 13 94 82 36 0 45 5 87 82 94 24 15 7 97 42 86 40 85 35 56 91 42 74 77 85 1 13 55 24 11 50 97 89 31 58 49 27 14 87 8 7 10 74 13 59 67 98 98 51 85 6 94 26 31 70 11 31 82 
4 29 15 12 20 66 80 8 36 7 96 83 1 78 5 72 85 13 79 67 11 72 72 81 16 43 72 50 61 60 11 51 44 18 68 52 98 19 56 18 63 54 85 90 70 95 45 0 17 6 93 18 2 33 48 59 81 74 24 19 34 30 28 59 94 86 26 43 36 28 27 41 21 53 23 90 15 53 24 83 58 16 100 59 48 99 69 80 24 92 50 9 73 77 68 18 15 93 12 50 
44 87 73 49 72 11 58 42 58 38 29 95 99 50 50 71 46 5 37 22 17 99 42 77 41 30 49 74 52 59 28 1 69 95 11 41 40 80 22 7 81 77 18 46 69 67 5 17 0 20 39 42 41 43 64 82 9 68 5 91 25 72 42 35 71 92 55 2 15 98 51 24 22 80 43 39 94 35 50 95 6 40 36 98 82 51 80 42 18 36 84 42 8 25 28 30 16 82 32 83 
50 100 41 32 60 79 36 51 55 16 27 37 43 13 58 95 39 27 2 86 89 85 74 36 58 85 68 10 22 73 93 93 81 15 99 67 28 23 75 81 59 58 32 71 94 19 87 6 20 0 79 34 58 100 13 100 90 6 86 39 100 91 31 87 89 64 89 20 6 6 7 89 99 66 66 26 96 81 59 79 15 37 12 72 88 77 71 77 34 56 68 86 99 98 72 87 61 61 58 18 
17 72 25 98 29 68 58 7 59 44 5 15 59 11 30 35 12 49 80 51 32 49 38 81 36 54 46 61 33 30 50 27 90 16 51 41 26 35 46 83 75 1 5 88 80 65 82 93 39 79 0 18 64 59 17 30 24 94 77 4 53 55 71 41 18 42 29 94 13 5 80 20 72 65 18 69 36 56 82 48 65 51 18 81 9 34 10 32 79 38 88 31 92 58 72 61 99 100 7 63 
55 34 79 89 78 46 19 37 95 90 38 66 67 95 15 59 4 52 89 90 37 87 99 95 82 59 35 73 26 60 84 70 88 25 58 10 28 64 40 63 82 82 56 42 57 70 94 18 42 34 18 0 56 86 35 28 50 52 48 37 60 81 37 76 32 54 56 40 39 65 24 17 2 63 48 45 20 71 58 70 22 64 85 77 1 19 56 2 22 4 38 81 36 26 9 67 79 64 59 17 
43 48 42 63 4 32 68 92 29 29 68 60 42 22 54 90 43 2 55 24 97 68 76 81 33 100 36 54 93 65 96 99 10 95 79 22 37 87 36 77 59 82 4 60 5 74 24 2 41 58 64 56 0 29 82 34 82 96 33 79 15 55 36 36 76 51 20 4 3 38 12 4 12 67 93 92 2 71 100 69 49 16 79 18 44 12 3 77 7 87 7 73 41 42 8 68 44 28 23 98 
59 100 53 85 76 30 13 14 100 31 67 67 89 70 28 50 64 7 66 66 10 87 14 82 57 2 47 100 83 30 31 57 55 7 20 100 70 20 23 35 69 58 1 69 83 12 15 33 43 100 59 86 29 0 17 34 53 28 100 98 72 54 68 23 74 16 38 52 85 33 15 87 10 21 25 16 93 17 10 52 84 5 31 59 55 48 44 7 27 44 4 98 49 71 73 22 39 10 73 23 
56 43 28 80 5 13 58 4 33 2 2 89 26 26 14 44 33 3 91 48 22 59 19 68 40 100 72 13 41 67 36 39 12 75 85 69 48 47 78 53 98 62 51 55 87 7 7 48 64 13 17 35 82 17 0 95 87 62 4 59 86 71 3 3 32 54 38 89 85 48 43 84 92 49 10 87 5 60 35 75 32 56 13 93 80 88 39 18 1 94 76 38 65 30 92 48 35 30 36 71 
27 24 6 21 16 99 84 78 18 74 79 64 43 18 61 79 31 41 31 21 33 15 52 36 96 44 78 32 23 43 59 16 2 33 71 80 39 90 91 47 84 39 76 33 13 50 97 59 82 100 30 28 34 34 95 0 77 30 54 20 79 16 6 83 27 40 9 10 95 74 54 74 61 93 43 61 86 70 50 50 99 42 50 34 23 37 4 51 67 10 71 97 25 76 79 3 16 39 12 62 
76 31 7 84 89 75 21 65 63 15 5 27 3 99 48 19 78 59 68 20 67 41 46 50 82 85 21 45 20 3 88 48 78 86 90 41 43 51 88 69 98 25 31 55 8 28 42 81 9 90 24 50 82 53 87 77 0 12 65 88 24 57 30 84 95 100 86 44 98 27 45 83 49 82 39 99 48 48 69 44 24 45 74 26 12 64 89 73 76 53 60 99 62 90 35 56 41 20 51 90 
40 25 38 84 75 11 32 57 52 1 2 31 43 1 6 32 56 10 98 28 12 47 11 63 20 81 71 75 15 91 39 53 46 28 51 25 54 32 18 34 66 10 79 76 4 37 86 74 68 6 94 52 96 28 62 30 12 0 46 48 73 46 29 11 96 28 58 65 23 33 61 48 10 72 11 98 96 38 2 56 37 15 97 71 70 89 42 73 78 39 72 50 84 100 12 79 79 21 95 53 
25 11 85 25 96 49 29 87 91 71 17 15 55 21 45 67 20 29 93 92 83 1 19 34 65 47 16 80 84 74 43 20 68 12 30 88 96 87 30 4 6 93 57 10 62 58 40 24 5 86 77 48 33 100 4 54 65 46 0 53 7 52 62 30 62 11 26 100 13 33 88 27 81 10 49 69 51 73 46 89 44 48 24 95 59 54 73 32 1 77 84 7 28 98 37 41 8 62 92 20 
11 41 64 24 63 81 13 87 56 12 50 96 21 41 37 23 50 50 50 48 28 37 23 9 41 62 71 36 46 62 4 6 60 51 98 56 98 28 92 67 46 76 70 45 93 52 85 19 91 39 4 37 79 98 59 20 88 48 53 0 46 79 99 26 88 47 46 90 19 91 30 62 90 5 8 1 59 32 32 59 8 67 17 35 16 53 27 76 66 19 95 11 49 45 88 89 91 33 78 61 
13 6 11 49 80 27 25 14 39 94 5 69 5 8 17 37 12 18 64 62 75 52 20 9 65 95 39 70 51 42 1 11 84 41 51 82 24 44 85 48 19 55 97 46 42 75 35 34 25 100 53 60 15 72 86 79 24 73 7 46 0 76 60 74 17 64 81 17 74 12 100 84 19 67 1 5 34 53 84 9 71 2 56 33 2 100 21 90 43 5 20 3 32 79 29 49 94 9 65 68 
15 67 67 96 36 52 6 49 82 11 31 71 43 54 22 7 24 81 66 26 8 33 100 55 14 67 37 99 78 97 12 54 4 17 76 64 14 98 63 57 84 64 15 62 66 49 56 30 72 91 55 81 55 54 71 16 57 46 52 79 76 0 73 65 3 43 83 3 100 16 8 83 25 78 36 80 10 37 31 82 27 73 87 98 28 70 76 56 18 21 16 35 88 88 51 91 31 33 45 82 
60 54 27 91 27 95 31 39 92 28 70 80 67 88 72 40 19 35 61 56 18 88 96 97 16 54 65 26 54 61 61 7 37 38 98 62 27 83 93 50 61 84 18 65 62 62 91 28 42 31 71 37 36 68 3 6 30 29 62 99 60 73 0 100 52 64 76 81 99 7 43 87 38 24 65 10 62 62 37 32 89 44 1 10 60 35 49 47 85 91 29 69 36 10 21 39 25 96 20 75 
84 29 48 45 94 82 18 56 42 20 22 24 46 2 16 73 46 66 96 79 96 41 67 79 86 72 82 42 86 25 46 23 86 34 17 76 89 92 34 25 20 49 59 99 33 74 42 59 35 87 41 76 36 23 3 83 84 11 30 26 74 65 100 0 3 62 62 92 37 78 1 51 40 90 34 28 33 34 89 44 69 38 91 5 28 71 74 63 33 94 2 57 41 73 32 95 86 45 86 22 
29 2 23 76 22 11 30 81 86 27 66 31 23 63 44 65 83 60 51 11 14 3 99 20 91 28 42 60 74 52 36 59 9 87 91 44 41 52 88 3 71 1 47 22 96 47 74 94 71 89 18 32 76 74 32 27 95 96 62 88 17 3 52 3 0 22 39 24 61 80 57 41 64 91 29 8 11 18 50 15 46 20 40 60 52 85 13 9 26 85 92 72 70 36 58 44 57 48 67 70 
77 83 37 71 47 58 37 2 82 3 29 35 87 46 4 70 17 46 7 45 74 25 2 57 86 100 87 87 19 70 68 56 79 41 89 58 11 100 46 17 25 27 24 55 40 28 77 86 92 64 42 54 51 16 54 40 100 28 11 47 64 43 64 62 22 0 27 24 62 90 66 42 97 76 60 46 42 57 18 82 16 69 66 81 29 43 65 72 15 87 59 24 30 16 71 48 37 49 23 50 
7 100 20 83 43 85 44 20 95 68 32 22 87 3 71 49 81 88 45 94 50 55 2 51 12 75 54 7 1 8 93 71 71 15 4 55 77 69 34 41 45 4 32 47 21 87 85 26 55 89 29 56 20 38 38 9 86 58 26 46 81 83 76 62 39 27 0 38 88 91 35 15 2 32 57 58 49 90 26 70 55 6 50 50 22 22 16 8 80 91 89 47 61 37 35 9 59 84 98 47 
73 2 89 20 58 13 12 74 99 5 42 18 69 99 50 83 80 44 94 37 16 3 1 70 78 22 71 32 87 8 78 96 81 70 39 23 48 2 33 93 7 10 15 49 72 89 1 43 2 20 94 40 4 52 89 10 44 65 100 90 17 3 81 92 24 24 38 0 27 84 61 28 16 69 38 16 58 63 37 65 20 87 14 41 60 81 1 91 71 89 90 83 25 76 43 84 60 40 82 86 
90 20 35 28 40 47 29 34 41 22 100 29 65 8 41 97 56 42 97 51 47 58 56 38 84 62 19 39 75 34 92 13 14 92 35 29 32 49 4 18 58 41 27 15 31 35 13 36 15 6 13 39 3 85 85 95 98 23 13 19 74 100 99 37 61 62 88 27 0 24 94 65 91 63 2 58 20 16 95 84 35 33 49 28 44 29 28 86 51 16 75 33 93 51 75 76 62 67 9 99 
58 41 59 9 25 5 10 86 70 88 85 82 99 29 89 80 90 3 71 28 9 11 63 52 89 44 44 64 94 42 54 65 65 21 49 85 52 96 83 89 62 84 57 54 25 64 55 28 98 6 5 65 38 33 48 74 27 33 33 91 12 16 7 78 80 90 91 84 24 0 90 2 63 32 64 17 89 36 32 35 71 19 19 72 46 62 52 25 48 3 40 74 35 84 76 62 59 89 28 19 
61 15 56 66 21 61 66 41 7 43 77 8 58 12 80 36 2 33 18 6 84 23 16 70 59 29 81 82 89 31 20 14 88 34 76 88 19 74 26 39 88 16 61 22 98 44 24 27 51 7 80 24 12 15 43 54 45 61 88 30 100 8 43 1 57 66 35 61 94 90 0 87 69 21 2 52 36 18 92 23 1 27 94 19 45 65 64 7 16 40 6 70 80 79 57 63 7 18 74 95 
57 37 62 97 51 81 82 58 58 79 44 45 83 50 36 97 96 36 80 66 65 5 71 58 95 71 19 30 33 8 97 32 14 55 51 64 73 22 83 1 56 13 85 98 43 75 11 41 24 89 20 17 4 87 84 74 83 48 27 62 84 83 87 51 41 42 15 28 65 2 87 0 97 92 82 17 64 35 68 100 52 59 74 52 85 67 23 82 83 86 40 51 78 45 20 57 75 76 71 81 
92 42 47 74 20 97 12 83 8 97 58 95 2 18 82 29 60 34 91 80 65 74 91 35 34 35 51 47 28 98 85 21 48 7 34 70 60 35 52 15 68 72 44 91 31 37 50 21 22 99 72 2 12 10 92 61 49 10 81 90 19 25 38 40 64 97 2 16 91 63 69 97 0 45 96 28 93 40 9 9 3 43 76 54 46 35 28 49 71 46 71 52 29 9 91 31 86 87 50 94 
93 86 86 45 53 57 95 90 71 50 60 3 13 88 27 19 23 98 8 28 66 91 92 13 67 41 78 2 10 4 33 93 27 85 64 82 42 36 52 67 7 83 47 61 71 38 97 53 80 66 65 63 67 21 49 93 82 72 10 5 67 78 24 90 91 76 32 69 63 32 21 92 45 0 14 78 16 94 74 12 21 67 51 81 75 5 75 3 11 72 37 90 21 7 35 43 11 15 51 1 
71 92 38 81 52 64 69 14 16 78 51 20 21 88 93 73 53 72 39 6 88 46 51 81 64 71 90 58 48 66 60 10 81 72 55 2 77 19 50 88 58 20 26 59 4 86 89 23 43 66 18 48 93 25 10 43 39 11 49 8 1 36 65 34 29 60 57 38 2 64 2 82 96 14 0 97 36 40 99 81 53 76 97 98 1 8 71 19 10 51 46 66 78 48 76 49 84 65 21 42 
43 39 48 41 52 12 15 85 2 54 30 87 83 34 50 72 13 17 71 10 42 17 73 64 12 82 68 29 3 18 47 83 12 41 29 15 42 63 44 92 91 68 46 89 56 82 31 90 39 26 69 45 92 16 87 61 99 98 69 1 5 80 10 28 8 46 58 16 58 17 52 17 28 78 97 0 52 64 4 18 14 57 15 2 96 13 82 48 40 30 97 40 89 67 11 98 70 56 16 47 
68 29 33 17 4 54 56 38 52 44 91 46 89 22 50 32 43 55 75 4 17 16 78 77 41 29 93 65 56 62 82 15 28 3 100 75 14 63 41 44 92 69 45 12 96 62 58 15 94 96 36 20 2 93 5 86 48 96 51 59 34 10 62 33 11 42 49 58 20 89 36 64 93 16 36 52 0 3 91 47 38 8 68 31 11 31 35 80 96 91 94 49 86 58 83 85 97 12 81 89 
40 59 100 20 4 70 55 59 50 34 22 11 27 82 91 64 8 34 75 22 47 45 25 76 55 82 12 40 1 48 63 38 36 36 9 49 98 17 30 69 48 86 90 4 85 74 49 53 35 81 56 71 71 17 60 70 48 38 73 32 53 37 62 34 18 57 90 63 16 36 18 35 40 94 40 64 3 0 1 100 99 50 69 54 65 15 8 8 13 45 67 80 75 29 62 9 8 58 51 2 
46 19 15 52 23 30 94 44 89 60 26 21 35 63 54 95 49 81 2 28 4 88 44 96 27 76 91 30 15 78 58 33 55 58 49 66 39 33 99 61 54 21 82 31 77 28 27 24 50 59 82 58 100 10 35 50 69 2 46 32 84 31 37 89 50 18 26 37 95 32 92 68 9 74 99 4 91 1 0 6 36 11 88 72 8 100 5 48 52 4 98 53 72 51 18 38 10 77 50 54 
64 67 57 65 75 16 66 79 62 82 20 40 87 23 52 54 40 11 11 78 85 66 20 54 33 10 41 91 7 72 61 67 97 98 10 15 53 94 14 2 24 97 14 57 16 28 14 83 95 79 48 70 69 52 75 50 44 56 89 59 9 82 32 44 15 82 70 65 84 35 23 100 9 12 81 18 47 100 6 0 43 82 80 71 43 41 30 100 91 31 58 79 94 97 50 1 96 6 100 99 
89 58 93 4 15 100 90 10 4 1 100 100 70 46 100 58 98 12 28 59 35 81 51 11 64 67 79 2 22 72 56 82 16 51 59 68 77 39 4 49 58 96 22 74 31 92 87 58 6 15 65 22 49 84 32 99 24 37 44 8 71 27 89 69 46 16 55 20 35 71 1 52 3 21 53 14 38 99 36 43 0 9 97 52 32 99 21 21 8 97 23 13 91 4 92 13 98 32 42 50 
14 90 39 50 51 97 3 3 47 55 30 36 93 73 35 81 13 29 33 30 87 88 34 29 14 82 88 90 99 59 7 11 44 73 99 7 64 67 97 43 28 73 86 18 57 92 8 16 40 37 51 64 16 5 56 42 45 15 48 67 2 73 44 38 20 69 6 87 33 19 27 59 43 67 76 57 8 50 11 82 9 0 23 25 7 1 18 3 2 70 51 8 69 1 68 17 52 52 15 24 
18 100 35 6 53 62 36 67 56 23 57 6 5 17 18 12 43 63 52 67 22 52 70 100 14 69 75 15 84 31 44 36 84 74 20 77 33 10 53 64 6 79 69 98 73 50 7 100 36 12 18 85 79 31 13 50 74 97 24 17 56 87 1 91 40 66 50 14 49 19 94 74 76 51 97 15 68 69 88 80 97 23 0 72 22 20 46 86 62 1 77 74 99 9 16 100 83 40 6 35 
83 6 34 18 18 31 9 1 32 30 67 11 63 68 53 99 93 13 83 34 83 48 78 91 48 66 66 55 66 37 3 80 77 45 38 89 13 77 39 25 16 29 25 85 87 17 10 59 98 72 81 77 18 59 93 34 26 71 95 35 33 98 10 5 60 81 50 41 28 72 19 52 54 81 98 2 31 54 72 71 52 25 72 0 9 60 36 78 62 95 98 63 63 14 66 14 28 90 37 1 
25 41 43 34 78 79 68 16 98 85 96 2 81 95 62 31 28 35 50 96 96 75 99 10 23 83 86 90 34 88 89 68 51 32 18 58 86 38 19 29 49 82 39 86 91 55 74 48 82 88 9 1 44 55 80 23 12 70 59 16 2 28 60 28 52 29 22 60 44 46 45 85 46 75 1 96 11 65 8 43 32 7 22 9 0 61 35 86 23 35 14 96 85 74 11 84 56 2 41 90 
73 94 14 85 9 26 93 22 40 24 10 46 82 94 31 7 27 17 42 66 43 62 40 68 54 20 99 79 25 97 79 26 47 48 4 45 32 56 82 69 55 40 71 4 11 56 13 99 51 77 34 19 12 48 88 37 64 89 54 53 100 70 35 71 85 43 22 81 29 62 65 67 35 5 8 13 31 15 100 41 99 1 20 60 61 0 10 1 78 39 14 72 36 76 86 49 42 51 28 83 
61 81 39 91 85 81 92 30 1 55 97 26 5 37 66 77 23 54 65 54 68 62 30 79 44 10 96 38 88 79 13 95 31 29 60 68 51 66 82 71 51 67 53 18 100 18 59 69 80 71 10 56 3 44 39 4 89 42 73 27 21 76 49 74 13 65 16 1 28 52 64 23 28 75 71 82 35 8 5 30 21 18 46 36 35 10 0 40 80 43 74 65 65 60 31 61 97 4 23 80 
100 71 49 69 66 53 40 32 61 52 53 28 35 93 62 49 5 93 17 15 63 67 44 11 4 20 6 86 53 90 76 67 80 69 8 50 80 89 58 97 46 6 69 92 99 34 67 80 42 77 32 2 77 7 18 51 73 73 32 76 90 56 47 63 9 72 8 91 86 25 7 82 49 3 19 48 80 8 48 100 21 3 86 78 86 1 40 0 60 77 73 1 86 25 78 77 38 2 12 66 
64 18 51 69 83 89 25 79 43 76 63 28 24 46 88 38 34 78 39 45 7 61 3 82 25 100 69 53 91 88 17 30 92 75 6 22 85 39 99 2 20 49 1 79 15 44 98 24 18 34 79 22 7 27 1 67 76 78 1 66 43 18 85 33 26 15 80 71 51 48 16 83 71 11 10 40 96 13 52 91 8 2 62 62 23 78 80 60 0 87 13 7 90 40 41 29 20 83 54 36 
86 92 76 15 80 29 21 17 92 25 14 92 11 57 62 43 94 34 9 97 50 62 100 64 8 56 11 69 71 4 7 66 98 40 89 55 46 53 63 27 9 11 61 79 61 76 98 92 36 56 38 4 87 44 94 10 53 39 77 19 5 21 91 94 85 87 91 89 16 3 40 86 46 72 51 30 91 45 4 31 97 70 1 95 35 39 43 77 87 0 48 65 66 60 61 70 82 93 81 58 
63 63 12 45 80 33 52 71 68 15 54 75 8 33 98 23 54 42 18 15 42 3 18 71 97 33 28 21 50 3 79 25 39 19 57 58 77 68 2 64 43 33 91 88 43 37 51 50 84 68 88 38 7 4 76 71 60 72 84 95 20 16 29 2 92 59 89 90 75 40 6 40 71 37 46 97 94 67 98 58 23 51 77 98 14 14 74 73 13 48 0 65 33 96 89 11 72 78 64 35 
77 75 62 17 63 67 1 44 81 22 19 48 28 6 4 75 46 95 55 6 81 12 22 90 41 46 59 75 41 81 70 41 28 67 9 3 61 82 83 2 38 55 97 77 56 18 85 9 42 86 31 81 73 98 38 97 99 50 7 11 3 35 69 57 72 24 47 83 33 74 70 51 52 90 66 40 49 80 53 79 13 8 74 63 96 72 65 1 7 65 65 0 43 2 47 1 91 39 41 71 
52 10 94 62 67 33 78 17 25 87 96 14 54 63 35 1 17 15 74 23 9 46 99 18 74 22 99 20 48 53 18 72 54 8 64 71 11 2 77 35 92 74 75 40 26 24 6 73 8 99 92 36 41 49 65 25 62 84 28 49 32 88 36 41 70 30 61 25 93 35 80 78 29 21 78 89 86 75 72 94 91 69 99 63 85 36 65 86 90 66 33 43 0 10 24 24 45 23 89 63 
22 17 91 35 6 27 34 9 12 42 75 7 74 73 21 14 25 28 79 70 60 42 65 67 12 87 92 99 55 64 92 83 27 8 6 19 4 50 94 65 4 16 60 53 4 99 94 77 25 98 58 26 42 71 30 76 90 100 98 45 79 88 10 73 36 16 37 76 51 84 79 45 9 7 48 67 58 29 51 97 4 1 9 14 74 76 60 25 40 60 96 2 10 0 82 1 84 15 93 64 
12 4 61 61 56 49 19 51 75 41 40 71 26 7 19 99 43 60 2 85 77 4 40 20 78 17 40 16 79 58 15 15 65 1 25 30 49 26 16 26 58 3 7 75 40 44 26 68 28 72 72 9 8 73 92 79 35 12 37 88 29 51 21 32 58 71 35 43 75 76 57 20 91 35 76 11 83 62 18 50 92 68 16 66 11 86 31 78 41 61 89 47 24 82 0 25 57 96 72 97 
80 63 69 38 88 95 59 98 62 65 62 45 28 25 78 65 100 26 77 33 22 48 49 90 16 2 41 79 22 4 5 30 62 94 54 14 3 53 65 37 14 26 74 61 22 22 31 18 30 87 61 67 68 22 48 3 56 79 41 89 49 91 39 95 44 48 9 84 76 62 63 57 31 43 49 98 85 9 38 1 13 17 100 14 84 49 61 77 29 70 11 1 24 1 25 0 58 95 75 73 
51 51 27 57 52 36 23 10 93 96 3 41 12 18 24 83 93 73 37 66 85 67 67 75 97 86 79 37 25 33 59 39 6 49 94 28 66 49 91 81 80 95 84 7 95 26 70 15 16 61 99 79 44 39 35 16 41 79 8 91 94 31 25 86 57 37 59 60 62 59 7 75 86 11 84 70 97 8 10 96 98 52 83 28 56 42 97 38 20 82 72 91 45 84 57 58 0 29 17 75 
18 55 32 43 50 33 62 22 69 61 71 93 12 62 42 47 75 99 46 30 78 58 94 22 41 43 45 22 79 17 7 37 36 15 80 85 25 94 50 66 54 7 38 73 12 82 11 93 82 61 100 64 28 10 30 39 20 21 62 33 9 33 96 45 48 49 84 40 67 89 18 76 87 15 65 56 12 58 77 6 32 52 40 90 2 51 4 2 83 93 78 39 23 15 96 95 29 0 28 70 
52 65 57 57 97 8 23 23 60 70 3 14 96 75 79 48 31 69 70 22 89 3 1 59 93 23 11 10 60 11 35 78 42 16 45 88 51 7 49 30 21 36 40 61 45 62 31 12 32 58 7 59 23 73 36 12 51 95 92 78 65 45 20 86 67 23 98 82 9 28 74 71 50 51 21 16 81 51 50 100 42 15 6 37 41 28 23 12 54 81 64 41 89 93 72 75 17 28 0 17 
40 23 13 85 44 34 51 96 86 69 54 21 28 77 16 80 48 67 85 69 32 24 74 12 32 99 97 27 100 18 50 51 19 40 28 56 49 49 94 99 37 87 10 73 25 61 82 50 83 18 63 17 98 23 71 62 90 53 20 61 68 82 75 22 70 50 47 86 99 19 95 81 94 1 42 47 89 2 54 99 50 24 35 1 90 83 80 66 36 58 35 71 63 64 97 73 75 70 17 0 
