60
0 33 57 33 27 24 34 13 43 62 96 64 69 39 14 8 79 44 64 74 61 29 85 83 10 21 58 53 32 67 34 21 99 90 53 78 66 87 90 8 100 86 23 20 76 89 27 6 32 91 31 45 71 16 27 81 36 36 33 19 
33 0 54 67 39 52 8 44 81 73 30 71 81 81 8 3 1 83 91 79 40 75 21 70 71 92 85 49 72 72 36 56 43 89 22 81 92 30 24 73 2 5 43 34 86 2 89 38 84 79 68 23 5 89 44 27 32 29 75 55 
57 54 0 52 62 10 94 50 32 27 42 13 50 66 66 55 8 100 92 61 88 81 44 18 100 18 75 40 61 1 71 41 28 25 45 89 87 90 91 70 16 32 82 66 49 47 72 8 98 63 68 85 95 63 55 94 80 29 34 92 
33 67 52 0 29 56 85 8 33 81 97 19 70 39 88 86 22 69 51 70 67 22 77 65 36 44 1 82 6 55 27 37 83 12 80 64 68 16 71 100 96 19 70 66 57 57 51 78 77 53 47 43 26 75 59 13 18 60 94 75 
27 39 62 29 0 14 20 63 49 84 43 12 51 58 82 2 6 53 71 71 9 79 73 39 55 25 37 49 50 12 60 62 81 19 7 8 84 78 70 32 61 12 43 63 22 77 16 79 29 86 49 89 16 21 79 22 97 68 23 98 
24 52 10 56 14 0 79 82 59 11 100 17 18 83 94 40 67 7 3 9 69 76 37 37 54 65 74 2 6 90 74 36 11 70 3 33 67 33 66 77 44 65 45 13 100 91 52 66 97 7 26 17 82 63 53 36 27 27 37 84 
34 8 94 85 20 79 0 68 63 20 30 84 22 15 3 55 80 31 50 97 76 14 96 66 18 61 14 24 38 82 5 100 87 40 79 65 29 62 32 43 33 61 26 7 27 28 13 7 59 62 3 86 27 50 51 44 62 16 67 99 
13 44 50 8 63 82 68 0 97 24 99 83 15 77 47 95 90 78 37 23 91 15 29 69 94 41 27 4 54 29 89 80 78 91 24 91 6 42 90 3 17 88 37 84 64 84 78 53 13 67 27 55 33 55 24 26 47 50 82 100 
43 81 32 33 49 59 63 97 0 31 70 80 60 13 55 51 70 48 40 24 17 79 61 100 94 96 29 98 8 95 25 15 27 31 90 5 78 91 86 77 73 7 8 33 71 14 35 41 14 26 64 30 4 24 81 49 19 9 46 79 
62 73 27 81 84 11 20 24 31 0 56 70 93 34 1 34 90 78 24 27 6 97 34 66 81 4 79 15 96 92 40 60 73 95 35 5 43 54 66 40 84 21 10 28 6 62 61 96 91 36 22 96 32 7 13 64 63 92 78 58 
96 30 42 97 43 100 30 99 70 56 0 35 69 17 60 15 52 64 9 57 29 49 40 1 10 67 59 71 79 54 13 14 27 60 98 34 73 61 96 64 91 53 50 11 22 61 26 73 77 86 29 5 34 20 58 43 38 16 65 16 
64 71 13 19 12 17 84 83 80 70 35 0 21 77 81 47 37 30 32 61 91 27 76 33 32 25 43 53 38 20 77 14 6 57 70 91 76 27 34 65 94 50 32 14 79 12 13 67 42 44 27 84 23 2 68 54 78 10 6 15 
69 81 50 70 51 18 22 15 60 93 69 21 0 30 82 28 87 38 98 77 65 76 62 29 70 12 12 35 42 23 99 8 16 43 34 51 65 87 18 70 16 80 75 31 61 8 10 47 97 7 23 13 83 85 93 4 48 4 90 89 
39 81 66 39 58 83 15 77 13 34 17 77 30 0 78 89 48 94 83 33 96 99 19 66 68 86 45 94 16 5 53 26 51 1 84 25 13 18 61 5 21 8 8 63 48 37 51 95 82 85 27 78 83 97 43 50 83 39 95 50 
14 8 66 88 82 94 3 47 55 1 60 81 82 78 0 95 47 27 45 47 11 21 11 28 82 15 1 89 74 63 89 10 65 83 92 49 62 21 31 10 15 32 44 53 26 46 99 24 72 43 70 82 63 80 62 96 46 62 85 71 
8 3 55 86 2 40 55 95 51 34 15 47 28 89 95 0 76 73 32 40 7 23 40 20 95 22 30 9 5 25 13 30 70 11 5 42 5 26 75 20 57 36 15 2 97 51 24 24 75 55 63 82 30 54 1 24 75 82 85 79 
79 1 8 22 6 67 80 90 70 90 52 37 87 48 47 76 0 59 49 60 28 12 16 69 16 41 44 87 97 31 54 50 80 4 25 3 31 80 18 12 9 71 64 84 98 98 68 28 56 17 88 35 28 55 56 95 96 51 34 44 
44 83 100 69 53 7 31 78 48 78 64 30 38 94 27 73 59 0 81 87 46 60 42 70 63 72 1 80 35 61 2 51 45 99 48 64 27 55 32 66 89 11 20 44 6 67 46 91 63 27 77 8 86 18 29 100 42 82 31 76 
64 91 92 51 71 3 50 37 40 24 9 32 98 83 45 32 49 81 0 42 33 26 86 83 25 50 9 79 81 26 20 92 98 15 49 16 61 91 78 39 67 37 76 36 18 76 77 99 58 5 40 90 82 26 73 7 27 33 37 59 
74 79 61 70 71 9 97 23 24 27 57 61 77 33 47 40 60 87 42 0 11 8 2 60 23 2 75 35 92 53 25 58 89 100 46 6 27 74 4 85 78 96 26 12 21 50 18 99 83 6 57 45 14 59 4 88 12 78 74 4 
61 40 88 67 9 69 76 91 17 6 29 91 65 96 11 7 28 46 33 11 0 82 98 13 23 97 58 80 76 84 36 60 13 31 85 24 3 35 41 1 69 47 57 65 60 67 68 99 79 97 72 34 79 69 46 1 17 56 80 92 
29 75 81 22 79 76 14 15 79 97 49 27 76 99 21 23 12 60 26 8 82 0 39 67 51 51 97 88 75 99 74 15 99 94 13 8 58 24 26 25 22 4 73 45 89 51 13 35 3 30 90 35 73 28 1 24 78 50 63 4 
85 21 44 77 73 37 96 29 61 34 40 76 62 19 11 40 16 42 86 2 98 39 0 48 36 71 99 29 83 6 86 59 31 62 32 87 34 77 75 37 41 61 91 70 50 25 43 29 78 18 59 27 80 62 74 67 32 24 95 67 
83 70 18 65 39 37 66 69 100 66 1 33 29 66 28 20 69 70 83 60 13 67 48 0 29 32 25 12 45 8 50 78 84 76 66 25 37 57 46 38 33 40 67 10 9 25 36 40 86 62 6 70 85 52 36 66 35 12 77 79 
10 71 100 36 55 54 18 94 94 81 10 32 70 68 82 95 16 63 25 23 23 51 36 29 0 19 78 9 55 53 26 31 89 82 28 27 15 68 45 76 28 69 12 68 6 25 25 75 61 77 10 26 63 21 54 42 92 31 2 46 
21 92 18 44 25 65 61 41 96 4 67 25 12 86 15 22 41 72 50 2 97 51 71 32 19 0 84 27 28 24 9 55 2 75 74 46 50 2 14 13 21 20 37 45 46 50 73 56 75 36 28 29 29 19 11 30 16 46 56 43 
58 85 75 1 37 74 14 27 29 79 59 43 12 45 1 30 44 1 9 75 58 97 99 25 78 84 0 70 16 50 23 90 23 69 92 76 34 4 96 5 93 93 51 42 17 58 68 52 85 48 32 56 59 61 71 56 69 66 25 84 
53 49 40 82 49 2 24 4 98 15 71 53 35 94 89 9 87 80 79 35 80 88 29 12 9 27 70 0 15 100 26 89 20 17 65 5 72 12 10 64 56 12 57 73 69 25 76 5 72 8 60 82 20 83 38 40 48 14 24 14 
32 72 61 6 50 6 38 54 8 96 79 38 42 16 74 5 97 35 81 92 76 75 83 45 55 28 16 15 0 13 1 2 84 17 18 89 40 30 98 4 37 61 60 9 81 36 37 85 60 44 97 41 15 79 78 55 78 44 30 91 
67 72 1 55 12 90 82 29 95 92 54 20 23 5 63 25 31 61 26 53 84 99 6 8 53 24 50 100 13 0 8 30 92 92 98 10 80 37 91 29 40 27 89 52 88 69 39 24 5 98 19 53 91 33 31 20 87 60 63 68 
34 36 71 27 60 74 5 89 25 40 13 77 99 53 89 13 54 2 20 25 36 74 86 50 26 9 23 26 1 8 0 50 71 97 94 62 94 55 93 83 97 21 22 23 9 25 62 29 16 85 85 65 3 38 55 36 20 75 74 80 
21 56 41 37 62 36 100 80 15 60 14 14 8 26 10 30 50 51 92 58 60 15 59 78 31 55 90 89 2 30 50 0 89 42 81 59 90 26 72 36 80 64 18 76 84 91 51 44 68 12 24 83 49 9 47 51 98 2 38 17 
99 43 28 83 81 11 87 78 27 73 27 6 16 51 65 70 80 45 98 89 13 99 31 84 89 2 23 20 84 92 71 89 0 28 64 48 16 57 81 27 46 6 98 81 38 14 98 65 49 41 15 93 8 79 16 90 79 76 88 29 
90 89 25 12 19 70 40 91 31 95 60 57 43 1 83 11 4 99 15 100 31 94 62 76 82 75 69 17 17 92 97 42 28 0 73 41 19 42 68 82 41 84 90 21 10 35 79 59 68 16 72 17 80 73 57 47 65 64 25 32 
53 22 45 80 7 3 79 24 90 35 98 70 34 84 92 5 25 48 49 46 85 13 32 66 28 74 92 65 18 98 94 81 64 73 0 5 3 60 93 83 84 33 53 77 1 34 18 36 23 90 97 10 68 55 29 35 79 45 15 3 
78 81 89 64 8 33 65 91 5 5 34 91 51 25 49 42 3 64 16 6 24 8 87 25 27 46 76 5 89 10 62 59 48 41 5 0 54 61 67 17 37 50 74 91 61 66 73 45 50 78 21 2 11 90 37 86 32 33 47 99 
66 92 87 68 84 67 29 6 78 43 73 76 65 13 62 5 31 27 61 27 3 58 34 37 15 50 34 72 40 80 94 90 16 19 3 54 0 40 75 34 70 19 100 72 24 60 90 41 48 91 66 38 52 31 62 48 80 39 68 82 
87 30 90 16 78 33 62 42 91 54 61 27 87 18 21 26 80 55 91 74 35 24 77 57 68 2 4 12 30 37 55 26 57 42 60 61 40 0 2 10 70 39 41 55 85 91 46 59 76 67 29 75 90 53 86 79 45 33 21 10 
90 24 91 71 70 66 32 90 86 66 96 34 18 61 31 75 18 32 78 4 41 26 75 46 45 14 96 10 98 91 93 72 81 68 93 67 75 2 0 70 72 92 84 71 71 22 39 4 75 100 26 13 40 80 97 30 25 7 58 43 
8 73 70 100 32 77 43 3 77 40 64 65 70 5 10 20 12 66 39 85 1 25 37 38 76 13 5 64 4 29 83 36 27 82 83 17 34 10 70 0 36 32 32 40 18 62 36 2 82 45 24 6 36 7 76 58 80 66 14 55 
100 2 16 96 61 44 33 17 73 84 91 94 16 21 15 57 9 89 67 78 69 22 41 33 28 21 93 56 37 40 97 80 46 41 84 37 70 70 72 36 0 65 39 19 56 70 16 38 46 74 95 88 61 78 19 100 47 80 35 49 
86 5 32 19 12 65 61 88 7 21 53 50 80 8 32 36 71 11 37 96 47 4 61 40 69 20 93 12 61 27 21 64 6 84 33 50 19 39 92 32 65 0 13 31 72 70 18 30 46 76 61 63 41 67 80 31 86 35 100 53 
23 43 82 70 43 45 26 37 8 10 50 32 75 8 44 15 64 20 76 26 57 73 91 67 12 37 51 57 60 89 22 18 98 90 53 74 100 41 84 32 39 13 0 24 45 26 18 32 87 48 2 38 94 33 25 94 45 55 17 67 
20 34 66 66 63 13 7 84 33 28 11 14 31 63 53 2 84 44 36 12 65 45 70 10 68 45 42 73 9 52 23 76 81 21 77 91 72 55 71 40 19 31 24 0 25 46 64 100 7 26 92 25 5 22 10 92 21 62 15 17 
76 86 49 57 22 100 27 64 71 6 22 79 61 48 26 97 98 6 18 21 60 89 50 9 6 46 17 69 81 88 9 84 38 10 1 61 24 85 71 18 56 72 45 25 0 40 85 100 26 32 1 15 77 33 39 71 29 46 87 95 
89 2 47 57 77 91 28 84 14 62 61 12 8 37 46 51 98 67 76 50 67 51 25 25 25 50 58 25 36 69 25 91 14 35 34 66 60 91 22 62 70 70 26 46 40 0 70 33 58 21 91 36 12 15 92 85 77 35 5 90 
27 89 72 51 16 52 13 78 35 61 26 13 10 51 99 24 68 46 77 18 68 13 43 36 25 73 68 76 37 39 62 51 98 79 18 73 90 46 39 36 16 18 18 64 85 70 0 50 73 29 86 72 54 69 72 21 45 56 59 15 
6 38 8 78 79 66 7 53 41 96 73 67 47 95 24 24 28 91 99 99 99 35 29 40 75 56 52 5 85 24 29 44 65 59 36 45 41 59 4 2 38 30 32 100 100 33 50 0 84 56 2 31 25 86 40 97 28 75 8 94 
32 84 98 77 29 97 59 13 14 91 77 42 97 82 72 75 56 63 58 83 79 3 78 86 61 75 85 72 60 5 16 68 49 68 23 50 48 76 75 82 46 46 87 7 26 58 73 84 0 19 92 70 53 48 60 54 20 40 91 91 
91 79 63 53 86 7 62 67 26 36 86 44 7 85 43 55 17 27 5 6 97 30 18 62 77 36 48 8 44 98 85 12 41 16 90 78 91 67 100 45 74 76 48 26 32 21 29 56 19 0 94 59 14 66 4 69 76 70 5 32 
31 68 68 47 49 26 3 27 64 22 29 27 23 27 70 63 88 77 40 57 72 90 59 6 10 28 32 60 97 19 85 24 15 72 97 21 66 29 26 24 95 61 2 92 1 91 86 2 92 94 0 23 87 8 60 26 5 87 53 12 
45 23 85 43 89 17 86 55 30 96 5 84 13 78 82 82 35 8 90 45 34 35 27 70 26 29 56 82 41 53 65 83 93 17 10 2 38 75 13 6 88 63 38 25 15 36 72 31 70 59 23 0 33 23 56 54 75 55 65 29 
71 5 95 26 16 82 27 33 4 32 34 23 83 83 63 30 28 86 82 14 79 73 80 85 63 29 59 20 15 91 3 49 8 80 68 11 52 90 40 36 61 41 94 5 77 12 54 25 53 14 87 33 0 27 5 19 69 50 30 83 
16 89 63 75 21 63 50 55 24 7 20 2 85 97 80 54 55 18 26 59 69 28 62 52 21 19 61 83 79 33 38 9 79 73 55 90 31 53 80 7 78 67 33 22 33 15 69 86 48 66 8 23 27 0 15 85 3 90 54 7 
27 44 55 59 79 53 51 24 81 13 58 68 93 43 62 1 56 29 73 4 46 1 74 36 54 11 71 38 78 31 55 47 16 57 29 37 62 86 97 76 19 80 25 10 39 92 72 40 60 4 60 56 5 15 0 73 29 93 81 88 
81 27 94 13 22 36 44 26 49 64 43 54 4 50 96 24 95 100 7 88 1 24 67 66 42 30 56 40 55 20 36 51 90 47 35 86 48 79 30 58 100 31 94 92 71 85 21 97 54 69 26 54 19 85 73 0 71 85 27 75 
36 32 80 18 97 27 62 47 19 63 38 78 48 83 46 75 96 42 27 12 17 78 32 35 92 16 69 48 78 87 20 98 79 65 79 32 80 45 25 80 47 86 45 21 29 77 45 28 20 76 5 75 69 3 29 71 0 48 59 97 
36 29 29 60 68 27 16 50 9 92 16 10 4 39 62 82 51 82 33 78 56 50 24 12 31 46 66 14 44 60 75 2 76 64 45 33 39 33 7 66 80 35 55 62 46 35 56 75 40 70 87 55 50 90 93 85 48 0 55 64 
33 75 34 94 23 37 67 82 46 78 65 6 90 95 85 85 34 31 37 74 80 63 95 77 2 56 25 24 30 63 74 38 88 25 15 47 68 21 58 14 35 100 17 15 87 5 59 8 91 5 53 65 30 54 81 27 59 55 0 71 
19 55 92 75 98 84 99 100 79 58 16 15 89 50 71 79 44 76 59 4 92 4 67 79 46 43 84 14 91 68 80 17 29 32 3 99 82 10 43 55 49 53 67 17 95 90 15 94 91 32 12 29 83 7 88 75 97 64 71 0 
