40
0 36 80 4 24 87 8 56 29 4 16 19 1 11 22 95 68 59 1 62 27 86 96 15 25 55 100 96 61 62 56 57 98 87 12 73 73 20 80 54 
36 0 23 96 72 75 6 94 70 25 4 70 87 83 55 34 97 32 40 48 27 1 10 35 9 7 21 20 31 46 91 11 99 66 6 22 40 63 67 9 
80 23 0 39 23 78 25 5 85 10 1 16 50 1 94 50 10 28 58 68 1 29 98 98 20 8 48 85 65 69 24 79 88 33 18 10 10 94 14 94 
4 96 39 0 4 66 61 5 66 55 6 27 34 15 94 86 43 92 83 14 51 82 98 68 3 74 46 90 6 15 99 67 9 12 13 64 29 73 20 95 
24 72 23 4 0 79 25 21 65 39 67 50 81 10 85 95 60 18 44 79 20 17 25 9 74 91 59 41 51 22 5 14 51 29 33 97 8 9 69 24 
87 75 78 66 79 0 47 35 25 80 44 9 26 56 27 69 34 98 38 10 7 11 1 65 3 51 87 7 17 89 36 1 85 95 10 53 70 56 40 94 
8 6 25 61 25 47 0 35 35 55 12 90 81 33 76 30 70 85 36 32 85 53 35 88 91 93 4 79 80 56 15 26 65 67 95 21 58 89 7 93 
56 94 5 5 21 35 35 0 43 19 34 75 51 9 4 72 94 92 3 30 44 89 69 86 34 24 64 13 80 78 91 44 96 37 64 6 25 23 98 19 
29 70 85 66 65 25 35 43 0 41 31 45 43 92 49 14 85 92 68 66 87 57 35 72 42 10 35 6 89 64 96 33 11 33 48 16 9 70 13 28 
4 25 10 55 39 80 55 19 41 0 62 96 72 56 39 72 21 75 63 89 40 1 97 26 72 90 36 58 95 24 21 91 8 32 75 8 99 83 29 12 
16 4 1 6 67 44 12 34 31 62 0 62 43 59 86 98 49 57 71 23 72 11 62 72 59 40 96 48 75 53 42 50 74 84 10 57 58 17 55 93 
19 70 16 27 50 9 90 75 45 96 62 0 45 18 6 39 28 91 37 76 100 59 98 23 69 12 46 27 51 41 74 77 94 67 26 19 51 87 27 60 
1 87 50 34 81 26 81 51 43 72 43 45 0 3 81 4 100 51 10 38 78 52 26 6 51 36 55 25 4 66 71 30 68 11 55 44 56 22 22 74 
11 83 1 15 10 56 33 9 92 56 59 18 3 0 24 8 100 83 11 33 87 62 35 48 51 12 99 29 69 50 64 24 26 68 89 96 49 9 59 56 
22 55 94 94 85 27 76 4 49 39 86 6 81 24 0 52 14 29 73 40 52 81 91 34 43 75 72 56 9 19 6 73 18 34 41 19 50 64 44 69 
95 34 50 86 95 69 30 72 14 72 98 39 4 8 52 0 5 92 17 65 50 24 16 15 52 41 6 3 21 49 89 15 23 60 70 84 31 27 56 100 
68 97 10 43 60 34 70 94 85 21 49 28 100 100 14 5 0 13 96 18 62 12 13 30 68 56 98 32 57 22 99 24 73 39 29 28 11 29 16 25 
59 32 28 92 18 98 85 92 92 75 57 91 51 83 29 92 13 0 52 27 46 35 57 73 42 56 85 37 25 98 100 90 79 19 97 76 2 54 49 1 
1 40 58 83 44 38 36 3 68 63 71 37 10 11 73 17 96 52 0 77 74 91 57 53 2 86 68 26 89 94 24 75 3 96 16 10 32 4 35 81 
62 48 68 14 79 10 32 30 66 89 23 76 38 33 40 65 18 27 77 0 56 76 59 26 72 86 28 77 87 80 53 12 70 62 64 71 99 31 49 39 
27 27 1 51 20 7 85 44 87 40 72 100 78 87 52 50 62 46 74 56 0 76 72 65 30 19 80 40 2 35 26 82 42 53 40 68 24 77 95 1 
86 1 29 82 17 11 53 89 57 1 11 59 52 62 81 24 12 35 91 76 76 0 63 74 5 74 95 18 37 18 68 19 66 6 47 89 70 76 59 1 
96 10 98 98 25 1 35 69 35 97 62 98 26 35 91 16 13 57 57 59 72 63 0 15 60 88 92 41 29 44 32 96 68 60 42 20 23 67 76 48 
15 35 98 68 9 65 88 86 72 26 72 23 6 48 34 15 30 73 53 26 65 74 15 0 62 46 37 79 13 7 96 71 53 84 40 29 42 93 95 53 
25 9 20 3 74 3 91 34 42 72 59 69 51 51 43 52 68 42 2 72 30 5 60 62 0 80 87 45 8 30 28 4 49 87 97 20 61 64 48 61 
55 7 8 74 91 51 93 24 10 90 40 12 36 12 75 41 56 56 86 86 19 74 88 46 80 0 25 93 97 3 57 3 98 27 8 33 19 36 26 11 
100 21 48 46 59 87 4 64 35 36 96 46 55 99 72 6 98 85 68 28 80 95 92 37 87 25 0 82 78 90 20 22 49 2 49 4 50 87 1 22 
96 20 85 90 41 7 79 13 6 58 48 27 25 29 56 3 32 37 26 77 40 18 41 79 45 93 82 0 48 64 69 8 40 13 56 42 21 58 91 100 
61 31 65 6 51 17 80 80 89 95 75 51 4 69 9 21 57 25 89 87 2 37 29 13 8 97 78 48 0 65 75 70 52 100 80 86 29 21 5 2 
62 46 69 15 22 89 56 78 64 24 53 41 66 50 19 49 22 98 94 80 35 18 44 7 30 3 90 64 65 0 21 6 50 25 8 88 77 29 87 40 
56 91 24 99 5 36 15 91 96 21 42 74 71 64 6 89 99 100 24 53 26 68 32 96 28 57 20 69 75 21 0 49 94 79 13 49 72 85 59 14 
57 11 79 67 14 1 26 44 33 91 50 77 30 24 73 15 24 90 75 12 82 19 96 71 4 3 22 8 70 6 49 0 36 75 88 5 79 39 36 16 
98 99 88 9 51 85 65 96 11 8 74 94 68 26 18 23 73 79 3 70 42 66 68 53 49 98 49 40 52 50 94 36 0 67 8 20 68 29 78 69 
87 66 33 12 29 95 67 37 33 32 84 67 11 68 34 60 39 19 96 62 53 6 60 84 87 27 2 13 100 25 79 75 67 0 5 85 56 81 65 43 
12 6 18 13 33 10 95 64 48 75 10 26 55 89 41 70 29 97 16 64 40 47 42 40 97 8 49 56 80 8 13 88 8 5 0 20 65 88 50 29 
73 22 10 64 97 53 21 6 16 8 57 19 44 96 19 84 28 76 10 71 68 89 20 29 20 33 4 42 86 88 49 5 20 85 20 0 89 21 65 99 
73 40 10 29 8 70 58 25 9 99 58 51 56 49 50 31 11 2 32 99 24 70 23 42 61 19 50 21 29 77 72 79 68 56 65 89 0 86 1 25 
20 63 94 73 9 56 89 23 70 83 17 87 22 9 64 27 29 54 4 31 77 76 67 93 64 36 87 58 21 29 85 39 29 81 88 21 86 0 73 5 
80 67 14 20 69 40 7 98 13 29 55 27 22 59 44 56 16 49 35 49 95 59 76 95 48 26 1 91 5 87 59 36 78 65 50 65 1 73 0 3 
54 9 94 95 24 94 93 19 28 12 93 60 74 56 69 100 25 1 81 39 1 1 48 53 61 11 22 100 2 40 14 16 69 43 29 99 25 5 3 0 
