60
0 94 21 76 75 99 44 61 56 70 83 8 86 20 79 38 19 37 44 16 40 55 22 48 12 48 13 45 79 94 41 91 39 62 66 13 60 62 73 15 31 7 23 68 26 53 57 96 89 1 63 80 7 85 80 18 32 92 14 62 
94 0 37 55 53 75 68 70 87 27 31 12 93 61 70 67 81 48 19 37 43 59 89 6 91 95 42 70 12 25 13 26 86 2 32 90 76 99 60 15 77 90 78 21 3 47 88 35 94 58 71 89 69 60 94 11 54 35 32 18 
21 37 0 59 96 43 96 97 26 38 73 24 97 39 100 38 16 20 92 14 59 26 60 69 49 48 89 8 93 99 13 27 30 82 37 25 76 84 22 1 21 46 76 69 36 75 7 3 47 50 16 57 76 27 77 76 26 65 35 18 
76 55 59 0 63 99 96 44 81 32 21 56 16 94 9 36 39 84 5 26 11 63 28 9 12 95 17 39 22 94 14 47 10 48 65 25 47 60 68 79 44 88 86 11 81 94 98 71 78 54 96 88 16 75 48 80 70 64 70 91 
75 53 96 63 0 57 36 89 67 35 5 91 33 17 10 11 60 98 97 22 30 90 19 53 19 73 100 6 88 75 53 19 44 17 89 86 25 24 74 43 58 31 33 91 47 95 53 58 44 49 79 73 91 97 77 9 69 77 67 9 
99 75 43 99 57 0 51 71 79 46 39 67 31 64 42 56 6 52 86 91 94 84 85 46 93 28 47 71 52 37 20 81 45 40 57 11 100 59 82 79 4 20 97 86 35 39 93 93 42 79 83 35 14 19 32 7 98 78 29 1 
44 68 96 96 36 51 0 14 48 81 59 40 37 21 39 95 54 17 50 26 14 35 60 4 28 52 45 58 86 31 23 56 62 81 53 40 10 54 53 9 34 63 48 23 36 87 17 89 3 19 14 68 5 26 71 84 29 67 41 15 
61 70 97 44 89 71 14 0 49 16 70 11 96 75 2 5 28 6 14 13 69 13 35 56 99 4 44 2 22 10 21 78 35 92 62 15 10 54 29 59 69 51 21 65 77 22 21 56 27 86 68 47 99 55 2 97 58 98 50 31 
56 87 26 81 67 79 48 49 0 7 23 8 93 66 21 7 75 75 88 85 43 90 5 59 66 26 32 73 5 17 92 51 67 46 5 16 55 2 17 37 8 39 97 52 4 17 58 31 91 97 15 86 86 72 96 3 49 27 75 53 
70 27 38 32 35 46 81 16 7 0 96 19 56 14 64 60 29 71 13 98 7 20 36 55 23 92 72 80 22 14 29 88 51 14 59 47 69 8 25 95 12 20 13 19 34 29 78 14 99 90 11 57 61 99 12 83 90 35 15 63 
83 31 73 21 5 39 59 70 23 96 0 100 43 50 51 8 61 49 28 20 73 23 31 45 87 50 30 67 79 95 17 21 6 74 81 4 37 16 45 23 82 7 22 24 8 24 83 68 72 11 87 97 85 70 41 23 19 22 90 49 
8 12 24 56 91 67 40 11 8 19 100 0 16 6 69 73 31 2 28 67 17 72 41 98 30 15 73 38 38 55 57 62 17 44 10 1 13 2 24 83 23 65 31 90 70 100 63 1 1 42 19 69 14 60 66 95 26 90 32 15 
86 93 97 16 33 31 37 96 93 56 43 16 0 44 89 28 13 84 37 13 48 38 88 30 12 52 60 2 74 11 16 74 11 57 44 79 22 55 96 17 80 85 100 95 81 40 22 93 23 11 57 70 48 45 99 12 48 11 65 73 
20 61 39 94 17 64 21 75 66 14 50 6 44 0 21 80 98 84 88 42 62 10 96 10 78 28 94 77 22 74 17 95 66 91 5 23 61 5 19 11 16 18 73 80 43 94 11 40 77 98 33 90 59 29 99 36 56 45 65 29 
79 70 100 9 10 42 39 2 21 64 51 69 89 21 0 18 33 75 36 23 32 10 35 36 80 98 3 49 70 34 91 15 96 83 43 93 15 33 4 43 83 91 50 27 7 30 97 39 5 32 14 88 93 48 75 72 97 77 20 67 
38 67 38 36 11 56 95 5 7 60 8 73 28 80 18 0 62 63 33 57 45 76 1 59 60 4 54 94 47 55 21 53 85 17 92 41 100 5 28 92 4 54 15 1 30 86 19 43 48 3 99 44 30 51 3 89 7 56 35 53 
19 81 16 39 60 6 54 28 75 29 61 31 13 98 33 62 0 62 55 57 46 23 100 38 74 56 17 17 60 70 31 12 51 68 82 93 16 84 43 59 14 94 13 54 52 20 88 4 82 94 12 79 68 12 17 41 67 33 57 78 
37 48 20 84 98 52 17 6 75 71 49 2 84 84 75 63 62 0 3 39 41 5 7 74 98 74 58 92 32 23 37 97 76 88 16 16 43 97 9 55 76 77 18 44 69 36 76 78 66 30 16 58 35 74 32 84 99 89 27 83 
44 19 92 5 97 86 50 14 88 13 28 28 37 88 36 33 55 3 0 63 64 79 90 3 94 5 46 43 14 52 18 42 21 13 10 56 88 39 73 70 55 31 56 80 62 91 79 2 17 13 64 32 91 53 35 36 10 32 78 75 
16 37 14 26 22 91 26 13 85 98 20 67 13 42 23 57 57 39 63 0 35 47 16 55 59 77 62 99 16 35 68 22 65 23 53 26 65 83 79 81 95 94 65 85 46 99 21 55 82 98 81 16 97 96 70 55 25 31 53 40 
40 43 59 11 30 94 14 69 43 7 73 17 48 62 32 45 46 41 64 35 0 65 72 61 81 46 65 58 10 48 36 43 42 29 7 27 27 5 99 33 38 48 14 53 44 61 74 51 85 56 55 24 73 27 36 53 24 1 11 34 
55 59 26 63 90 84 35 13 90 20 23 72 38 10 10 76 23 5 79 47 65 0 48 98 76 89 27 82 67 5 38 65 37 75 65 2 79 8 63 52 10 47 59 65 23 31 43 58 84 66 10 46 51 57 43 26 98 21 59 64 
22 89 60 28 19 85 60 35 5 36 31 41 88 96 35 1 100 7 90 16 72 48 0 25 48 81 14 22 45 15 52 4 77 55 14 76 14 78 98 96 72 55 31 37 65 76 88 73 71 65 22 43 24 38 20 71 18 33 45 14 
48 6 69 9 53 46 4 56 59 55 45 98 30 10 36 59 38 74 3 55 61 98 25 0 99 48 17 28 3 82 3 68 11 100 63 82 6 94 71 22 21 58 95 43 74 68 86 97 5 57 20 22 89 16 87 39 63 56 66 17 
12 91 49 12 19 93 28 99 66 23 87 30 12 78 80 60 74 98 94 59 81 76 48 99 0 37 68 84 48 19 47 29 77 92 99 98 64 8 44 7 82 12 92 30 16 100 1 90 88 16 76 78 31 31 44 47 68 63 31 67 
48 95 48 95 73 28 52 4 26 92 50 15 52 28 98 4 56 74 5 77 46 89 81 48 37 0 34 29 47 10 72 98 7 35 5 3 41 38 14 84 68 29 83 20 70 22 36 46 100 66 28 95 64 47 9 46 13 42 74 60 
13 42 89 17 100 47 45 44 32 72 30 73 60 94 3 54 17 58 46 62 65 27 14 17 68 34 0 51 97 57 10 32 13 12 24 51 77 8 70 57 42 89 27 64 76 72 15 93 99 9 57 46 69 2 10 11 28 21 13 24 
45 70 8 39 6 71 58 2 73 80 67 38 2 77 49 94 17 92 43 99 58 82 22 28 84 29 51 0 77 74 55 42 37 79 92 13 38 13 70 79 1 96 94 77 19 8 69 69 68 77 66 37 79 76 99 6 96 63 81 25 
79 12 93 22 88 52 86 22 5 22 79 38 74 22 70 47 60 32 14 16 10 67 45 3 48 47 97 77 0 37 36 66 25 66 9 38 55 21 59 85 73 6 79 1 24 86 22 44 6 98 10 94 76 37 92 33 84 54 14 60 
94 25 99 94 75 37 31 10 17 14 95 55 11 74 34 55 70 23 52 35 48 5 15 82 19 10 57 74 37 0 42 1 25 67 18 85 56 72 5 14 8 30 19 86 30 94 24 51 37 81 1 98 74 28 34 65 61 70 70 26 
41 13 13 14 53 20 23 21 92 29 17 57 16 17 91 21 31 37 18 68 36 38 52 3 47 72 10 55 36 42 0 29 64 78 54 30 95 90 37 18 95 2 25 24 20 63 5 65 86 56 1 66 56 99 39 83 84 55 95 53 
91 26 27 47 19 81 56 78 51 88 21 62 74 95 15 53 12 97 42 22 43 65 4 68 29 98 32 42 66 1 29 0 24 20 82 39 97 87 68 43 76 56 12 22 57 37 45 28 51 2 92 88 57 45 5 64 95 95 98 78 
39 86 30 10 44 45 62 35 67 51 6 17 11 66 96 85 51 76 21 65 42 37 77 11 77 7 13 37 25 25 64 24 0 49 93 31 24 64 64 63 13 50 82 7 25 90 19 47 46 7 43 26 57 96 69 44 52 65 48 67 
62 2 82 48 17 40 81 92 46 14 74 44 57 91 83 17 68 88 13 23 29 75 55 100 92 35 12 79 66 67 78 20 49 0 59 42 65 37 42 9 19 17 24 34 79 36 83 13 95 59 2 13 57 99 19 52 24 27 47 45 
66 32 37 65 89 57 53 62 5 59 81 10 44 5 43 92 82 16 10 53 7 65 14 63 99 5 24 92 9 18 54 82 93 59 0 70 51 9 69 17 68 62 33 56 55 93 26 71 17 59 2 4 93 14 98 51 67 10 60 65 
13 90 25 25 86 11 40 15 16 47 4 1 79 23 93 41 93 16 56 26 27 2 76 82 98 3 51 13 38 85 30 39 31 42 70 0 80 11 41 6 9 85 27 59 93 95 28 60 8 12 67 62 5 92 33 73 2 34 28 94 
60 76 76 47 25 100 10 10 55 69 37 13 22 61 15 100 16 43 88 65 27 79 14 6 64 41 77 38 55 56 95 97 24 65 51 80 0 47 26 97 65 87 56 29 67 18 69 24 26 53 51 37 98 45 16 57 5 27 76 66 
62 99 84 60 24 59 54 54 2 8 16 2 55 5 33 5 84 97 39 83 5 8 78 94 8 38 8 13 21 72 90 87 64 37 9 11 47 0 83 67 98 55 21 31 83 14 29 60 10 45 46 17 74 64 34 42 88 12 47 90 
73 60 22 68 74 82 53 29 17 25 45 24 96 19 4 28 43 9 73 79 99 63 98 71 44 14 70 70 59 5 37 68 64 42 69 41 26 83 0 100 44 86 15 52 90 93 79 56 76 98 53 82 18 36 16 31 16 75 93 61 
15 15 1 79 43 79 9 59 37 95 23 83 17 11 43 92 59 55 70 81 33 52 96 22 7 84 57 79 85 14 18 43 63 9 17 6 97 67 100 0 73 61 86 88 47 79 27 58 25 16 57 20 2 23 24 91 15 2 46 42 
31 77 21 44 58 4 34 69 8 12 82 23 80 16 83 4 14 76 55 95 38 10 72 21 82 68 42 1 73 8 95 76 13 19 68 9 65 98 44 73 0 51 51 24 68 38 91 51 53 66 43 65 90 55 50 29 1 29 56 58 
7 90 46 88 31 20 63 51 39 20 7 65 85 18 91 54 94 77 31 94 48 47 55 58 12 29 89 96 6 30 2 56 50 17 62 85 87 55 86 61 51 0 5 23 66 77 24 40 52 67 55 5 64 96 56 14 71 23 51 62 
23 78 76 86 33 97 48 21 97 13 22 31 100 73 50 15 13 18 56 65 14 59 31 95 92 83 27 94 79 19 25 12 82 24 33 27 56 21 15 86 51 5 0 73 56 79 67 72 20 22 74 48 22 2 55 32 58 78 49 86 
68 21 69 11 91 86 23 65 52 19 24 90 95 80 27 1 54 44 80 85 53 65 37 43 30 20 64 77 1 86 24 22 7 34 56 59 29 31 52 88 24 23 73 0 53 89 37 71 95 42 35 42 49 100 65 71 3 26 96 10 
26 3 36 81 47 35 36 77 4 34 8 70 81 43 7 30 52 69 62 46 44 23 65 74 16 70 76 19 24 30 20 57 25 79 55 93 67 83 90 47 68 66 56 53 0 56 14 81 75 87 54 74 61 7 81 44 17 10 92 2 
53 47 75 94 95 39 87 22 17 29 24 100 40 94 30 86 20 36 91 99 61 31 76 68 100 22 72 8 86 94 63 37 90 36 93 95 18 14 93 79 38 77 79 89 56 0 62 32 39 85 78 32 19 72 80 70 36 2 72 13 
57 88 7 98 53 93 17 21 58 78 83 63 22 11 97 19 88 76 79 21 74 43 88 86 1 36 15 69 22 24 5 45 19 83 26 28 69 29 79 27 91 24 67 37 14 62 0 49 81 68 15 62 42 1 67 67 61 74 47 56 
96 35 3 71 58 93 89 56 31 14 68 1 93 40 39 43 4 78 2 55 51 58 73 97 90 46 93 69 44 51 65 28 47 13 71 60 24 60 56 58 51 40 72 71 81 32 49 0 90 56 48 43 70 31 81 54 61 64 24 32 
89 94 47 78 44 42 3 27 91 99 72 1 23 77 5 48 82 66 17 82 85 84 71 5 88 100 99 68 6 37 86 51 46 95 17 8 26 10 76 25 53 52 20 95 75 39 81 90 0 95 93 67 97 65 79 97 45 46 11 58 
1 58 50 54 49 79 19 86 97 90 11 42 11 98 32 3 94 30 13 98 56 66 65 57 16 66 9 77 98 81 56 2 7 59 59 12 53 45 98 16 66 67 22 42 87 85 68 56 95 0 39 64 25 5 24 50 4 32 39 59 
63 71 16 96 79 83 14 68 15 11 87 19 57 33 14 99 12 16 64 81 55 10 22 20 76 28 57 66 10 1 1 92 43 2 2 67 51 46 53 57 43 55 74 35 54 78 15 48 93 39 0 79 81 28 61 14 81 21 29 56 
80 89 57 88 73 35 68 47 86 57 97 69 70 90 88 44 79 58 32 16 24 46 43 22 78 95 46 37 94 98 66 88 26 13 4 62 37 17 82 20 65 5 48 42 74 32 62 43 67 64 79 0 52 24 49 70 72 13 48 68 
7 69 76 16 91 14 5 99 86 61 85 14 48 59 93 30 68 35 91 97 73 51 24 89 31 64 69 79 76 74 56 57 57 57 93 5 98 74 18 2 90 64 22 49 61 19 42 70 97 25 81 52 0 9 45 31 67 35 94 91 
85 60 27 75 97 19 26 55 72 99 70 60 45 29 48 51 12 74 53 96 27 57 38 16 31 47 2 76 37 28 99 45 96 99 14 92 45 64 36 23 55 96 2 100 7 72 1 31 65 5 28 24 9 0 40 69 40 43 100 30 
80 94 77 48 77 32 71 2 96 12 41 66 99 99 75 3 17 32 35 70 36 43 20 87 44 9 10 99 92 34 39 5 69 19 98 33 16 34 16 24 50 56 55 65 81 80 67 81 79 24 61 49 45 40 0 53 30 62 33 43 
18 11 76 80 9 7 84 97 3 83 23 95 12 36 72 89 41 84 36 55 53 26 71 39 47 46 11 6 33 65 83 64 44 52 51 73 57 42 31 91 29 14 32 71 44 70 67 54 97 50 14 70 31 69 53 0 27 13 63 56 
32 54 26 70 69 98 29 58 49 90 19 26 48 56 97 7 67 99 10 25 24 98 18 63 68 13 28 96 84 61 84 95 52 24 67 2 5 88 16 15 1 71 58 3 17 36 61 61 45 4 81 72 67 40 30 27 0 21 67 31 
92 35 65 64 77 78 67 98 27 35 22 90 11 45 77 56 33 89 32 31 1 21 33 56 63 42 21 63 54 70 55 95 65 27 10 34 27 12 75 2 29 23 78 26 10 2 74 64 46 32 21 13 35 43 62 13 21 0 69 36 
14 32 35 70 67 29 41 50 75 15 90 32 65 65 20 35 57 27 78 53 11 59 45 66 31 74 13 81 14 70 95 98 48 47 60 28 76 47 93 46 56 51 49 96 92 72 47 24 11 39 29 48 94 100 33 63 67 69 0 2 
62 18 18 91 9 1 15 31 53 63 49 15 73 29 67 53 78 83 75 40 34 64 14 17 67 60 24 25 60 26 53 78 67 45 65 94 66 90 61 42 58 62 86 10 2 13 56 32 58 59 56 68 91 30 43 56 31 36 2 0 
