30
0 98 76 21 3 94 94 91 91 70 9 3 87 21 41 75 26 46 28 7 82 85 47 99 54 73 7 21 18 65 
98 0 21 12 15 96 84 17 89 77 59 31 47 68 85 33 40 25 59 17 22 86 23 55 22 22 5 76 94 12 
76 21 0 96 11 28 68 74 42 15 58 10 55 34 69 37 80 88 21 65 27 98 23 95 71 9 70 26 82 91 
21 12 96 0 30 57 84 93 5 46 21 24 20 62 91 29 24 97 62 92 34 94 31 54 58 57 3 80 3 74 
3 15 11 30 0 40 72 51 22 62 80 30 97 73 34 43 45 10 14 6 100 42 81 96 55 72 81 48 2 35 
94 96 28 57 40 0 5 10 89 37 13 62 76 84 12 49 98 44 79 94 68 64 88 12 73 53 69 24 46 50 
94 84 68 84 72 5 0 72 1 73 52 48 75 38 53 36 79 89 100 40 16 36 4 65 33 99 95 26 66 10 
91 17 74 93 51 10 72 0 66 77 35 18 97 58 64 46 81 64 19 85 63 45 22 67 32 100 7 32 92 23 
91 89 42 5 22 89 1 66 0 67 47 39 51 45 85 28 62 94 93 90 28 63 86 38 26 32 18 41 2 2 
70 77 15 46 62 37 73 77 67 0 3 46 76 70 77 27 76 60 70 50 78 16 40 28 12 24 8 73 18 52 
9 59 58 21 80 13 52 35 47 3 0 62 97 14 48 34 91 31 4 31 32 5 86 77 32 7 5 59 34 65 
3 31 10 24 30 62 48 18 39 46 62 0 28 84 94 96 75 22 7 99 81 32 68 32 93 64 98 92 98 88 
87 47 55 20 97 76 75 97 51 76 97 28 0 22 1 71 53 57 8 81 41 14 38 51 47 2 30 82 95 25 
21 68 34 62 73 84 38 58 45 70 14 84 22 0 57 68 84 7 100 15 74 32 7 37 29 99 86 68 72 38 
41 85 69 91 34 12 53 64 85 77 48 94 1 57 0 90 25 95 97 57 35 10 94 37 9 47 66 42 94 91 
75 33 37 29 43 49 36 46 28 27 34 96 71 68 90 0 50 13 74 56 13 88 81 44 46 70 24 96 55 43 
26 40 80 24 45 98 79 81 62 76 91 75 53 84 25 50 0 68 93 33 44 39 29 100 25 91 46 61 51 92 
46 25 88 97 10 44 89 64 94 60 31 22 57 7 95 13 68 0 26 92 37 68 94 50 41 1 62 80 82 57 
28 59 21 62 14 79 100 19 93 70 4 7 8 100 97 74 93 26 0 78 51 32 73 57 74 40 49 58 83 87 
7 17 65 92 6 94 40 85 90 50 31 99 81 15 57 56 33 92 78 0 87 35 11 29 80 23 79 23 49 70 
82 22 27 34 100 68 16 63 28 78 32 81 41 74 35 13 44 37 51 87 0 60 16 15 61 9 16 22 88 97 
85 86 98 94 42 64 36 45 63 16 5 32 14 32 10 88 39 68 32 35 60 0 78 17 99 61 90 55 34 81 
47 23 23 31 81 88 4 22 86 40 86 68 38 7 94 81 29 94 73 11 16 78 0 56 44 16 42 30 50 5 
99 55 95 54 96 12 65 67 38 28 77 32 51 37 37 44 100 50 57 29 15 17 56 0 58 81 27 88 55 27 
54 22 71 58 55 73 33 32 26 12 32 93 47 29 9 46 25 41 74 80 61 99 44 58 0 57 66 43 72 26 
73 22 9 57 72 53 99 100 32 24 7 64 2 99 47 70 91 1 40 23 9 61 16 81 57 0 51 39 47 90 
7 5 70 3 81 69 95 7 18 8 5 98 30 86 66 24 46 62 49 79 16 90 42 27 66 51 0 35 76 7 
21 76 26 80 48 24 26 32 41 73 59 92 82 68 42 96 61 80 58 23 22 55 30 88 43 39 35 0 85 88 
18 94 82 3 2 46 66 92 2 18 34 98 95 72 94 55 51 82 83 49 88 34 50 55 72 47 76 85 0 48 
65 12 91 74 35 50 10 23 2 52 65 88 25 38 91 43 92 57 87 70 97 81 5 27 26 90 7 88 48 0 
