90
0 48 96 65 59 10 3 31 69 56 45 37 74 58 68 99 53 16 64 63 57 5 81 38 28 59 67 4 82 46 21 11 45 16 76 55 25 78 37 45 85 81 81 58 39 1 9 91 16 72 54 24 28 86 14 55 96 32 10 77 29 30 40 73 46 15 80 22 44 16 67 28 97 99 38 87 99 46 77 67 17 82 42 97 19 55 51 14 86 61 
48 0 91 14 42 82 39 87 96 18 61 39 85 27 18 81 25 55 67 76 52 96 42 21 29 83 17 48 38 19 61 75 31 3 41 73 84 31 11 31 100 71 21 84 97 39 65 74 45 83 49 49 30 90 69 59 24 37 6 61 55 66 88 86 69 28 58 4 10 68 35 9 91 55 92 87 45 8 12 90 43 12 90 72 53 58 30 77 94 35 
96 91 0 37 100 53 76 85 73 55 94 76 64 62 62 72 4 17 16 90 61 75 54 2 17 65 91 41 18 100 70 46 45 57 34 45 9 10 29 81 64 23 56 80 36 18 3 39 86 18 80 98 45 85 52 13 2 94 53 71 46 75 16 90 31 49 34 39 58 15 71 74 89 78 53 76 47 55 66 32 25 97 82 21 82 33 33 83 78 38 
65 14 37 0 5 23 12 20 13 42 20 98 32 78 64 54 3 52 31 7 79 78 61 44 61 37 93 42 57 74 74 90 8 4 27 12 26 90 83 90 83 2 88 66 31 51 19 85 55 49 91 85 78 52 81 39 40 73 80 97 46 6 38 5 9 16 68 34 57 2 24 39 55 63 4 86 65 22 70 71 22 13 56 100 64 36 38 55 8 69 
59 42 100 5 0 3 5 74 40 61 34 7 80 68 63 81 43 53 35 57 56 72 21 29 94 92 3 6 99 2 21 34 91 75 93 59 78 49 85 69 9 18 76 88 37 90 20 31 43 54 87 50 78 60 79 71 3 81 76 1 34 48 86 76 22 30 86 99 78 70 20 86 88 95 25 76 36 44 7 78 49 45 28 26 4 58 96 6 90 23 
10 82 53 23 3 0 58 75 70 95 50 44 24 35 42 1 57 13 38 96 7 62 71 43 57 77 72 6 22 51 31 77 8 79 35 97 53 92 71 23 39 72 66 62 59 59 15 15 72 52 10 30 66 32 24 74 61 48 79 82 98 62 10 6 92 44 54 44 88 77 18 26 48 35 87 58 46 53 24 69 5 85 98 22 17 74 95 77 21 26 
3 39 76 12 5 58 0 10 70 39 19 75 30 15 81 73 2 57 43 27 56 77 65 66 22 18 89 42 74 74 92 95 42 65 41 18 37 18 79 6 56 49 33 85 63 13 10 64 21 52 42 76 80 7 41 54 76 82 95 49 55 86 95 96 2 87 65 38 5 95 96 60 43 28 45 6 92 54 21 12 57 63 39 36 21 32 41 96 13 88 
31 87 85 20 74 75 10 0 44 19 73 90 66 27 76 82 64 80 76 11 40 70 90 84 27 81 89 48 44 45 62 35 32 82 66 25 77 30 12 20 100 36 9 17 62 84 98 78 16 25 88 55 46 78 38 73 10 78 20 54 74 81 88 57 14 5 81 90 86 92 61 37 80 21 5 41 56 54 18 71 78 6 25 23 35 14 47 44 91 66 
69 96 73 13 40 70 70 44 0 49 16 98 88 73 11 44 53 52 81 97 12 17 28 32 21 68 40 26 86 10 3 43 87 78 29 100 76 72 43 94 21 58 43 60 82 54 4 87 57 84 35 69 53 62 52 25 29 91 51 66 53 5 8 39 34 36 90 62 60 32 55 32 42 97 91 23 2 46 9 59 82 43 79 86 4 30 10 85 73 12 
56 18 55 42 61 95 39 19 49 0 50 77 69 10 15 54 97 4 15 56 88 69 39 29 18 30 3 19 27 12 77 8 6 55 45 62 37 55 46 61 18 95 37 38 56 51 44 53 6 58 8 93 79 47 73 96 28 76 14 54 87 43 14 44 49 58 5 85 64 2 45 34 97 33 23 4 35 66 56 41 76 16 33 54 62 6 1 41 33 66 
45 61 94 20 34 50 19 73 16 50 0 46 19 8 11 14 57 69 19 93 84 72 90 69 20 22 92 24 57 57 79 49 84 94 33 37 7 90 89 47 22 55 45 92 14 55 6 22 75 76 15 59 47 56 79 67 77 70 90 85 79 68 33 62 14 66 51 20 55 39 19 77 45 63 68 11 17 25 84 92 100 50 2 47 5 80 65 34 50 54 
37 39 76 98 7 44 75 90 98 77 46 0 18 80 73 3 41 38 20 43 58 26 34 28 2 30 90 22 40 58 46 24 49 98 25 2 96 30 82 60 63 83 65 32 14 37 86 54 27 5 49 84 31 82 63 84 11 52 57 51 61 3 26 62 52 50 63 47 31 96 6 45 30 70 77 43 58 14 49 84 19 97 19 1 78 33 84 88 36 41 
74 85 64 32 80 24 30 66 88 69 19 18 0 90 97 95 67 58 46 69 72 92 99 68 49 96 97 70 24 92 79 37 40 63 55 36 33 55 13 66 91 52 1 31 42 97 25 60 6 22 28 78 13 79 97 13 74 45 82 97 36 60 33 27 74 88 62 59 94 26 24 84 78 76 66 71 25 90 30 30 11 58 59 75 36 7 39 9 52 20 
58 27 62 78 68 35 15 27 73 10 8 80 90 0 5 39 32 37 66 57 76 79 15 22 5 38 57 82 66 23 52 90 12 81 71 75 90 30 1 25 88 40 85 39 11 89 30 42 78 47 99 5 25 65 78 29 3 35 62 68 57 65 9 20 46 79 46 35 60 47 12 48 86 96 38 96 37 67 90 66 13 40 22 90 4 100 18 58 86 32 
68 18 62 64 63 42 81 76 11 15 11 73 97 5 0 77 42 96 85 13 41 16 59 28 75 5 91 22 42 38 60 37 26 78 78 91 91 69 65 32 73 64 49 82 49 80 59 42 76 95 54 68 10 12 47 85 68 89 58 9 27 17 98 52 95 75 95 37 96 59 20 20 74 68 1 74 100 11 15 27 6 20 46 67 84 45 3 51 33 61 
99 81 72 54 81 1 73 82 44 54 14 3 95 39 77 0 60 11 29 57 63 75 83 9 63 78 19 82 97 92 2 50 65 1 60 31 79 17 2 76 36 85 20 38 36 53 50 47 63 79 55 77 53 37 37 16 67 55 49 15 46 50 64 62 2 76 44 80 92 46 56 79 82 27 17 69 79 66 15 94 96 69 22 49 58 59 16 76 13 64 
53 25 4 3 43 57 2 64 53 97 57 41 67 32 42 60 0 90 11 66 54 72 67 81 16 99 72 13 54 3 94 80 71 63 11 36 29 56 84 50 77 32 59 87 99 34 100 62 23 62 79 28 33 46 8 100 44 32 64 49 34 58 80 4 72 90 91 52 97 74 53 26 57 11 12 55 44 63 69 19 24 47 98 9 44 6 60 87 89 24 
16 55 17 52 53 13 57 80 52 4 69 38 58 37 96 11 90 0 35 74 33 15 29 4 56 19 7 5 45 60 30 1 70 93 8 66 8 28 36 31 26 33 91 70 90 51 56 30 74 91 3 6 57 31 61 64 2 19 68 46 78 97 98 100 42 57 17 49 84 52 31 62 36 22 31 78 24 86 7 49 28 62 6 36 92 66 100 45 84 67 
64 67 16 31 35 38 43 76 81 15 19 20 46 66 85 29 11 35 0 90 14 16 40 13 57 48 29 5 32 32 87 45 19 60 75 96 83 12 55 31 40 16 36 75 59 53 26 4 89 93 45 2 60 84 66 16 32 94 72 15 77 58 59 95 18 85 43 52 96 49 35 35 16 22 62 74 75 87 29 63 31 74 16 90 9 81 57 92 26 28 
63 76 90 7 57 96 27 11 97 56 93 43 69 57 13 57 66 74 90 0 58 54 38 68 100 7 52 42 10 100 42 44 86 57 66 47 83 92 86 63 6 68 36 21 10 97 53 66 88 78 46 98 31 35 65 30 93 69 24 2 68 17 46 5 26 63 52 8 54 89 70 59 8 58 31 17 54 83 35 93 60 32 42 42 66 7 23 58 27 98 
57 52 61 79 56 7 56 40 12 88 84 58 72 76 41 63 54 33 14 58 0 59 46 15 56 50 40 18 53 99 71 93 20 81 1 77 11 69 82 93 3 27 4 86 68 45 51 26 20 60 4 17 71 49 83 26 51 22 44 55 72 66 48 92 47 100 20 57 68 54 50 23 32 5 60 99 2 11 25 21 22 80 89 92 81 72 18 31 45 13 
5 96 75 78 72 62 77 70 17 69 72 26 92 79 16 75 72 15 16 54 59 0 85 69 78 84 12 76 83 83 33 3 36 34 77 67 38 36 18 91 98 94 11 20 73 100 11 53 23 28 35 67 92 20 35 22 55 98 97 38 81 81 92 16 66 68 35 56 3 4 46 53 97 57 72 69 8 82 74 82 62 8 100 53 79 87 74 34 84 71 
81 42 54 61 21 71 65 90 28 39 90 34 99 15 59 83 67 29 40 38 46 85 0 71 64 3 62 80 69 81 66 24 35 69 21 87 65 29 58 85 36 92 10 17 53 18 17 57 96 3 31 29 38 53 51 2 55 64 33 75 96 98 50 31 18 71 69 34 99 79 70 87 70 80 55 22 97 23 78 44 77 60 25 15 12 75 16 19 91 48 
38 21 2 44 29 43 66 84 32 29 69 28 68 22 28 9 81 4 13 68 15 69 71 0 93 86 97 43 68 14 13 37 47 63 15 16 49 84 47 4 57 43 26 86 39 3 98 63 17 9 89 32 79 79 31 72 17 27 66 84 92 30 20 38 92 86 5 93 69 52 96 77 46 21 15 84 75 12 98 91 72 87 74 51 17 4 74 33 82 91 
28 29 17 61 94 57 22 27 21 18 20 2 49 5 75 63 16 56 57 100 56 78 64 93 0 17 73 20 88 10 63 74 67 55 94 70 2 23 67 23 37 51 49 48 48 40 71 86 65 21 3 69 46 35 2 36 3 75 7 43 36 70 68 2 76 13 23 78 35 90 52 23 92 100 22 91 91 93 77 56 65 31 76 11 65 29 46 20 3 53 
59 83 65 37 92 77 18 81 68 30 22 30 96 38 5 78 99 19 48 7 50 84 3 86 17 0 14 39 74 81 92 1 93 15 30 80 56 81 2 47 33 24 37 75 68 65 82 32 95 9 42 12 38 40 83 40 44 96 30 17 28 22 69 72 88 99 51 43 31 5 41 63 28 29 90 95 46 71 78 40 80 20 51 69 59 85 8 2 80 38 
67 17 91 93 3 72 89 89 40 3 92 90 97 57 91 19 72 7 29 52 40 12 62 97 73 14 0 70 7 11 38 79 50 88 81 44 19 85 84 81 64 64 22 10 9 93 88 49 24 7 51 92 17 36 99 70 67 88 39 26 50 28 4 99 16 36 42 34 73 77 66 36 41 88 98 49 80 85 97 3 43 100 46 11 87 96 80 53 84 18 
4 48 41 42 6 6 42 48 26 19 24 22 70 82 22 82 13 5 5 42 18 76 80 43 20 39 70 0 78 85 97 33 84 12 69 25 45 41 2 11 28 94 50 77 42 81 13 91 83 7 90 80 17 28 75 96 80 58 65 10 95 62 42 78 25 62 54 70 54 7 32 82 100 33 58 94 13 23 84 47 29 25 26 46 52 100 93 83 10 10 
82 38 18 57 99 22 74 44 86 27 57 40 24 66 42 97 54 45 32 10 53 83 69 68 88 74 7 78 0 92 4 23 34 33 47 95 86 68 1 45 99 82 96 31 91 89 43 13 24 89 94 48 66 39 51 66 83 86 75 92 77 78 14 62 10 61 9 47 28 9 91 79 42 87 61 84 27 56 49 51 96 42 98 62 80 1 27 62 86 53 
46 19 100 74 2 51 74 45 10 12 57 58 92 23 38 92 3 60 32 100 99 83 81 14 10 81 11 85 92 0 6 62 82 19 76 43 31 84 89 11 92 32 89 33 70 1 16 96 56 64 46 4 57 96 65 36 48 43 50 33 47 7 46 28 25 21 70 56 56 10 66 47 41 6 31 62 58 99 10 66 14 7 69 71 2 85 58 1 79 59 
21 61 70 74 21 31 92 62 3 77 79 46 79 52 60 2 94 30 87 42 71 33 66 13 63 92 38 97 4 6 0 85 25 65 31 52 42 3 21 97 11 82 14 9 75 71 40 36 28 90 45 93 55 52 13 25 5 97 35 58 75 45 42 99 10 24 50 51 79 22 99 89 56 64 97 30 86 88 65 13 29 62 58 84 65 70 60 69 19 46 
11 75 46 90 34 77 95 35 43 8 49 24 37 90 37 50 80 1 45 44 93 3 24 37 74 1 79 33 23 62 85 0 26 93 91 20 44 100 43 45 2 21 67 52 61 74 15 58 3 52 97 67 16 26 80 73 61 44 95 20 65 13 66 90 5 56 61 48 7 4 93 60 76 11 11 37 84 77 46 38 28 42 4 43 19 36 68 79 79 62 
45 31 45 8 91 8 42 32 87 6 84 49 40 12 26 65 71 70 19 86 20 36 35 47 67 93 50 84 34 82 25 26 0 51 43 74 68 85 30 75 45 30 33 48 74 92 24 36 54 12 71 30 57 8 9 98 63 3 69 98 70 99 77 83 49 19 8 68 3 38 42 100 19 74 99 44 17 22 79 70 85 49 51 41 8 59 91 70 62 59 
16 3 57 4 75 79 65 82 78 55 94 98 63 81 78 1 63 93 60 57 81 34 69 63 55 15 88 12 33 19 65 93 51 0 68 83 57 44 66 58 14 73 77 69 62 19 68 32 44 66 75 61 40 53 30 24 53 81 17 60 91 7 30 4 17 49 87 25 44 4 34 57 28 11 77 42 81 96 73 24 62 48 36 53 52 18 28 5 50 44 
76 41 34 27 93 35 41 66 29 45 33 25 55 71 78 60 11 8 75 66 1 77 21 15 94 30 81 69 47 76 31 91 43 68 0 16 40 2 45 44 18 45 82 43 88 37 28 97 16 38 73 57 18 69 30 94 82 29 29 86 80 46 13 36 95 9 52 87 10 48 82 80 93 15 74 80 51 1 76 66 39 1 75 8 69 56 1 2 84 30 
55 73 45 12 59 97 18 25 100 62 37 2 36 75 91 31 36 66 96 47 77 67 87 16 70 80 44 25 95 43 52 20 74 83 16 0 87 15 27 51 51 22 11 54 60 21 1 41 52 45 55 77 77 57 77 4 22 67 4 48 27 24 3 27 25 86 8 63 53 35 66 55 8 76 8 67 48 60 7 99 57 61 75 33 17 4 88 90 22 92 
25 84 9 26 78 53 37 77 76 37 7 96 33 90 91 79 29 8 83 83 11 38 65 49 2 56 19 45 86 31 42 44 68 57 40 87 0 38 48 67 92 75 92 30 82 6 82 68 71 88 75 47 95 41 94 6 47 45 14 59 71 98 27 74 86 69 48 77 58 95 43 49 69 86 78 3 44 11 70 66 98 45 12 44 85 58 2 84 54 15 
78 31 10 90 49 92 18 30 72 55 90 30 55 30 69 17 56 28 12 92 69 36 29 84 23 81 85 41 68 84 3 100 85 44 2 15 38 0 94 24 13 21 50 98 41 97 26 98 43 20 46 12 58 76 66 1 86 35 66 84 79 30 27 16 39 28 51 44 95 96 67 59 68 68 8 8 16 33 5 59 4 3 22 13 78 87 13 63 21 31 
37 11 29 83 85 71 79 12 43 46 89 82 13 1 65 2 84 36 55 86 82 18 58 47 67 2 84 2 1 89 21 43 30 66 45 27 48 94 0 98 52 12 77 19 2 56 21 45 50 16 63 8 84 31 15 43 98 99 48 8 55 50 81 67 79 67 32 41 40 14 39 43 25 67 13 26 22 33 70 72 100 32 31 35 14 46 78 64 96 77 
45 31 81 90 69 23 6 20 94 61 47 60 66 25 32 76 50 31 31 63 93 91 85 4 23 47 81 11 45 11 97 45 75 58 44 51 67 24 98 0 23 50 78 4 69 56 70 100 96 61 13 86 3 89 4 15 14 26 99 35 97 51 18 27 37 84 24 66 99 72 42 21 73 19 24 41 26 94 40 74 54 4 59 9 92 15 75 57 40 26 
85 100 64 83 9 39 56 100 21 18 22 63 91 88 73 36 77 26 40 6 3 98 36 57 37 33 64 28 99 92 11 2 45 14 18 51 92 13 52 23 0 43 36 76 13 14 64 96 90 30 94 13 71 14 85 42 38 78 67 83 69 40 88 73 51 96 16 65 71 73 4 96 67 91 23 79 56 86 26 97 67 71 9 38 37 46 31 26 23 49 
81 71 23 2 18 72 49 36 58 95 55 83 52 40 64 85 32 33 16 68 27 94 92 43 51 24 64 94 82 32 82 21 30 73 45 22 75 21 12 50 43 0 8 91 41 47 63 91 43 31 7 65 55 62 12 21 4 34 52 59 71 77 8 38 100 68 27 36 13 9 61 35 57 20 78 97 66 92 39 8 22 97 24 76 58 35 97 13 20 100 
81 21 56 88 76 66 33 9 43 37 45 65 1 85 49 20 59 91 36 36 4 11 10 26 49 37 22 50 96 89 14 67 33 77 82 11 92 50 77 78 36 8 0 24 43 28 31 32 27 98 10 62 63 18 74 97 26 93 74 75 59 18 65 18 39 62 94 15 71 28 63 84 100 62 7 42 89 37 25 68 86 34 29 48 3 55 97 80 47 22 
58 84 80 66 88 62 85 17 60 38 92 32 31 39 82 38 87 70 75 21 86 20 17 86 48 75 10 77 31 33 9 52 48 69 43 54 30 98 19 4 76 91 24 0 54 57 39 19 75 78 32 20 92 2 47 6 37 98 19 43 91 59 31 15 26 17 100 7 64 2 61 12 82 59 34 87 16 72 57 42 1 88 61 44 42 59 49 78 57 67 
39 97 36 31 37 59 63 62 82 56 14 14 42 11 49 36 99 90 59 10 68 73 53 39 48 68 9 42 91 70 75 61 74 62 88 60 82 41 2 69 13 41 43 54 0 21 47 26 3 14 3 19 13 9 35 67 21 46 48 80 31 86 95 3 43 88 3 82 48 47 75 6 47 53 62 66 25 61 91 27 74 45 98 38 54 32 4 74 29 3 
1 39 18 51 90 59 13 84 54 51 55 37 97 89 80 53 34 51 53 97 45 100 18 3 40 65 93 81 89 1 71 74 92 19 37 21 6 97 56 56 14 47 28 57 21 0 5 60 89 99 62 83 86 16 16 85 14 91 91 13 95 4 78 71 16 68 97 89 64 46 79 17 77 82 43 58 37 47 17 77 98 30 11 35 97 26 20 11 68 10 
9 65 3 19 20 15 10 98 4 44 6 86 25 30 59 50 100 56 26 53 51 11 17 98 71 82 88 13 43 16 40 15 24 68 28 1 82 26 21 70 64 63 31 39 47 5 0 23 62 65 52 32 81 71 81 21 34 26 99 51 55 33 45 64 69 91 80 97 40 9 7 75 57 84 94 19 52 55 93 65 19 44 49 99 14 29 72 48 6 70 
91 74 39 85 31 15 64 78 87 53 22 54 60 42 42 47 62 30 4 66 26 53 57 63 86 32 49 91 13 96 36 58 36 32 97 41 68 98 45 100 96 91 32 19 26 60 23 0 98 12 54 94 75 74 84 6 70 76 66 28 50 23 12 43 41 63 49 34 79 67 77 27 18 91 7 89 38 13 10 87 76 64 80 3 37 15 8 59 90 74 
16 45 86 55 43 72 21 16 57 6 75 27 6 78 76 63 23 74 89 88 20 23 96 17 65 95 24 83 24 56 28 3 54 44 16 52 71 43 50 96 90 43 27 75 3 89 62 98 0 86 91 96 97 85 36 11 33 21 90 100 98 16 17 40 23 57 77 87 66 15 14 29 94 16 18 60 24 76 2 49 61 92 96 10 77 83 20 9 4 61 
72 83 18 49 54 52 52 25 84 58 76 5 22 47 95 79 62 91 93 78 60 28 3 9 21 9 7 7 89 64 90 52 12 66 38 45 88 20 16 61 30 31 98 78 14 99 65 12 86 0 8 53 29 76 92 51 32 68 89 50 34 2 78 27 70 47 38 45 22 39 93 35 31 88 44 59 70 15 67 25 28 27 77 56 54 68 58 86 87 46 
54 49 80 91 87 10 42 88 35 8 15 49 28 99 54 55 79 3 45 46 4 35 31 89 3 42 51 90 94 46 45 97 71 75 73 55 75 46 63 13 94 7 10 32 3 62 52 54 91 8 0 35 20 99 64 98 68 11 36 12 84 74 56 18 56 43 61 66 65 28 33 89 55 11 66 62 64 85 19 1 72 16 87 91 66 51 89 34 13 76 
24 49 98 85 50 30 76 55 69 93 59 84 78 5 68 77 28 6 2 98 17 67 29 32 69 12 92 80 48 4 93 67 30 61 57 77 47 12 8 86 13 65 62 20 19 83 32 94 96 53 35 0 97 96 1 5 14 9 99 26 74 63 5 6 4 11 16 21 72 32 5 90 32 76 57 19 19 23 21 59 8 33 34 4 80 34 8 45 42 59 
28 30 45 78 78 66 80 46 53 79 47 31 13 25 10 53 33 57 60 31 71 92 38 79 46 38 17 17 66 57 55 16 57 40 18 77 95 58 84 3 71 55 63 92 13 86 81 75 97 29 20 97 0 23 16 21 27 73 76 38 41 96 61 72 53 51 55 80 59 73 98 81 93 8 88 77 41 44 57 27 3 1 20 61 75 87 34 2 60 9 
86 90 85 52 60 32 7 78 62 47 56 82 79 65 12 37 46 31 84 35 49 20 53 79 35 40 36 28 39 96 52 26 8 53 69 57 41 76 31 89 14 62 18 2 9 16 71 74 85 76 99 96 23 0 91 52 57 51 23 9 53 29 88 12 2 38 92 46 45 32 75 86 27 83 64 29 35 83 42 10 70 75 11 81 35 1 32 91 3 6 
14 69 52 81 79 24 41 38 52 73 79 63 97 78 47 37 8 61 66 65 83 35 51 31 2 83 99 75 51 65 13 80 9 30 30 77 94 66 15 4 85 12 74 47 35 16 81 84 36 92 64 1 16 91 0 99 56 34 87 67 87 76 10 85 20 93 59 5 19 41 68 100 75 3 41 84 72 67 46 4 1 46 35 44 1 92 42 56 77 80 
55 59 13 39 71 74 54 73 25 96 67 84 13 29 85 16 100 64 16 30 26 22 2 72 36 40 70 96 66 36 25 73 98 24 94 4 6 1 43 15 42 21 97 6 67 85 21 6 11 51 98 5 21 52 99 0 74 64 55 35 48 27 28 58 31 98 98 51 97 72 5 89 8 28 7 53 31 60 51 17 3 51 60 96 58 36 28 31 51 34 
96 24 2 40 3 61 76 10 29 28 77 11 74 3 68 67 44 2 32 93 51 55 55 17 3 44 67 80 83 48 5 61 63 53 82 22 47 86 98 14 38 4 26 37 21 14 34 70 33 32 68 14 27 57 56 74 0 65 98 60 44 55 43 42 4 45 90 28 49 31 35 76 37 39 58 96 41 74 50 91 33 46 100 20 73 30 71 58 47 20 
32 37 94 73 81 48 82 78 91 76 70 52 45 35 89 55 32 19 94 69 22 98 64 27 75 96 88 58 86 43 97 44 3 81 29 67 45 35 99 26 78 34 93 98 46 91 26 76 21 68 11 9 73 51 34 64 65 0 18 90 75 60 83 30 4 25 57 52 55 43 79 91 82 36 39 22 61 88 65 45 85 64 64 9 46 86 67 92 6 84 
10 6 53 80 76 79 95 20 51 14 90 57 82 62 58 49 64 68 72 24 44 97 33 66 7 30 39 65 75 50 35 95 69 17 29 4 14 66 48 99 67 52 74 19 48 91 99 66 90 89 36 99 76 23 87 55 98 18 0 33 32 95 16 61 98 40 18 1 94 60 31 36 93 18 26 15 78 66 79 74 2 94 89 11 39 75 29 30 80 12 
77 61 71 97 1 82 49 54 66 54 85 51 97 68 9 15 49 46 15 2 55 38 75 84 43 17 26 10 92 33 58 20 98 60 86 48 59 84 8 35 83 59 75 43 80 13 51 28 100 50 12 26 38 9 67 35 60 90 33 0 63 11 58 30 71 7 69 40 7 14 100 89 1 92 6 79 58 83 44 88 8 45 82 96 7 20 70 35 2 1 
29 55 46 46 34 98 55 74 53 87 79 61 36 57 27 46 34 78 77 68 72 81 96 92 36 28 50 95 77 47 75 65 70 91 80 27 71 79 55 97 69 71 59 91 31 95 55 50 98 34 84 74 41 53 87 48 44 75 32 63 0 98 16 11 55 45 34 61 65 73 19 30 24 7 82 68 12 60 25 46 55 65 53 52 46 1 10 17 70 45 
30 66 75 6 48 62 86 81 5 43 68 3 60 65 17 50 58 97 58 17 66 81 98 30 70 22 28 62 78 7 45 13 99 7 46 24 98 30 50 51 40 77 18 59 86 4 33 23 16 2 74 63 96 29 76 27 55 60 95 11 98 0 70 71 94 85 33 1 81 18 13 45 91 32 26 66 90 8 33 54 19 10 51 26 26 56 77 71 56 86 
40 88 16 38 86 10 95 88 8 14 33 26 33 9 98 64 80 98 59 46 48 92 50 20 68 69 4 42 14 46 42 66 77 30 13 3 27 27 81 18 88 8 65 31 95 78 45 12 17 78 56 5 61 88 10 28 43 83 16 58 16 70 0 39 77 82 9 99 28 45 32 28 26 49 40 22 91 23 100 9 65 59 93 18 77 2 20 2 27 75 
73 86 90 5 76 6 96 57 39 44 62 62 27 20 52 62 4 100 95 5 92 16 31 38 2 72 99 78 62 28 99 90 83 4 36 27 74 16 67 27 73 38 18 15 3 71 64 43 40 27 18 6 72 12 85 58 42 30 61 30 11 71 39 0 30 49 82 68 40 59 1 100 9 28 44 40 55 69 41 95 43 83 69 42 91 33 100 84 50 28 
46 69 31 9 22 92 2 14 34 49 14 52 74 46 95 2 72 42 18 26 47 66 18 92 76 88 16 25 10 25 10 5 49 17 95 25 86 39 79 37 51 100 39 26 43 16 69 41 23 70 56 4 53 2 20 31 4 4 98 71 55 94 77 30 0 37 22 82 16 48 63 16 30 30 55 40 31 54 48 10 98 40 65 18 32 11 12 14 79 53 
15 28 49 16 30 44 87 5 36 58 66 50 88 79 75 76 90 57 85 63 100 68 71 86 13 99 36 62 61 21 24 56 19 49 9 86 69 28 67 84 96 68 62 17 88 68 91 63 57 47 43 11 51 38 93 98 45 25 40 7 45 85 82 49 37 0 57 12 4 40 13 84 28 34 65 43 82 27 59 63 9 13 54 91 19 1 100 16 92 64 
80 58 34 68 86 54 65 81 90 5 51 63 62 46 95 44 91 17 43 52 20 35 69 5 23 51 42 54 9 70 50 61 8 87 52 8 48 51 32 24 16 27 94 100 3 97 80 49 77 38 61 16 55 92 59 98 90 57 18 69 34 33 9 82 22 57 0 85 75 26 97 89 5 1 97 16 57 36 80 40 63 66 56 58 99 34 16 61 94 80 
22 4 39 34 99 44 38 90 62 85 20 47 59 35 37 80 52 49 52 8 57 56 34 93 78 43 34 70 47 56 51 48 68 25 87 63 77 44 41 66 65 36 15 7 82 89 97 34 87 45 66 21 80 46 5 51 28 52 1 40 61 1 99 68 82 12 85 0 66 84 98 18 84 65 10 99 50 84 77 98 24 81 50 20 48 6 7 79 97 22 
44 10 58 57 78 88 5 86 60 64 55 31 94 60 96 92 97 84 96 54 68 3 99 69 35 31 73 54 28 56 79 7 3 44 10 53 58 95 40 99 71 13 71 64 48 64 40 79 66 22 65 72 59 45 19 97 49 55 94 7 65 81 28 40 16 4 75 66 0 44 4 79 42 38 46 54 83 77 19 67 75 37 2 91 46 52 92 81 28 89 
16 68 15 2 70 77 95 92 32 2 39 96 26 47 59 46 74 52 49 89 54 4 79 52 90 5 77 7 9 10 22 4 38 4 48 35 95 96 14 72 73 9 28 2 47 46 9 67 15 39 28 32 73 32 41 72 31 43 60 14 73 18 45 59 48 40 26 84 44 0 57 60 91 28 7 96 35 86 45 8 81 48 38 23 37 83 76 72 11 95 
67 35 71 24 20 18 96 61 55 45 19 6 24 12 20 56 53 31 35 70 50 46 70 96 52 41 66 32 91 66 99 93 42 34 82 66 43 67 39 42 4 61 63 61 75 79 7 77 14 93 33 5 98 75 68 5 35 79 31 100 19 13 32 1 63 13 97 98 4 57 0 38 85 31 91 28 28 42 19 60 22 60 16 81 50 44 40 97 30 77 
28 9 74 39 86 26 60 37 32 34 77 45 84 48 20 79 26 62 35 59 23 53 87 77 23 63 36 82 79 47 89 60 100 57 80 55 49 59 43 21 96 35 84 12 6 17 75 27 29 35 89 90 81 86 100 89 76 91 36 89 30 45 28 100 16 84 89 18 79 60 38 0 93 89 9 41 26 31 29 60 59 100 70 53 89 7 35 31 34 14 
97 91 89 55 88 48 43 80 42 97 45 30 78 86 74 82 57 36 16 8 32 97 70 46 92 28 41 100 42 41 56 76 19 28 93 8 69 68 25 73 67 57 100 82 47 77 57 18 94 31 55 32 93 27 75 8 37 82 93 1 24 91 26 9 30 28 5 84 42 91 85 93 0 25 52 25 46 11 41 78 12 36 69 9 17 97 1 5 6 93 
99 55 78 63 95 35 28 21 97 33 63 70 76 96 68 27 11 22 22 58 5 57 80 21 100 29 88 33 87 6 64 11 74 11 15 76 86 68 67 19 91 20 62 59 53 82 84 91 16 88 11 76 8 83 3 28 39 36 18 92 7 32 49 28 30 34 1 65 38 28 31 89 25 0 30 88 74 89 46 25 10 50 66 16 84 96 49 49 20 53 
38 92 53 4 25 87 45 5 91 23 68 77 66 38 1 17 12 31 62 31 60 72 55 15 22 90 98 58 61 31 97 11 99 77 74 8 78 8 13 24 23 78 7 34 62 43 94 7 18 44 66 57 88 64 41 7 58 39 26 6 82 26 40 44 55 65 97 10 46 7 91 9 52 30 0 74 17 15 66 95 27 53 15 87 69 12 87 73 69 32 
87 87 76 86 76 58 6 41 23 4 11 43 71 96 74 69 55 78 74 17 99 69 22 84 91 95 49 94 84 62 30 37 44 42 80 67 3 8 26 41 79 97 42 87 66 58 19 89 60 59 62 19 77 29 84 53 96 22 15 79 68 66 22 40 40 43 16 99 54 96 28 41 25 88 74 0 54 56 57 42 2 81 3 51 46 19 87 94 19 87 
99 45 47 65 36 46 92 56 2 35 17 58 25 37 100 79 44 24 75 54 2 8 97 75 91 46 80 13 27 58 86 84 17 81 51 48 44 16 22 26 56 66 89 16 25 37 52 38 24 70 64 19 41 35 72 31 41 61 78 58 12 90 91 55 31 82 57 50 83 35 28 26 46 74 17 54 0 13 71 60 30 86 77 76 64 29 90 50 97 53 
46 8 55 22 44 53 54 54 46 66 25 14 90 67 11 66 63 86 87 83 11 82 23 12 93 71 85 23 56 99 88 77 22 96 1 60 11 33 33 94 86 92 37 72 61 47 55 13 76 15 85 23 44 83 67 60 74 88 66 83 60 8 23 69 54 27 36 84 77 86 42 31 11 89 15 56 13 0 88 21 21 71 74 77 27 67 78 8 70 80 
77 12 66 70 7 24 21 18 9 56 84 49 30 90 15 15 69 7 29 35 25 74 78 98 77 78 97 84 49 10 65 46 79 73 76 7 70 5 70 40 26 39 25 57 91 17 93 10 2 67 19 21 57 42 46 51 50 65 79 44 25 33 100 41 48 59 80 77 19 45 19 29 41 46 66 57 71 88 0 5 88 18 98 58 5 63 29 16 92 66 
67 90 32 71 78 69 12 71 59 41 92 84 30 66 27 94 19 49 63 93 21 82 44 91 56 40 3 47 51 66 13 38 70 24 66 99 66 59 72 74 97 8 68 42 27 77 65 87 49 25 1 59 27 10 4 17 91 45 74 88 46 54 9 95 10 63 40 98 67 8 60 60 78 25 95 42 60 21 5 0 93 67 81 21 56 30 70 9 69 90 
17 43 25 22 49 5 57 78 82 76 100 19 11 13 6 96 24 28 31 60 22 62 77 72 65 80 43 29 96 14 29 28 85 62 39 57 98 4 100 54 67 22 86 1 74 98 19 76 61 28 72 8 3 70 1 3 33 85 2 8 55 19 65 43 98 9 63 24 75 81 22 59 12 10 27 2 30 21 88 93 0 81 40 64 57 66 30 86 25 99 
82 12 97 13 45 85 63 6 43 16 50 97 58 40 20 69 47 62 74 32 80 8 60 87 31 20 100 25 42 7 62 42 49 48 1 61 45 3 32 4 71 97 34 88 45 30 44 64 92 27 16 33 1 75 46 51 46 64 94 45 65 10 59 83 40 13 66 81 37 48 60 100 36 50 53 81 86 71 18 67 81 0 18 82 38 35 79 96 39 41 
42 90 82 56 28 98 39 25 79 33 2 19 59 22 46 22 98 6 16 42 89 100 25 74 76 51 46 26 98 69 58 4 51 36 75 75 12 22 31 59 9 24 29 61 98 11 49 80 96 77 87 34 20 11 35 60 100 64 89 82 53 51 93 69 65 54 56 50 2 38 16 70 69 66 15 3 77 74 98 81 40 18 0 76 55 84 93 99 50 73 
97 72 21 100 26 22 36 23 86 54 47 1 75 90 67 49 9 36 90 42 92 53 15 51 11 69 11 46 62 71 84 43 41 53 8 33 44 13 35 9 38 76 48 44 38 35 99 3 10 56 91 4 61 81 44 96 20 9 11 96 52 26 18 42 18 91 58 20 91 23 81 53 9 16 87 51 76 77 58 21 64 82 76 0 71 58 54 40 18 74 
19 53 82 64 4 17 21 35 4 62 5 78 36 4 84 58 44 92 9 66 81 79 12 17 65 59 87 52 80 2 65 19 8 52 69 17 85 78 14 92 37 58 3 42 54 97 14 37 77 54 66 80 75 35 1 58 73 46 39 7 46 26 77 91 32 19 99 48 46 37 50 89 17 84 69 46 64 27 5 56 57 38 55 71 0 82 98 13 97 7 
55 58 33 36 58 74 32 14 30 6 80 33 7 100 45 59 6 66 81 7 72 87 75 4 29 85 96 100 1 85 70 36 59 18 56 4 58 87 46 15 46 35 55 59 32 26 29 15 83 68 51 34 87 1 92 36 30 86 75 20 1 56 2 33 11 1 34 6 52 83 44 7 97 96 12 19 29 67 63 30 66 35 84 58 82 0 31 26 92 7 
51 30 33 38 96 95 41 47 10 1 65 84 39 18 3 16 60 100 57 23 18 74 16 74 46 8 80 93 27 58 60 68 91 28 1 88 2 13 78 75 31 97 97 49 4 20 72 8 20 58 89 8 34 32 42 28 71 67 29 70 10 77 20 100 12 100 16 7 92 76 40 35 1 49 87 87 90 78 29 70 30 79 93 54 98 31 0 77 61 88 
14 77 83 55 6 77 96 44 85 41 34 88 9 58 51 76 87 45 92 58 31 34 19 33 20 2 53 83 62 1 69 79 70 5 2 90 84 63 64 57 26 13 80 78 74 11 48 59 9 86 34 45 2 91 56 31 58 92 30 35 17 71 2 84 14 16 61 79 81 72 97 31 5 49 73 94 50 8 16 9 86 96 99 40 13 26 77 0 66 96 
86 94 78 8 90 21 13 91 73 33 50 36 52 86 33 13 89 84 26 27 45 84 91 82 3 80 84 10 86 79 19 79 62 50 84 22 54 21 96 40 23 20 47 57 29 68 6 90 4 87 13 42 60 3 77 51 47 6 80 2 70 56 27 50 79 92 94 97 28 11 30 34 6 20 69 19 97 70 92 69 25 39 50 18 97 92 61 66 0 67 
61 35 38 69 23 26 88 66 12 66 54 41 20 32 61 64 24 67 28 98 13 71 48 91 53 38 18 10 53 59 46 62 59 44 30 92 15 31 77 26 49 100 22 67 3 10 70 74 61 46 76 59 9 6 80 34 20 84 12 1 45 86 75 28 53 64 80 22 89 95 77 14 93 53 32 87 53 80 66 90 99 41 73 74 7 7 88 96 67 0 
