60
0 62 30 22 52 55 4 95 7 41 17 56 67 75 78 38 79 95 81 71 36 90 24 59 32 67 52 95 48 95 91 82 8 20 55 60 27 58 54 85 98 71 40 65 97 70 54 75 64 35 97 51 24 21 9 55 39 12 1 87 
62 0 58 91 68 66 63 22 77 89 31 82 25 81 4 17 97 1 86 50 27 1 36 24 3 60 96 63 66 34 74 67 20 84 9 39 49 71 12 25 11 43 58 36 75 62 4 71 62 89 72 88 41 8 63 95 19 58 57 84 
30 58 0 44 82 2 63 65 11 54 65 33 65 41 44 59 99 31 33 60 34 55 73 74 79 12 66 38 75 60 56 84 68 91 27 49 45 42 66 55 95 30 39 11 23 82 70 21 64 54 32 49 61 56 74 91 67 39 28 41 
22 91 44 0 50 35 25 17 25 51 66 21 92 83 75 38 64 14 49 86 47 70 58 63 23 89 63 35 44 37 25 63 27 4 3 77 38 79 93 15 82 10 35 25 92 62 63 8 27 63 93 25 32 51 87 6 91 50 41 87 
52 68 82 50 0 38 17 49 64 21 51 92 58 82 85 24 63 46 59 39 90 72 1 97 98 63 89 74 46 91 61 52 82 62 44 68 51 60 16 14 80 18 58 90 51 42 13 13 39 23 52 28 94 4 76 43 19 17 17 64 
55 66 2 35 38 0 7 29 67 40 42 10 7 92 70 74 57 1 44 14 90 94 7 55 59 46 29 62 25 75 65 1 17 35 17 85 51 75 13 17 15 54 27 73 97 96 99 54 48 42 67 90 35 26 44 45 71 72 6 47 
4 63 63 25 17 7 0 98 71 47 15 57 15 99 7 42 64 24 8 69 50 80 66 97 30 19 44 71 37 85 58 14 28 2 84 52 60 83 49 82 81 15 38 96 66 45 89 29 20 96 97 69 27 14 17 57 32 12 79 21 
95 22 65 17 49 29 98 0 97 88 34 76 42 70 79 1 52 28 82 32 94 19 79 59 15 19 39 34 14 36 54 93 49 22 1 33 34 79 5 82 19 90 57 60 11 36 12 14 15 93 98 60 63 28 19 78 47 57 63 12 
7 77 11 25 64 67 71 97 0 44 69 56 45 90 56 29 75 87 85 56 5 74 65 16 37 52 27 50 66 71 47 25 33 75 95 62 73 52 25 84 47 93 40 91 34 47 71 9 33 55 64 89 81 28 56 17 79 82 18 96 
41 89 54 51 21 40 47 88 44 0 52 65 73 85 91 67 98 15 70 22 50 69 66 41 11 100 88 82 60 72 36 23 13 16 3 68 84 33 50 2 29 53 18 53 89 60 71 87 74 93 60 75 61 78 16 71 29 55 52 88 
17 31 65 66 51 42 15 34 69 52 0 26 40 10 90 7 64 58 43 97 59 44 77 11 13 29 52 72 51 38 97 43 49 71 55 26 38 26 6 92 29 93 70 20 55 59 79 18 68 21 14 26 64 42 89 76 70 40 99 73 
56 82 33 21 92 10 57 76 56 65 26 0 29 47 15 29 69 70 55 7 47 60 50 27 5 71 99 59 82 77 76 49 97 42 27 12 83 67 39 5 6 37 77 86 83 43 14 51 64 20 9 62 32 59 41 36 29 39 46 10 
67 25 65 92 58 7 15 42 45 73 40 29 0 15 21 11 11 14 37 74 49 3 12 5 60 48 33 97 82 75 10 84 91 82 45 4 65 3 44 100 83 82 45 45 48 17 55 10 83 43 83 31 45 94 35 56 93 19 52 26 
75 81 41 83 82 92 99 70 90 85 10 47 15 0 45 13 10 35 46 54 91 10 8 34 9 42 68 5 86 67 74 40 77 8 34 11 38 78 57 24 33 49 42 36 75 86 49 36 73 94 41 63 4 100 48 64 41 15 21 79 
78 4 44 75 85 70 7 79 56 91 90 15 21 45 0 34 46 70 10 53 4 72 42 81 28 17 66 29 10 53 55 47 1 42 71 47 82 33 2 33 33 17 25 99 89 3 32 34 73 93 38 76 65 79 8 44 95 25 72 56 
38 17 59 38 24 74 42 1 29 67 7 29 11 13 34 0 78 26 3 30 67 73 28 100 58 29 84 90 98 9 88 86 11 72 72 35 64 9 62 28 88 70 72 34 46 95 42 23 21 44 5 39 68 32 39 25 13 22 66 10 
79 97 99 64 63 57 64 52 75 98 64 69 11 10 46 78 0 82 6 47 45 77 18 79 40 27 41 20 66 62 43 51 59 37 92 34 9 87 38 48 7 21 38 31 33 11 49 94 93 54 93 89 82 62 67 73 40 59 92 57 
95 1 31 14 46 1 24 28 87 15 58 70 14 35 70 26 82 0 72 86 8 31 75 51 64 35 90 53 34 96 73 71 78 58 34 78 3 78 31 95 66 12 57 32 37 48 43 28 5 14 66 12 96 40 14 59 26 55 11 60 
81 86 33 49 59 44 8 82 85 70 43 55 37 46 10 3 6 72 0 2 36 30 80 93 15 57 47 92 40 94 57 3 2 41 39 49 35 19 53 100 84 16 96 75 82 6 100 36 69 59 38 4 41 69 48 55 77 94 99 16 
71 50 60 86 39 14 69 32 56 22 97 7 74 54 53 30 47 86 2 0 87 7 71 40 99 61 89 33 79 41 33 14 57 28 40 38 85 40 25 53 50 14 56 42 82 55 49 59 49 47 26 87 53 48 27 52 9 67 84 39 
36 27 34 47 90 90 50 94 5 50 59 47 49 91 4 67 45 8 36 87 0 7 68 53 15 47 44 4 32 35 29 84 85 94 92 78 76 46 26 86 46 72 63 33 25 63 11 28 71 77 63 61 35 31 65 50 29 9 5 60 
90 1 55 70 72 94 80 19 74 69 44 60 3 10 72 73 77 31 30 7 7 0 43 33 44 79 27 35 57 54 80 82 91 78 6 5 10 82 67 72 9 89 100 23 50 34 5 14 35 34 22 40 93 17 24 88 95 2 22 3 
24 36 73 58 1 7 66 79 65 66 77 50 12 8 42 28 18 75 80 71 68 43 0 7 54 37 97 31 42 2 92 75 68 15 35 57 14 57 58 99 62 71 86 95 45 25 39 61 100 27 7 2 100 10 8 53 98 57 35 91 
59 24 74 63 97 55 97 59 16 41 11 27 5 34 81 100 79 51 93 40 53 33 7 0 58 78 65 77 44 99 85 9 7 42 8 20 65 45 14 9 69 5 21 68 31 27 21 30 88 29 35 85 37 21 75 94 99 91 22 42 
32 3 79 23 98 59 30 15 37 11 13 5 60 9 28 58 40 64 15 99 15 44 54 58 0 89 59 51 48 100 10 67 64 54 33 24 74 37 44 93 67 71 14 48 10 94 82 95 30 3 21 75 53 12 48 46 100 6 48 99 
67 60 12 89 63 46 19 19 52 100 29 71 48 42 17 29 27 35 57 61 47 79 37 78 89 0 58 57 66 21 62 50 97 87 86 40 80 4 62 45 51 24 38 85 18 19 87 38 93 91 49 40 36 1 98 84 99 55 92 16 
52 96 66 63 89 29 44 39 27 88 52 99 33 68 66 84 41 90 47 89 44 27 97 65 59 58 0 27 6 17 23 92 2 15 23 57 28 67 60 51 56 44 68 74 82 58 18 24 58 10 59 58 7 94 9 61 38 76 39 43 
95 63 38 35 74 62 71 34 50 82 72 59 97 5 29 90 20 53 92 33 4 35 31 77 51 57 27 0 93 62 86 46 28 61 3 55 27 14 58 35 9 77 60 42 34 78 65 92 39 75 1 97 69 61 9 6 37 47 100 29 
48 66 75 44 46 25 37 14 66 60 51 82 82 86 10 98 66 34 40 79 32 57 42 44 48 66 6 93 0 60 85 26 87 45 80 94 24 93 51 10 1 27 69 94 13 98 58 56 36 33 8 32 53 69 40 58 5 39 9 85 
95 34 60 37 91 75 85 36 71 72 38 77 75 67 53 9 62 96 94 41 35 54 2 99 100 21 17 62 60 0 98 45 10 85 42 90 78 65 34 80 74 87 58 94 80 22 92 90 77 27 22 37 11 26 5 2 35 61 40 43 
91 74 56 25 61 65 58 54 47 36 97 76 10 74 55 88 43 73 57 33 29 80 92 85 10 62 23 86 85 98 0 97 38 87 58 74 28 47 3 44 33 82 69 19 91 15 50 13 6 39 41 32 12 77 94 37 81 96 71 93 
82 67 84 63 52 1 14 93 25 23 43 49 84 40 47 86 51 71 3 14 84 82 75 9 67 50 92 46 26 45 97 0 87 13 89 24 52 47 49 31 45 51 27 29 84 47 47 75 61 97 87 66 87 79 50 99 56 95 35 88 
8 20 68 27 82 17 28 49 33 13 49 97 91 77 1 11 59 78 2 57 85 91 68 7 64 97 2 28 87 10 38 87 0 90 58 81 77 70 21 52 73 19 1 56 64 3 82 92 39 28 91 13 41 39 51 58 25 29 7 75 
20 84 91 4 62 35 2 22 75 16 71 42 82 8 42 72 37 58 41 28 94 78 15 42 54 87 15 61 45 85 87 13 90 0 36 54 62 24 43 19 4 71 40 76 75 13 95 27 68 10 29 1 53 19 80 43 31 20 33 33 
55 9 27 3 44 17 84 1 95 3 55 27 45 34 71 72 92 34 39 40 92 6 35 8 33 86 23 3 80 42 58 89 58 36 0 78 10 14 36 84 49 89 45 72 84 63 27 6 55 3 80 67 97 58 86 58 39 86 10 57 
60 39 49 77 68 85 52 33 62 68 26 12 4 11 47 35 34 78 49 38 78 5 57 20 24 40 57 55 94 90 74 24 81 54 78 0 65 5 88 37 37 72 66 98 85 53 34 34 94 78 57 29 93 84 34 47 38 66 65 34 
27 49 45 38 51 51 60 34 73 84 38 83 65 38 82 64 9 3 35 85 76 10 14 65 74 80 28 27 24 78 28 52 77 62 10 65 0 23 50 43 61 87 52 18 3 56 57 91 45 28 56 42 65 61 75 50 54 5 6 82 
58 71 42 79 60 75 83 79 52 33 26 67 3 78 33 9 87 78 19 40 46 82 57 45 37 4 67 14 93 65 47 47 70 24 14 5 23 0 49 41 67 47 78 32 11 63 55 12 5 67 50 57 84 4 64 40 95 60 20 2 
54 12 66 93 16 13 49 5 25 50 6 39 44 57 2 62 38 31 53 25 26 67 58 14 44 62 60 58 51 34 3 49 21 43 36 88 50 49 0 2 84 62 28 33 15 84 90 48 32 31 15 30 8 46 92 71 52 55 27 19 
85 25 55 15 14 17 82 82 84 2 92 5 100 24 33 28 48 95 100 53 86 72 99 9 93 45 51 35 10 80 44 31 52 19 84 37 43 41 2 0 4 35 54 8 99 46 2 58 65 3 11 100 17 91 84 31 74 73 79 58 
98 11 95 82 80 15 81 19 47 29 29 6 83 33 33 88 7 66 84 50 46 9 62 69 67 51 56 9 1 74 33 45 73 4 49 37 61 67 84 4 0 3 45 87 63 90 79 85 94 33 11 64 89 46 17 48 96 62 49 5 
71 43 30 10 18 54 15 90 93 53 93 37 82 49 17 70 21 12 16 14 72 89 71 5 71 24 44 77 27 87 82 51 19 71 89 72 87 47 62 35 3 0 78 3 16 29 71 6 12 2 31 37 32 88 39 28 27 53 69 5 
40 58 39 35 58 27 38 57 40 18 70 77 45 42 25 72 38 57 96 56 63 100 86 21 14 38 68 60 69 58 69 27 1 40 45 66 52 78 28 54 45 78 0 37 62 89 100 25 77 97 94 24 92 55 24 48 85 79 63 13 
65 36 11 25 90 73 96 60 91 53 20 86 45 36 99 34 31 32 75 42 33 23 95 68 48 85 74 42 94 94 19 29 56 76 72 98 18 32 33 8 87 3 37 0 49 20 77 2 3 13 85 90 3 12 16 56 81 72 44 42 
97 75 23 92 51 97 66 11 34 89 55 83 48 75 89 46 33 37 82 82 25 50 45 31 10 18 82 34 13 80 91 84 64 75 84 85 3 11 15 99 63 16 62 49 0 61 43 19 89 39 12 65 82 18 40 30 2 18 44 67 
70 62 82 62 42 96 45 36 47 60 59 43 17 86 3 95 11 48 6 55 63 34 25 27 94 19 58 78 98 22 15 47 3 13 63 53 56 63 84 46 90 29 89 20 61 0 19 16 43 72 18 7 57 59 9 68 27 64 48 98 
54 4 70 63 13 99 89 12 71 71 79 14 55 49 32 42 49 43 100 49 11 5 39 21 82 87 18 65 58 92 50 47 82 95 27 34 57 55 90 2 79 71 100 77 43 19 0 60 42 10 2 60 51 93 71 15 26 40 6 55 
75 71 21 8 13 54 29 14 9 87 18 51 10 36 34 23 94 28 36 59 28 14 61 30 95 38 24 92 56 90 13 75 92 27 6 34 91 12 48 58 85 6 25 2 19 16 60 0 42 24 51 60 94 18 54 65 35 60 21 45 
64 62 64 27 39 48 20 15 33 74 68 64 83 73 73 21 93 5 69 49 71 35 100 88 30 93 58 39 36 77 6 61 39 68 55 94 45 5 32 65 94 12 77 3 89 43 42 42 0 68 41 71 84 40 21 95 81 82 96 92 
35 89 54 63 23 42 96 93 55 93 21 20 43 94 93 44 54 14 59 47 77 34 27 29 3 91 10 75 33 27 39 97 28 10 3 78 28 67 31 3 33 2 97 13 39 72 10 24 68 0 32 40 14 98 66 54 4 72 47 79 
97 72 32 93 52 67 97 98 64 60 14 9 83 41 38 5 93 66 38 26 63 22 7 35 21 49 59 1 8 22 41 87 91 29 80 57 56 50 15 11 11 31 94 85 12 18 2 51 41 32 0 74 6 24 91 59 88 77 70 61 
51 88 49 25 28 90 69 60 89 75 26 62 31 63 76 39 89 12 4 87 61 40 2 85 75 40 58 97 32 37 32 66 13 1 67 29 42 57 30 100 64 37 24 90 65 7 60 60 71 40 74 0 22 89 1 44 72 40 64 18 
24 41 61 32 94 35 27 63 81 61 64 32 45 4 65 68 82 96 41 53 35 93 100 37 53 36 7 69 53 11 12 87 41 53 97 93 65 84 8 17 89 32 92 3 82 57 51 94 84 14 6 22 0 73 98 14 64 29 5 78 
21 8 56 51 4 26 14 28 28 78 42 59 94 100 79 32 62 40 69 48 31 17 10 21 12 1 94 61 69 26 77 79 39 19 58 84 61 4 46 91 46 88 55 12 18 59 93 18 40 98 24 89 73 0 27 70 31 82 94 77 
9 63 74 87 76 44 17 19 56 16 89 41 35 48 8 39 67 14 48 27 65 24 8 75 48 98 9 9 40 5 94 50 51 80 86 34 75 64 92 84 17 39 24 16 40 9 71 54 21 66 91 1 98 27 0 60 67 34 83 10 
55 95 91 6 43 45 57 78 17 71 76 36 56 64 44 25 73 59 55 52 50 88 53 94 46 84 61 6 58 2 37 99 58 43 58 47 50 40 71 31 48 28 48 56 30 68 15 65 95 54 59 44 14 70 60 0 92 22 86 61 
39 19 67 91 19 71 32 47 79 29 70 29 93 41 95 13 40 26 77 9 29 95 98 99 100 99 38 37 5 35 81 56 25 31 39 38 54 95 52 74 96 27 85 81 2 27 26 35 81 4 88 72 64 31 67 92 0 34 59 49 
12 58 39 50 17 72 12 57 82 55 40 39 19 15 25 22 59 55 94 67 9 2 57 91 6 55 76 47 39 61 96 95 29 20 86 66 5 60 55 73 62 53 79 72 18 64 40 60 82 72 77 40 29 82 34 22 34 0 86 3 
1 57 28 41 17 6 79 63 18 52 99 46 52 21 72 66 92 11 99 84 5 22 35 22 48 92 39 100 9 40 71 35 7 33 10 65 6 20 27 79 49 69 63 44 44 48 6 21 96 47 70 64 5 94 83 86 59 86 0 73 
87 84 41 87 64 47 21 12 96 88 73 10 26 79 56 10 57 60 16 39 60 3 91 42 99 16 43 29 85 43 93 88 75 33 57 34 82 2 19 58 5 5 13 42 67 98 55 45 92 79 61 18 78 77 10 61 49 3 73 0 
