100
0 48 96 70 71 62 7 94 75 4 6 87 23 43 66 48 93 99 48 84 11 65 27 23 79 61 68 73 86 79 76 66 79 23 35 49 36 41 42 10 44 100 48 66 42 14 66 34 12 65 17 22 82 96 97 60 56 16 32 93 95 59 58 73 82 93 73 69 33 67 79 77 66 26 94 59 91 11 93 55 28 61 76 9 56 24 68 11 92 100 3 86 58 13 10 91 5 34 60 37 
48 0 100 90 65 17 67 11 76 58 21 20 12 48 80 39 8 88 63 76 50 6 27 5 91 36 17 52 27 21 37 38 57 89 79 74 5 45 84 80 2 56 99 65 4 31 56 11 70 70 38 19 75 64 23 17 100 39 68 78 59 56 67 68 44 45 41 49 41 76 80 95 31 31 59 86 13 14 49 82 83 38 100 57 2 23 73 53 61 92 82 72 100 100 39 43 44 31 43 36 
96 100 0 58 23 30 88 5 41 26 17 54 26 98 89 63 97 97 16 71 22 68 32 65 1 55 64 100 93 7 95 75 49 31 32 23 60 71 27 100 48 43 6 73 40 46 36 89 42 3 59 63 71 42 80 23 48 43 23 92 1 17 66 2 99 49 24 59 72 3 10 19 45 67 44 37 12 31 77 54 33 87 68 55 81 99 78 28 42 100 20 42 68 37 95 67 86 19 77 9 
70 90 58 0 21 38 27 17 5 22 5 16 52 81 21 85 68 89 39 48 87 68 27 80 67 46 74 87 35 68 5 20 38 81 80 10 18 58 27 22 80 31 90 31 64 10 67 31 98 6 30 37 73 8 68 92 54 41 30 88 61 34 59 98 66 90 8 35 47 86 9 26 16 98 57 31 7 23 61 57 80 42 45 5 50 64 48 55 5 77 94 65 62 4 14 79 93 73 65 91 
71 65 23 21 0 58 73 17 26 22 25 56 81 99 69 89 79 62 85 35 63 48 82 17 52 10 62 68 71 17 34 1 61 6 65 52 64 90 68 41 11 92 96 43 90 64 31 20 26 15 54 88 15 87 57 18 96 70 38 18 87 71 70 99 76 35 50 91 76 69 31 86 12 79 81 54 42 63 73 19 78 79 59 44 65 15 61 13 36 98 82 74 68 52 73 96 86 74 38 61 
62 17 30 38 58 0 43 21 98 54 99 30 7 92 93 32 63 70 10 21 65 26 87 25 90 22 23 72 48 42 23 20 89 60 93 27 72 87 99 21 41 97 51 99 40 43 30 2 64 91 74 28 69 60 52 10 34 26 81 81 68 55 52 56 66 96 34 37 83 32 58 75 80 8 25 20 2 55 73 65 97 47 92 17 58 95 27 91 21 59 23 88 14 74 95 79 22 81 68 56 
7 67 88 27 73 43 0 12 25 30 92 84 6 63 85 12 35 49 9 33 92 77 91 86 3 81 6 14 56 45 27 29 92 57 2 72 24 57 83 48 38 26 83 44 40 67 55 27 67 15 59 58 92 1 96 46 34 1 59 89 98 37 69 89 94 71 12 17 79 46 17 17 72 51 12 63 70 66 89 36 33 48 46 76 100 41 21 33 93 32 21 90 20 90 30 13 12 41 82 90 
94 11 5 17 17 21 12 0 87 50 6 10 100 17 72 69 35 13 57 67 12 2 94 11 94 14 44 86 97 16 76 17 57 57 81 68 50 14 10 88 63 67 97 15 36 20 83 70 32 91 88 43 92 81 54 37 46 49 23 95 64 50 63 21 6 43 40 55 57 49 94 71 16 90 85 51 62 20 72 93 10 59 88 54 91 93 90 88 41 12 82 56 13 44 76 19 39 16 25 95 
75 76 41 5 26 98 25 87 0 16 19 17 31 60 2 33 21 21 4 66 82 14 5 87 4 97 77 92 37 40 25 92 53 21 20 23 59 87 99 5 2 69 21 85 29 74 17 1 94 21 18 28 86 22 14 90 18 42 33 6 82 57 50 86 77 21 8 87 7 58 91 60 27 12 44 7 85 13 59 31 85 77 10 70 50 23 59 20 65 43 77 98 52 26 83 80 98 42 67 4 
4 58 26 22 22 54 30 50 16 0 99 57 16 25 20 11 31 57 23 90 39 7 18 48 77 67 22 87 86 38 30 63 35 81 40 17 60 38 58 78 93 57 87 60 33 6 71 16 14 93 5 4 52 74 51 28 40 25 66 78 62 95 92 49 27 31 65 39 20 75 16 65 83 2 24 67 60 46 82 25 39 38 29 42 11 31 69 3 55 86 80 69 33 71 17 59 53 33 49 73 
6 21 17 5 25 99 92 6 19 99 0 7 17 89 41 70 64 8 81 10 89 6 48 79 34 41 89 64 9 91 71 46 70 39 78 92 55 89 45 39 37 69 98 5 57 38 75 72 97 7 81 38 12 80 16 97 20 4 13 80 47 83 26 68 73 3 60 27 91 56 17 80 24 14 84 32 52 10 3 100 17 84 37 80 63 4 77 35 60 89 14 6 23 39 73 95 42 84 73 84 
87 20 54 16 56 30 84 10 17 57 7 0 39 89 15 14 3 51 45 6 12 100 57 80 35 46 60 49 49 88 83 8 28 97 65 50 87 38 96 80 21 20 16 12 8 30 25 62 80 22 19 92 21 76 71 7 73 82 7 21 69 90 81 48 38 45 49 76 34 44 56 7 15 71 18 23 100 42 36 32 63 55 75 83 82 45 41 54 79 48 26 99 89 6 47 78 3 95 53 36 
23 12 26 52 81 7 6 100 31 16 17 39 0 91 8 42 5 30 59 79 82 1 67 13 15 73 87 50 6 83 90 59 61 89 36 60 77 94 58 54 96 4 7 83 46 66 25 3 48 35 81 29 87 99 41 2 71 79 51 76 61 40 86 74 29 22 85 57 67 42 11 62 97 69 44 43 86 20 45 33 55 77 13 93 76 5 94 46 83 44 74 96 36 11 21 16 32 5 72 98 
43 48 98 81 99 92 63 17 60 25 89 89 91 0 98 34 11 94 54 7 88 40 26 32 24 32 9 37 25 36 41 70 33 76 14 6 71 1 17 43 16 100 47 87 50 96 73 12 41 26 18 29 65 96 60 41 27 20 29 3 55 69 73 40 96 38 97 18 38 13 60 53 65 58 91 66 53 63 77 94 89 47 22 5 42 33 45 68 53 25 23 59 94 95 50 41 32 47 59 69 
66 80 89 21 69 93 85 72 2 20 41 15 8 98 0 59 18 73 75 76 63 40 28 78 69 73 18 15 46 22 56 79 19 75 83 43 97 93 88 43 43 29 26 89 87 46 99 4 18 26 31 33 65 59 10 85 83 27 99 29 100 6 7 18 33 41 13 29 33 100 24 27 80 49 15 18 95 66 74 64 91 4 96 7 14 57 92 97 35 42 25 35 100 83 4 32 75 16 12 59 
48 39 63 85 89 32 12 69 33 11 70 14 42 34 59 0 68 35 86 99 84 52 17 30 69 90 93 59 93 41 66 7 97 9 55 32 50 79 66 1 13 21 32 39 37 44 97 56 78 34 54 13 86 70 94 54 59 87 65 4 27 82 62 75 90 16 6 91 46 23 92 10 44 23 48 32 18 44 87 48 78 92 12 15 14 6 20 24 44 36 27 22 17 88 96 6 55 54 97 100 
93 8 97 68 79 63 35 35 21 31 64 3 5 11 18 68 0 76 40 9 71 14 56 2 32 52 40 31 81 32 42 95 45 99 66 68 42 2 47 63 18 86 11 76 41 64 24 92 39 63 1 62 28 8 63 11 59 55 41 91 38 35 37 34 33 3 53 75 56 99 89 25 37 99 100 77 62 75 68 53 89 20 14 17 80 28 27 90 34 20 81 71 54 17 4 86 71 57 12 26 
99 88 97 89 62 70 49 13 21 57 8 51 30 94 73 35 76 0 7 1 3 43 51 54 71 13 29 91 17 17 10 82 33 41 9 12 31 43 31 11 65 36 79 69 73 50 77 85 27 35 37 29 78 87 83 100 51 11 90 67 27 52 100 12 92 9 23 22 3 5 84 19 40 63 39 12 12 15 48 38 50 84 19 79 23 1 78 73 63 20 92 41 71 91 52 14 51 26 88 5 
48 63 16 39 85 10 9 57 4 23 81 45 59 54 75 86 40 7 0 30 71 76 21 85 14 85 96 29 84 86 30 20 4 60 42 56 89 66 70 8 9 10 30 52 14 96 54 39 83 11 21 5 86 93 90 99 29 85 79 13 22 8 84 77 19 25 84 8 42 53 67 3 15 97 54 28 92 59 18 26 69 90 30 54 83 19 5 63 56 83 27 29 43 10 6 13 86 89 20 28 
84 76 71 48 35 21 33 67 66 90 10 6 79 7 76 99 9 1 30 0 42 87 30 56 35 35 35 78 93 52 55 14 42 84 67 76 55 23 38 10 58 65 90 100 26 95 12 12 84 84 39 77 22 20 84 8 6 18 85 98 21 39 11 14 74 30 89 80 52 79 41 9 95 31 60 20 25 24 31 60 59 21 36 80 92 71 39 97 40 23 95 61 13 57 74 38 86 15 18 90 
11 50 22 87 63 65 92 12 82 39 89 12 82 88 63 84 71 3 71 42 0 45 58 50 39 88 62 10 13 37 93 24 95 65 60 26 57 82 64 53 22 38 99 34 2 8 7 39 45 73 8 34 17 66 36 55 53 49 17 17 85 9 41 31 73 52 8 29 33 23 34 6 60 84 39 13 91 98 51 36 70 59 21 87 76 56 41 80 56 9 97 40 17 89 22 90 92 29 70 24 
65 6 68 68 48 26 77 2 14 7 6 100 1 40 40 52 14 43 76 87 45 0 51 3 82 62 39 20 74 29 17 77 64 87 87 85 73 62 92 65 41 48 74 89 39 42 77 13 31 68 41 53 44 44 7 77 57 45 96 31 74 65 59 89 51 45 25 75 6 69 91 46 68 16 87 58 58 63 70 40 83 63 44 78 58 51 54 14 47 1 96 72 65 54 61 67 98 37 41 55 
27 27 32 27 82 87 91 94 5 18 48 57 67 26 28 17 56 51 21 30 58 51 0 5 84 53 24 51 39 82 8 53 3 100 35 65 43 64 74 45 69 40 92 70 35 15 34 41 75 53 90 64 93 45 20 28 97 44 79 87 77 38 39 31 89 26 48 84 89 21 28 58 60 71 79 47 38 64 39 12 16 28 27 61 24 47 88 72 42 18 58 70 56 49 100 96 74 47 79 14 
23 5 65 80 17 25 86 11 87 48 79 80 13 32 78 30 2 54 85 56 50 3 5 0 20 59 71 31 81 1 77 18 65 67 82 80 95 8 40 70 6 80 42 99 97 51 68 4 99 20 52 24 18 30 38 37 40 60 20 21 61 96 38 77 63 71 56 9 31 48 30 36 79 71 35 75 74 54 31 24 25 82 48 43 63 37 31 3 96 50 75 8 98 12 84 60 35 92 20 65 
79 91 1 67 52 90 3 94 4 77 34 35 15 24 69 69 32 71 14 35 39 82 84 20 0 39 49 100 17 72 86 43 97 92 25 72 16 58 71 58 73 7 41 75 3 90 49 62 87 12 46 98 46 37 69 62 27 18 62 95 41 99 37 37 90 14 8 58 71 79 67 43 37 7 69 91 49 69 53 35 81 50 85 78 86 53 40 64 70 53 58 62 3 46 50 93 59 10 2 82 
61 36 55 46 10 22 81 14 97 67 41 46 73 32 73 90 52 13 85 35 88 62 53 59 39 0 40 68 76 76 27 45 67 75 13 71 61 45 20 45 75 57 98 66 20 19 18 29 81 20 74 82 64 33 91 65 66 30 85 41 6 63 37 24 37 2 46 97 98 65 42 72 73 91 37 92 9 6 72 41 26 45 23 41 29 13 58 94 95 42 87 52 56 23 75 92 76 20 40 74 
68 17 64 74 62 23 6 44 77 22 89 60 87 9 18 93 40 29 96 35 62 39 24 71 49 40 0 36 81 97 8 71 34 51 32 91 74 72 68 18 94 9 47 59 66 92 53 59 30 4 14 5 78 57 80 49 96 5 36 77 2 95 99 87 97 30 77 70 54 45 87 47 5 85 5 70 29 57 80 58 60 45 14 89 1 94 89 96 98 76 24 51 70 75 37 66 56 66 87 9 
73 52 100 87 68 72 14 86 92 87 64 49 50 37 15 59 31 91 29 78 10 20 51 31 100 68 36 0 62 74 8 66 10 12 87 90 21 18 100 32 62 13 21 14 6 61 61 56 37 37 58 58 11 95 24 18 12 10 27 73 35 34 90 97 97 76 86 17 93 37 1 6 50 73 19 7 33 79 14 21 15 72 79 77 18 54 95 29 63 21 53 50 6 42 98 2 69 83 71 61 
86 27 93 35 71 48 56 97 37 86 9 49 6 25 46 93 81 17 84 93 13 74 39 81 17 76 81 62 0 72 71 66 21 43 36 79 27 14 93 48 81 64 26 57 33 79 51 13 93 23 65 94 80 58 91 34 26 26 56 38 97 26 55 69 20 90 47 46 3 39 45 35 54 22 92 86 100 94 50 45 69 66 90 100 23 81 33 48 6 88 37 54 65 91 22 84 80 68 82 35 
79 21 7 68 17 42 45 16 40 38 91 88 83 36 22 41 32 17 86 52 37 29 82 1 72 76 97 74 72 0 59 26 69 12 48 12 50 99 58 51 95 26 17 85 25 39 17 10 39 74 97 75 27 62 66 48 97 97 67 78 31 77 56 52 89 55 63 90 5 20 92 52 97 8 36 22 47 4 31 37 77 79 63 3 40 28 2 89 77 20 18 7 97 73 58 37 79 73 78 84 
76 37 95 5 34 23 27 76 25 30 71 83 90 41 56 66 42 10 30 55 93 17 8 77 86 27 8 8 71 59 0 92 69 35 41 77 22 62 75 77 44 63 53 22 25 7 14 5 8 2 81 79 19 39 75 44 49 63 22 21 40 57 64 61 43 4 37 16 17 63 92 60 77 44 34 1 2 47 5 9 100 37 40 18 76 66 13 24 29 35 96 68 43 11 28 86 15 16 53 83 
66 38 75 20 1 20 29 17 92 63 46 8 59 70 79 7 95 82 20 14 24 77 53 18 43 45 71 66 66 26 92 0 30 45 43 6 40 28 59 42 74 63 2 25 52 41 94 79 59 7 54 87 93 49 6 35 11 86 72 25 53 77 60 83 21 54 40 12 81 98 53 6 13 7 30 64 99 23 42 57 29 47 95 73 95 1 60 57 86 83 82 38 59 93 72 31 46 12 43 26 
79 57 49 38 61 89 92 57 53 35 70 28 61 33 19 97 45 33 4 42 95 64 3 65 97 67 34 10 21 69 69 30 0 9 47 31 21 53 60 36 4 34 77 60 15 23 55 87 69 7 46 26 92 29 59 81 39 51 5 70 48 16 12 73 24 10 3 97 63 14 32 18 47 61 29 13 35 35 100 56 41 97 33 84 77 43 65 16 45 69 85 92 36 48 64 11 57 18 7 71 
23 89 31 81 6 60 57 57 21 81 39 97 89 76 75 9 99 41 60 84 65 87 100 67 92 75 51 12 43 12 35 45 9 0 31 91 88 29 51 69 42 85 3 93 92 44 89 24 27 18 66 43 33 10 63 69 1 98 68 16 9 24 33 67 47 15 57 86 96 59 54 89 44 57 81 87 100 21 11 26 38 28 21 22 38 83 42 90 33 9 58 93 33 90 59 79 57 68 64 4 
35 79 32 80 65 93 2 81 20 40 78 65 36 14 83 55 66 9 42 67 60 87 35 82 25 13 32 87 36 48 41 43 47 31 0 26 18 92 69 26 24 8 25 44 18 2 34 45 22 55 34 57 97 76 89 5 33 81 89 74 91 19 82 58 35 85 84 4 76 4 29 99 11 53 43 80 54 28 25 28 82 10 84 30 85 24 87 69 56 75 43 46 46 24 4 80 9 39 83 36 
49 74 23 10 52 27 72 68 23 17 92 50 60 6 43 32 68 12 56 76 26 85 65 80 72 71 91 90 79 12 77 6 31 91 26 0 42 11 35 5 15 29 84 20 56 60 47 89 70 82 19 6 57 57 75 12 31 69 10 76 44 65 7 4 3 89 40 96 51 26 100 17 54 84 37 61 43 35 1 64 69 71 70 25 27 96 89 10 16 98 37 59 14 44 63 16 84 54 63 35 
36 5 60 18 64 72 24 50 59 60 55 87 77 71 97 50 42 31 89 55 57 73 43 95 16 61 74 21 27 50 22 40 21 88 18 42 0 79 63 51 84 98 39 96 40 74 96 56 94 67 77 70 45 72 58 54 39 7 91 97 20 86 11 87 69 64 50 55 94 64 58 77 61 96 72 52 21 20 7 14 86 83 36 82 6 93 36 96 52 78 45 71 63 55 10 31 71 59 38 64 
41 45 71 58 90 87 57 14 87 38 89 38 94 1 93 79 2 43 66 23 82 62 64 8 58 45 72 18 14 99 62 28 53 29 92 11 79 0 22 95 93 34 90 64 85 63 35 44 28 72 78 63 54 84 56 41 31 59 18 75 29 32 30 38 14 52 48 51 67 21 45 59 54 87 75 91 49 9 34 28 81 11 91 34 46 98 74 77 56 43 51 84 74 32 74 39 35 73 90 2 
42 84 27 27 68 99 83 10 99 58 45 96 58 17 88 66 47 31 70 38 64 92 74 40 71 20 68 100 93 58 75 59 60 51 69 35 63 22 0 94 86 60 99 72 86 89 72 95 22 100 27 33 90 12 78 39 37 6 94 31 57 29 4 40 54 42 75 27 83 76 72 69 87 70 92 73 59 64 19 32 15 97 64 56 8 94 94 96 51 39 26 59 67 81 99 21 74 25 99 57 
10 80 100 22 41 21 48 88 5 78 39 80 54 43 43 1 63 11 8 10 53 65 45 70 58 45 18 32 48 51 77 42 36 69 26 5 51 95 94 0 100 70 77 38 39 68 62 49 83 80 81 49 28 96 4 35 41 49 82 44 87 7 2 54 87 100 26 61 76 24 69 27 93 45 65 83 64 26 84 99 58 16 47 85 11 51 72 4 99 5 47 38 12 100 91 50 52 16 10 27 
44 2 48 80 11 41 38 63 2 93 37 21 96 16 43 13 18 65 9 58 22 41 69 6 73 75 94 62 81 95 44 74 4 42 24 15 84 93 86 100 0 91 30 54 35 74 18 17 90 95 52 88 4 67 34 41 30 36 64 85 87 68 83 24 79 82 14 29 33 81 90 60 23 20 13 57 45 82 25 34 76 77 73 32 95 59 72 24 94 35 8 80 54 90 55 85 24 20 13 56 
100 56 43 31 92 97 26 67 69 57 69 20 4 100 29 21 86 36 10 65 38 48 40 80 7 57 9 13 64 26 63 63 34 85 8 29 98 34 60 70 91 0 52 54 15 74 25 79 30 70 60 55 55 88 83 80 19 77 38 42 1 83 28 60 15 81 2 69 65 25 89 29 32 40 35 47 14 59 25 95 80 37 1 35 24 83 66 94 60 3 87 12 85 14 23 99 46 76 20 63 
48 99 6 90 96 51 83 97 21 87 98 16 7 47 26 32 11 79 30 90 99 74 92 42 41 98 47 21 26 17 53 2 77 3 25 84 39 90 99 77 30 52 0 52 8 91 84 99 25 82 64 36 58 11 15 94 11 1 69 94 66 62 5 20 100 68 57 13 90 55 11 18 26 73 69 85 15 4 84 40 85 99 27 43 9 41 88 20 42 57 65 59 70 69 79 70 36 35 82 77 
66 65 73 31 43 99 44 15 85 60 5 12 83 87 89 39 76 69 52 100 34 89 70 99 75 66 59 14 57 85 22 25 60 93 44 20 96 64 72 38 54 54 52 0 41 44 94 67 16 15 51 31 18 86 22 55 37 48 97 97 88 36 16 81 92 32 40 62 52 70 31 87 4 64 16 96 8 9 62 75 23 65 5 93 2 26 47 90 73 95 87 13 30 54 45 22 86 84 35 37 
42 4 40 64 90 40 40 36 29 33 57 8 46 50 87 37 41 73 14 26 2 39 35 97 3 20 66 6 33 25 25 52 15 92 18 56 40 85 86 39 35 15 8 41 0 53 17 76 8 32 91 4 39 51 17 14 26 33 70 18 87 96 16 76 20 62 14 84 91 68 29 64 5 64 50 41 17 66 68 76 98 10 79 88 61 48 53 38 80 23 7 18 70 22 94 41 83 7 25 25 
14 31 46 10 64 43 67 20 74 6 38 30 66 96 46 44 64 50 96 95 8 42 15 51 90 19 92 61 79 39 7 41 23 44 2 60 74 63 89 68 74 74 91 44 53 0 26 5 89 30 68 90 23 36 56 90 12 5 100 42 44 12 89 97 49 21 71 55 38 92 28 83 84 10 42 60 86 67 64 26 97 32 16 71 19 23 60 30 27 11 72 22 74 60 18 22 32 40 28 70 
66 56 36 67 31 30 55 83 17 71 75 25 25 73 99 97 24 77 54 12 7 77 34 68 49 18 53 61 51 17 14 94 55 89 34 47 96 35 72 62 18 25 84 94 17 26 0 83 55 52 67 16 93 26 2 12 42 27 8 25 94 30 43 16 41 73 94 52 96 16 25 7 33 99 39 25 26 60 7 81 11 25 96 56 3 97 67 44 76 26 68 69 55 10 85 95 34 78 98 81 
34 11 89 31 20 2 27 70 1 16 72 62 3 12 4 56 92 85 39 12 39 13 41 4 62 29 59 56 13 10 5 79 87 24 45 89 56 44 95 49 17 79 99 67 76 5 83 0 93 23 88 78 73 78 54 98 37 12 78 99 37 26 54 91 74 20 34 49 45 1 70 51 62 54 46 48 83 43 80 28 17 67 57 89 96 10 87 84 73 16 83 61 41 36 51 15 56 84 15 52 
12 70 42 98 26 64 67 32 94 14 97 80 48 41 18 78 39 27 83 84 45 31 75 99 87 81 30 37 93 39 8 59 69 27 22 70 94 28 22 83 90 30 25 16 8 89 55 93 0 36 84 3 50 89 100 49 72 42 28 99 11 47 7 99 42 16 37 26 88 53 8 49 45 95 99 59 2 35 26 54 70 9 8 71 98 7 19 21 100 47 71 10 45 77 9 86 44 45 63 31 
65 70 3 6 15 91 15 91 21 93 7 22 35 26 26 34 63 35 11 84 73 68 53 20 12 20 4 37 23 74 2 7 7 18 55 82 67 72 100 80 95 70 82 15 32 30 52 23 36 0 49 22 31 94 69 82 4 70 68 29 75 89 90 82 60 87 88 78 59 40 76 29 49 20 5 57 58 100 54 72 30 2 94 13 95 62 46 99 83 13 79 58 1 68 39 60 6 79 90 64 
17 38 59 30 54 74 59 88 18 5 81 19 81 18 31 54 1 37 21 39 8 41 90 52 46 74 14 58 65 97 81 54 46 66 34 19 77 78 27 81 52 60 64 51 91 68 67 88 84 49 0 18 17 44 66 89 100 75 46 99 28 17 81 29 62 93 76 75 90 26 58 2 4 15 54 24 53 66 29 83 7 45 100 23 88 18 63 88 92 8 38 19 77 18 99 38 62 26 65 51 
22 19 63 37 88 28 58 43 28 4 38 92 29 29 33 13 62 29 5 77 34 53 64 24 98 82 5 58 94 75 79 87 26 43 57 6 70 63 33 49 88 55 36 31 4 90 16 78 3 22 18 0 51 22 4 7 36 10 30 40 75 10 23 81 54 74 55 94 91 18 33 34 77 70 4 53 88 3 43 1 80 7 4 83 80 7 89 15 16 70 6 42 79 80 74 33 54 29 78 96 
82 75 71 73 15 69 92 92 86 52 12 21 87 65 65 86 28 78 86 22 17 44 93 18 46 64 78 11 80 27 19 93 92 33 97 57 45 54 90 28 4 55 58 18 39 23 93 73 50 31 17 51 0 98 10 30 26 79 33 79 18 87 73 19 67 31 74 49 10 80 89 76 48 58 81 89 36 61 15 20 66 95 97 61 92 6 42 17 37 75 47 54 61 71 24 79 1 49 79 10 
96 64 42 8 87 60 1 81 22 74 80 76 99 96 59 70 8 87 93 20 66 44 45 30 37 33 57 95 58 62 39 49 29 10 76 57 72 84 12 96 67 88 11 86 51 36 26 78 89 94 44 22 98 0 29 67 37 28 24 70 68 12 82 82 31 47 76 80 59 19 85 1 88 73 75 34 79 87 5 54 66 57 3 44 19 83 63 55 10 38 24 77 49 5 11 32 3 86 11 62 
97 23 80 68 57 52 96 54 14 51 16 71 41 60 10 94 63 83 90 84 36 7 20 38 69 91 80 24 91 66 75 6 59 63 89 75 58 56 78 4 34 83 15 22 17 56 2 54 100 69 66 4 10 29 0 5 47 14 44 72 40 77 50 26 33 3 43 42 5 39 60 87 1 14 48 90 90 25 91 46 35 22 1 72 84 62 28 82 27 71 53 66 100 2 43 84 57 38 25 13 
60 17 23 92 18 10 46 37 90 28 97 7 2 41 85 54 11 100 99 8 55 77 28 37 62 65 49 18 34 48 44 35 81 69 5 12 54 41 39 35 41 80 94 55 14 90 12 98 49 82 89 7 30 67 5 0 76 84 100 28 50 47 17 91 23 59 36 9 80 36 81 15 49 60 49 27 31 53 92 30 7 87 65 63 24 90 75 99 73 26 78 74 73 46 64 47 5 52 56 36 
56 100 48 54 96 34 34 46 18 40 20 73 71 27 83 59 59 51 29 6 53 57 97 40 27 66 96 12 26 97 49 11 39 1 33 31 39 31 37 41 30 19 11 37 26 12 42 37 72 4 100 36 26 37 47 76 0 39 88 51 88 47 51 14 29 3 58 10 9 44 75 23 19 64 98 17 88 75 46 62 99 91 77 46 95 28 53 31 67 40 33 6 38 35 71 67 37 28 76 98 
16 39 43 41 70 26 1 49 42 25 4 82 79 20 27 87 55 11 85 18 49 45 44 60 18 30 5 10 26 97 63 86 51 98 81 69 7 59 6 49 36 77 1 48 33 5 27 12 42 70 75 10 79 28 14 84 39 0 23 50 72 93 65 69 9 53 96 6 66 94 97 42 39 43 22 91 25 40 82 57 45 20 43 67 86 32 47 13 29 21 15 100 14 79 21 74 83 68 80 48 
32 68 23 30 38 81 59 23 33 66 13 7 51 29 99 65 41 90 79 85 17 96 79 20 62 85 36 27 56 67 22 72 5 68 89 10 91 18 94 82 64 38 69 97 70 100 8 78 28 68 46 30 33 24 44 100 88 23 0 61 76 42 100 70 63 42 95 54 24 3 50 95 46 16 32 77 62 44 57 83 10 8 48 89 80 21 71 47 100 71 8 27 12 59 97 26 52 91 79 75 
93 78 92 88 18 81 89 95 6 78 80 21 76 3 29 4 91 67 13 98 17 31 87 21 95 41 77 73 38 78 21 25 70 16 74 76 97 75 31 44 85 42 94 97 18 42 25 99 99 29 99 40 79 70 72 28 51 50 61 0 45 28 21 90 95 52 18 57 48 26 91 57 34 38 97 65 58 20 64 10 90 71 36 53 81 84 78 32 26 56 59 71 35 31 12 29 83 30 37 82 
95 59 1 61 87 68 98 64 82 62 47 69 61 55 100 27 38 27 22 21 85 74 77 61 41 6 2 35 97 31 40 53 48 9 91 44 20 29 57 87 87 1 66 88 87 44 94 37 11 75 28 75 18 68 40 50 88 72 76 45 0 55 79 90 40 16 87 5 26 58 68 87 99 90 22 51 22 58 28 5 83 35 15 53 21 46 65 1 80 46 38 61 100 16 2 92 84 40 48 61 
59 56 17 34 71 55 37 50 57 95 83 90 40 69 6 82 35 52 8 39 9 65 38 96 99 63 95 34 26 77 57 77 16 24 19 65 86 32 29 7 68 83 62 36 96 12 30 26 47 89 17 10 87 12 77 47 47 93 42 28 55 0 97 67 47 95 8 20 97 29 77 24 85 12 10 100 64 82 97 80 83 76 25 72 88 77 87 89 68 22 29 15 34 25 33 32 72 40 52 68 
58 67 66 59 70 52 69 63 50 92 26 81 86 73 7 62 37 100 84 11 41 59 39 38 37 37 99 90 55 56 64 60 12 33 82 7 11 30 4 2 83 28 5 16 16 89 43 54 7 90 81 23 73 82 50 17 51 65 100 21 79 97 0 20 80 44 4 91 5 55 7 87 51 86 21 26 11 92 13 39 30 2 6 4 82 72 37 58 4 69 29 43 72 49 62 3 44 17 94 48 
73 68 2 98 99 56 89 21 86 49 68 48 74 40 18 75 34 12 77 14 31 89 31 77 37 24 87 97 69 52 61 83 73 67 58 4 87 38 40 54 24 60 20 81 76 97 16 91 99 82 29 81 19 82 26 91 14 69 70 90 90 67 20 0 72 52 86 22 37 6 48 99 49 12 37 79 65 94 82 46 65 70 4 20 38 84 14 61 32 27 64 75 44 9 75 15 60 60 88 48 
82 44 99 66 76 66 94 6 77 27 73 38 29 96 33 90 33 92 19 74 73 51 89 63 90 37 97 97 20 89 43 21 24 47 35 3 69 14 54 87 79 15 100 92 20 49 41 74 42 60 62 54 67 31 33 23 29 9 63 95 40 47 80 72 0 18 87 47 66 99 35 96 63 29 77 9 45 99 64 65 88 47 30 49 79 57 64 5 100 72 79 66 83 91 53 30 8 40 76 25 
93 45 49 90 35 96 71 43 21 31 3 45 22 38 41 16 3 9 25 30 52 45 26 71 14 2 30 76 90 55 4 54 10 15 85 89 64 52 42 100 82 81 68 32 62 21 73 20 16 87 93 74 31 47 3 59 3 53 42 52 16 95 44 52 18 0 90 63 21 52 91 49 12 35 47 75 51 87 22 81 87 52 37 50 56 88 73 87 53 55 77 57 84 36 48 12 60 37 74 32 
73 41 24 8 50 34 12 40 8 65 60 49 85 97 13 6 53 23 84 89 8 25 48 56 8 46 77 86 47 63 37 40 3 57 84 40 50 48 75 26 14 2 57 40 14 71 94 34 37 88 76 55 74 76 43 36 58 96 95 18 87 8 4 86 87 90 0 41 16 33 52 2 31 27 53 17 100 85 3 51 73 52 58 60 76 44 64 30 72 72 66 7 72 77 19 8 2 2 48 17 
69 49 59 35 91 37 17 55 87 39 27 76 57 18 29 91 75 22 8 80 29 75 84 9 58 97 70 17 46 90 16 12 97 86 4 96 55 51 27 61 29 69 13 62 84 55 52 49 26 78 75 94 49 80 42 9 10 6 54 57 5 20 91 22 47 63 41 0 34 52 18 17 78 22 33 29 6 88 79 30 91 36 41 67 32 4 96 3 28 61 62 99 89 32 58 90 33 6 58 19 
33 41 72 47 76 83 79 57 7 20 91 34 67 38 33 46 56 3 42 52 33 6 89 31 71 98 54 93 3 5 17 81 63 96 76 51 94 67 83 76 33 65 90 52 91 38 96 45 88 59 90 91 10 59 5 80 9 66 24 48 26 97 5 37 66 21 16 34 0 9 76 35 86 49 19 66 7 6 44 36 97 31 77 63 14 32 10 17 59 23 30 9 63 61 67 5 45 24 62 63 
67 76 3 86 69 32 46 49 58 75 56 44 42 13 100 23 99 5 53 79 23 69 21 48 79 65 45 37 39 20 63 98 14 59 4 26 64 21 76 24 81 25 55 70 68 92 16 1 53 40 26 18 80 19 39 36 44 94 3 26 58 29 55 6 99 52 33 52 9 0 32 89 49 69 38 68 34 44 73 29 79 21 59 7 83 25 39 45 41 49 19 22 58 81 34 24 85 78 99 47 
79 80 10 9 31 58 17 94 91 16 17 56 11 60 24 92 89 84 67 41 34 91 28 30 67 42 87 1 45 92 92 53 32 54 29 100 58 45 72 69 90 89 11 31 29 28 25 70 8 76 58 33 89 85 60 81 75 97 50 91 68 77 7 48 35 91 52 18 76 32 0 93 30 35 41 50 24 60 83 19 33 63 98 53 21 56 88 97 94 84 37 43 2 10 52 82 43 75 67 21 
77 95 19 26 86 75 17 71 60 65 80 7 62 53 27 10 25 19 3 9 6 46 58 36 43 72 47 6 35 52 60 6 18 89 99 17 77 59 69 27 60 29 18 87 64 83 7 51 49 29 2 34 76 1 87 15 23 42 95 57 87 24 87 99 96 49 2 17 35 89 93 0 25 65 65 6 51 5 55 75 65 89 93 49 51 42 53 23 98 92 20 43 75 8 85 28 18 36 10 12 
66 31 45 16 12 80 72 16 27 83 24 15 97 65 80 44 37 40 15 95 60 68 60 79 37 73 5 50 54 97 77 13 47 44 11 54 61 54 87 93 23 32 26 4 5 84 33 62 45 49 4 77 48 88 1 49 19 39 46 34 99 85 51 49 63 12 31 78 86 49 30 25 0 62 28 32 38 44 48 43 94 5 49 20 21 37 65 69 87 58 73 62 55 65 81 50 91 88 86 19 
26 31 67 98 79 8 51 90 12 2 14 71 69 58 49 23 99 63 97 31 84 16 71 71 7 91 85 73 22 8 44 7 61 57 53 84 96 87 70 45 20 40 73 64 64 10 99 54 95 20 15 70 58 73 14 60 64 43 16 38 90 12 86 12 29 35 27 22 49 69 35 65 62 0 57 74 28 69 87 7 52 25 50 100 67 43 4 68 15 24 4 79 44 43 36 16 4 43 32 84 
94 59 44 57 81 25 12 85 44 24 84 18 44 91 15 48 100 39 54 60 39 87 79 35 69 37 5 19 92 36 34 30 29 81 43 37 72 75 92 65 13 35 69 16 50 42 39 46 99 5 54 4 81 75 48 49 98 22 32 97 22 10 21 37 77 47 53 33 19 38 41 65 28 57 0 92 23 23 77 41 80 50 20 48 37 26 51 13 75 50 31 69 5 98 35 80 2 13 23 96 
59 86 37 31 54 20 63 51 7 67 32 23 43 66 18 32 77 12 28 20 13 58 47 75 91 92 70 7 86 22 1 64 13 87 80 61 52 91 73 83 57 47 85 96 41 60 25 48 59 57 24 53 89 34 90 27 17 91 77 65 51 100 26 79 9 75 17 29 66 68 50 6 32 74 92 0 1 91 99 43 22 82 34 44 56 62 36 35 64 55 34 52 80 85 64 6 86 46 27 43 
91 13 12 7 42 2 70 62 85 60 52 100 86 53 95 18 62 12 92 25 91 58 38 74 49 9 29 33 100 47 2 99 35 100 54 43 21 49 59 64 45 14 15 8 17 86 26 83 2 58 53 88 36 79 90 31 88 25 62 58 22 64 11 65 45 51 100 6 7 34 24 51 38 28 23 1 0 44 61 22 97 26 97 92 26 39 90 68 60 23 53 56 78 14 91 65 29 46 98 80 
11 14 31 23 63 55 66 20 13 46 10 42 20 63 66 44 75 15 59 24 98 63 64 54 69 6 57 79 94 4 47 23 35 21 28 35 20 9 64 26 82 59 4 9 66 67 60 43 35 100 66 3 61 87 25 53 75 40 44 20 58 82 92 94 99 87 85 88 6 44 60 5 44 69 23 91 44 0 77 34 95 35 20 41 61 14 36 73 87 32 98 83 23 75 21 64 42 33 38 46 
93 49 77 61 73 73 89 72 59 82 3 36 45 77 74 87 68 48 18 31 51 70 39 31 53 72 80 14 50 31 5 42 100 11 25 1 7 34 19 84 25 25 84 62 68 64 7 80 26 54 29 43 15 5 91 92 46 82 57 64 28 97 13 82 64 22 3 79 44 73 83 55 48 87 77 99 61 77 0 40 15 12 30 79 40 27 29 72 56 62 66 90 33 58 2 46 93 26 33 24 
55 82 54 57 19 65 36 93 31 25 100 32 33 94 64 48 53 38 26 60 36 40 12 24 35 41 58 21 45 37 9 57 56 26 28 64 14 28 32 99 34 95 40 75 76 26 81 28 54 72 83 1 20 54 46 30 62 57 83 10 5 80 39 46 65 81 51 30 36 29 19 75 43 7 41 43 22 34 40 0 76 67 98 50 40 13 44 24 50 89 63 17 52 92 95 92 71 23 15 26 
28 83 33 80 78 97 33 10 85 39 17 63 55 89 91 78 89 50 69 59 70 83 16 25 81 26 60 15 69 77 100 29 41 38 82 69 86 81 15 58 76 80 85 23 98 97 11 17 70 30 7 80 66 66 35 7 99 45 10 90 83 83 30 65 88 87 73 91 97 79 33 65 94 52 80 22 97 95 15 76 0 37 80 67 69 90 68 67 82 45 51 58 20 17 55 70 8 20 65 31 
61 38 87 42 79 47 48 59 77 38 84 55 77 47 4 92 20 84 90 21 59 63 28 82 50 45 45 72 66 79 37 47 97 28 10 71 83 11 97 16 77 37 99 65 10 32 25 67 9 2 45 7 95 57 22 87 91 20 8 71 35 76 2 70 47 52 52 36 31 21 63 89 5 25 50 82 26 35 12 67 37 0 69 53 93 85 5 37 32 48 7 6 62 84 42 93 50 63 82 69 
76 100 68 45 59 92 46 88 10 29 37 75 13 22 96 12 14 19 30 36 21 44 27 48 85 23 14 79 90 63 40 95 33 21 84 70 36 91 64 47 73 1 27 5 79 16 96 57 8 94 100 4 97 3 1 65 77 43 48 36 15 25 6 4 30 37 58 41 77 59 98 93 49 50 20 34 97 20 30 98 80 69 0 29 16 13 31 73 33 47 79 54 55 50 18 37 19 22 30 55 
9 57 55 5 44 17 76 54 70 42 80 83 93 5 7 15 17 79 54 80 87 78 61 43 78 41 89 77 100 3 18 73 84 22 30 25 82 34 56 85 32 35 43 93 88 71 56 89 71 13 23 83 61 44 72 63 46 67 89 53 53 72 4 20 49 50 60 67 63 7 53 49 20 100 48 44 92 41 79 50 67 53 29 0 78 66 86 77 24 44 90 7 85 83 8 99 16 76 79 83 
56 2 81 50 65 58 100 91 50 11 63 82 76 42 14 14 80 23 83 92 76 58 24 63 86 29 1 18 23 40 76 95 77 38 85 27 6 46 8 11 95 24 9 2 61 19 3 96 98 95 88 80 92 19 84 24 95 86 80 81 21 88 82 38 79 56 76 32 14 83 21 51 21 67 37 56 26 61 40 40 69 93 16 78 0 88 9 7 72 56 86 25 62 87 94 98 5 16 79 12 
24 23 99 64 15 95 41 93 23 31 4 45 5 33 57 6 28 1 19 71 56 51 47 37 53 13 94 54 81 28 66 1 43 83 24 96 93 98 94 51 59 83 41 26 48 23 97 10 7 62 18 7 6 83 62 90 28 32 21 84 46 77 72 84 57 88 44 4 32 25 56 42 37 43 26 62 39 14 27 13 90 85 13 66 88 0 45 44 49 22 19 92 11 25 29 45 84 27 13 59 
68 73 78 48 61 27 21 90 59 69 77 41 94 45 92 20 27 78 5 39 41 54 88 31 40 58 89 95 33 2 13 60 65 42 87 89 36 74 94 72 72 66 88 47 53 60 67 87 19 46 63 89 42 63 28 75 53 47 71 78 65 87 37 14 64 73 64 96 10 39 88 53 65 4 51 36 90 36 29 44 68 5 31 86 9 45 0 6 95 99 14 2 22 21 39 47 34 25 92 32 
11 53 28 55 13 91 33 88 20 3 35 54 46 68 97 24 90 73 63 97 80 14 72 3 64 94 96 29 48 89 24 57 16 90 69 10 96 77 96 4 24 94 20 90 38 30 44 84 21 99 88 15 17 55 82 99 31 13 47 32 1 89 58 61 5 87 30 3 17 45 97 23 69 68 13 35 68 73 72 24 67 37 73 77 7 44 6 0 82 59 62 93 4 6 93 25 24 85 87 1 
92 61 42 5 36 21 93 41 65 55 60 79 83 53 35 44 34 63 56 40 56 47 42 96 70 95 98 63 6 77 29 86 45 33 56 16 52 56 51 99 94 60 42 73 80 27 76 73 100 83 92 16 37 10 27 73 67 29 100 26 80 68 4 32 100 53 72 28 59 41 94 98 87 15 75 64 60 87 56 50 82 32 33 24 72 49 95 82 0 65 32 84 91 96 95 48 90 93 14 43 
100 92 100 77 98 59 32 12 43 86 89 48 44 25 42 36 20 20 83 23 9 1 18 50 53 42 76 21 88 20 35 83 69 9 75 98 78 43 39 5 35 3 57 95 23 11 26 16 47 13 8 70 75 38 71 26 40 21 71 56 46 22 69 27 72 55 72 61 23 49 84 92 58 24 50 55 23 32 62 89 45 48 47 44 56 22 99 59 65 0 14 34 81 12 20 58 56 3 39 14 
3 82 20 94 82 23 21 82 77 80 14 26 74 23 25 27 81 92 27 95 97 96 58 75 58 87 24 53 37 18 96 82 85 58 43 37 45 51 26 47 8 87 65 87 7 72 68 83 71 79 38 6 47 24 53 78 33 15 8 59 38 29 29 64 79 77 66 62 30 19 37 20 73 4 31 34 53 98 66 63 51 7 79 90 86 19 14 62 32 14 0 64 83 69 21 75 45 97 11 32 
86 72 42 65 74 88 90 56 98 69 6 99 96 59 35 22 71 41 29 61 40 72 70 8 62 52 51 50 54 7 68 38 92 93 46 59 71 84 59 38 80 12 59 13 18 22 69 61 10 58 19 42 54 77 66 74 6 100 27 71 61 15 43 75 66 57 7 99 9 22 43 43 62 79 69 52 56 83 90 17 58 6 54 7 25 92 2 93 84 34 64 0 97 75 15 32 66 10 26 65 
58 100 68 62 68 14 20 13 52 33 23 89 36 94 100 17 54 71 43 13 17 65 56 98 3 56 70 6 65 97 43 59 36 33 46 14 63 74 67 12 54 85 70 30 70 74 55 41 45 1 77 79 61 49 100 73 38 14 12 35 100 34 72 44 83 84 72 89 63 58 2 75 55 44 5 80 78 23 33 52 20 62 55 85 62 11 22 4 91 81 83 97 0 51 70 78 94 36 64 26 
13 100 37 4 52 74 90 44 26 71 39 6 11 95 83 88 17 91 10 57 89 54 49 12 46 23 75 42 91 73 11 93 48 90 24 44 55 32 81 100 90 14 69 54 22 60 10 36 77 68 18 80 71 5 2 46 35 79 59 31 16 25 49 9 91 36 77 32 61 81 10 8 65 43 98 85 14 75 58 92 17 84 50 83 87 25 21 6 96 12 69 75 51 0 99 83 83 54 85 73 
10 39 95 14 73 95 30 76 83 17 73 47 21 50 4 96 4 52 6 74 22 61 100 84 50 75 37 98 22 58 28 72 64 59 4 63 10 74 99 91 55 23 79 45 94 18 85 51 9 39 99 74 24 11 43 64 71 21 97 12 2 33 62 75 53 48 19 58 67 34 52 85 81 36 35 64 91 21 2 95 55 42 18 8 94 29 39 93 95 20 21 15 70 99 0 20 100 7 88 21 
91 43 67 79 96 79 13 19 80 59 95 78 16 41 32 6 86 14 13 38 90 67 96 60 93 92 66 2 84 37 86 31 11 79 80 16 31 39 21 50 85 99 70 22 41 22 95 15 86 60 38 33 79 32 84 47 67 74 26 29 92 32 3 15 30 12 8 90 5 24 82 28 50 16 80 6 65 64 46 92 70 93 37 99 98 45 47 25 48 58 75 32 78 83 20 0 82 33 17 92 
5 44 86 93 86 22 12 39 98 53 42 3 32 32 75 55 71 51 86 86 92 98 74 35 59 76 56 69 80 79 15 46 57 57 9 84 71 35 74 52 24 46 36 86 83 32 34 56 44 6 62 54 1 3 57 5 37 83 52 83 84 72 44 60 8 60 2 33 45 85 43 18 91 4 2 86 29 42 93 71 8 50 19 16 5 84 34 24 90 56 45 66 94 83 100 82 0 16 13 19 
34 31 19 73 74 81 41 16 42 33 84 95 5 47 16 54 57 26 89 15 29 37 47 92 10 20 66 83 68 73 16 12 18 68 39 54 59 73 25 16 20 76 35 84 7 40 78 84 45 79 26 29 49 86 38 52 28 68 91 30 40 40 17 60 40 37 2 6 24 78 75 36 88 43 13 46 46 33 26 23 20 63 22 76 16 27 25 85 93 3 97 10 36 54 7 33 16 0 82 96 
60 43 77 65 38 68 82 25 67 49 73 53 72 59 12 97 12 88 20 18 70 41 79 20 2 40 87 71 82 78 53 43 7 64 83 63 38 90 99 10 13 20 82 35 25 28 98 15 63 90 65 78 79 11 25 56 76 80 79 37 48 52 94 88 76 74 48 58 62 99 67 10 86 32 23 27 98 38 33 15 65 82 30 79 79 13 92 87 14 39 11 26 64 85 88 17 13 82 0 36 
37 36 9 91 61 56 90 95 4 73 84 36 98 69 59 100 26 5 28 90 24 55 14 65 82 74 9 61 35 84 83 26 71 4 36 35 64 2 57 27 56 63 77 37 25 70 81 52 31 64 51 96 10 62 13 36 98 48 75 82 61 68 48 48 25 32 17 19 63 47 21 12 19 84 96 43 80 46 24 26 31 69 55 83 12 59 32 1 43 14 32 65 26 73 21 92 19 96 36 0 
