20
0 71 59 39 86 17 25 40 93 84 73 78 73 33 39 43 7 83 92 87 
71 0 51 19 10 23 49 19 56 46 85 9 90 79 80 48 17 65 16 94 
59 51 0 56 8 77 80 86 2 12 76 96 70 11 87 57 13 58 18 87 
39 19 56 0 58 36 42 4 73 50 93 51 81 41 19 98 56 12 5 16 
86 10 8 58 0 41 85 1 94 48 28 89 18 38 75 74 2 84 91 88 
17 23 77 36 41 0 42 78 29 97 2 31 89 4 11 81 23 60 37 86 
25 49 80 42 85 42 0 65 4 78 1 56 71 48 83 59 65 73 86 38 
40 19 86 4 1 78 65 0 74 69 80 62 62 10 90 58 11 20 47 67 
93 56 2 73 94 29 4 74 0 83 79 89 42 67 26 58 70 4 58 25 
84 46 12 50 48 97 78 69 83 0 26 6 8 85 70 32 70 60 5 90 
73 85 76 93 28 2 1 80 79 26 0 91 66 52 52 8 9 63 79 7 
78 9 96 51 89 31 56 62 89 6 91 0 29 61 86 69 55 52 46 12 
73 90 70 81 18 89 71 62 42 8 66 29 0 22 1 70 46 27 27 5 
33 79 11 41 38 4 48 10 67 85 52 61 22 0 63 96 36 32 7 41 
39 80 87 19 75 11 83 90 26 70 52 86 1 63 0 21 50 58 24 1 
43 48 57 98 74 81 59 58 58 32 8 69 70 96 21 0 17 33 15 96 
7 17 13 56 2 23 65 11 70 70 9 55 46 36 50 17 0 91 43 8 
83 65 58 12 84 60 73 20 4 60 63 52 27 32 58 33 91 0 76 63 
92 16 18 5 91 37 86 47 58 5 79 46 27 7 24 15 43 76 0 14 
87 94 87 16 88 86 38 67 25 90 7 12 5 41 1 96 8 63 14 0 
