60
0 8 13 26 27 10 75 99 98 99 57 69 40 54 62 36 96 19 49 50 93 35 51 77 42 8 18 54 30 83 34 38 90 98 63 68 60 89 19 57 87 27 77 27 80 39 14 76 9 62 77 53 96 27 81 89 34 98 95 16 
8 0 81 80 53 22 77 67 90 36 56 60 93 94 86 69 72 66 59 86 41 19 47 17 71 95 43 3 35 28 1 29 43 33 8 47 54 37 14 95 72 21 54 16 14 40 37 86 57 47 23 97 18 69 65 40 15 59 43 50 
13 81 0 38 43 30 81 27 38 79 80 74 44 27 97 16 80 65 30 71 1 67 79 99 89 27 16 9 91 56 24 1 98 25 39 92 54 71 18 91 49 49 16 45 75 65 60 7 29 41 29 81 59 8 31 47 34 47 8 77 
26 80 38 0 2 31 77 51 7 67 42 60 37 11 3 38 11 70 82 86 34 93 44 14 34 24 46 92 31 77 91 17 23 98 93 76 80 21 26 86 88 19 97 76 81 99 13 91 69 94 28 54 39 71 68 72 95 65 15 77 
27 53 43 2 0 41 57 93 15 6 37 90 85 10 67 22 49 37 19 24 17 69 37 8 89 82 35 43 20 58 62 43 52 26 10 28 67 66 73 81 72 61 23 8 70 89 82 18 78 100 94 94 20 30 1 9 63 88 51 83 
10 22 30 31 41 0 45 64 77 96 89 86 75 7 52 99 88 75 60 62 82 81 2 63 51 79 14 44 73 86 25 25 94 87 12 96 21 56 59 98 3 99 83 78 6 34 28 45 60 87 6 42 20 59 56 70 38 22 65 62 
75 77 81 77 57 45 0 7 89 86 100 27 50 47 48 5 57 45 8 55 79 37 60 65 64 56 24 3 13 17 74 72 73 43 61 94 59 22 52 99 59 3 25 8 49 24 13 5 20 72 11 99 8 71 15 23 78 38 25 91 
99 67 27 51 93 64 7 0 55 98 62 79 92 74 24 2 95 75 100 5 77 77 13 77 52 77 81 72 48 91 22 7 13 36 81 43 25 6 33 79 55 46 9 99 19 32 52 65 6 52 69 34 80 33 10 83 9 42 6 8 
98 90 38 7 15 77 89 55 0 85 27 66 97 14 47 39 39 4 23 69 58 68 78 8 86 61 60 50 19 63 71 52 94 3 14 76 12 55 82 71 39 60 37 88 26 83 78 64 86 1 84 95 68 13 55 6 74 14 7 92 
99 36 79 67 6 96 86 98 85 0 28 77 95 21 80 60 48 43 15 29 13 5 41 49 92 66 83 22 81 20 22 64 15 41 29 21 98 2 86 5 45 13 33 91 85 12 51 32 54 17 13 19 21 53 67 65 70 2 86 50 
57 56 80 42 37 89 100 62 27 28 0 21 59 65 87 51 93 7 49 46 92 5 42 4 37 33 40 1 35 72 6 51 84 24 23 88 43 39 57 44 24 6 64 34 22 51 85 15 9 33 12 1 89 54 56 25 38 96 77 24 
69 60 74 60 90 86 27 79 66 77 21 0 19 83 26 2 6 48 41 48 87 97 91 62 54 7 96 75 9 32 41 17 16 53 17 4 58 25 80 47 20 57 70 38 39 47 91 96 94 31 44 32 79 86 46 32 92 93 6 100 
40 93 44 37 85 75 50 92 97 95 59 19 0 24 99 69 39 3 37 42 60 61 73 58 32 29 79 21 19 25 11 15 70 93 58 54 71 95 99 54 87 91 60 38 66 10 6 56 12 43 97 71 3 21 80 87 50 58 7 68 
54 94 27 11 10 7 47 74 14 21 65 83 24 0 82 70 82 51 62 91 4 85 86 54 38 24 96 49 61 61 58 19 16 69 13 64 91 67 85 70 53 86 27 60 53 60 29 87 63 42 29 66 26 14 72 64 89 67 12 50 
62 86 97 3 67 52 48 24 47 80 87 26 99 82 0 80 70 20 47 90 32 63 81 98 47 2 3 84 81 62 88 40 42 74 2 83 3 20 9 68 43 24 57 9 35 58 40 56 29 87 46 60 49 78 9 47 31 11 30 11 
36 69 16 38 22 99 5 2 39 60 51 2 69 70 80 0 24 17 3 65 43 56 100 97 75 60 16 69 83 72 78 69 81 69 25 9 55 22 20 55 51 29 53 81 91 82 44 67 51 46 83 45 1 82 93 28 93 8 96 75 
96 72 80 11 49 88 57 95 39 48 93 6 39 82 70 24 0 32 25 96 12 94 20 73 100 93 44 7 43 72 59 75 15 93 18 81 95 15 63 39 68 97 31 47 89 38 94 16 21 71 11 33 64 82 57 15 74 100 73 68 
19 66 65 70 37 75 45 75 4 43 7 48 3 51 20 17 32 0 24 32 94 90 24 64 70 18 78 84 8 45 32 38 43 21 27 37 88 48 7 98 32 22 79 40 88 4 39 61 23 14 92 16 3 67 31 72 36 9 8 43 
49 59 30 82 19 60 8 100 23 15 49 41 37 62 47 3 25 24 0 5 39 32 100 11 10 36 98 57 42 95 40 15 25 79 2 80 70 62 2 83 5 70 86 71 52 9 6 60 16 100 17 55 31 16 65 41 3 15 49 44 
50 86 71 86 24 62 55 5 69 29 46 48 42 91 90 65 96 32 5 0 9 89 10 86 19 11 65 88 73 19 71 29 40 8 100 91 16 57 3 32 57 71 38 39 86 54 79 40 68 80 83 29 20 44 66 38 54 30 78 78 
93 41 1 34 17 82 79 77 58 13 92 87 60 4 32 43 12 94 39 9 0 100 100 7 39 7 6 82 22 14 36 5 70 6 94 9 43 100 39 82 19 18 16 99 89 59 64 79 12 46 56 42 45 55 48 36 13 5 69 86 
35 19 67 93 69 81 37 77 68 5 5 97 61 85 63 56 94 90 32 89 100 0 18 4 43 40 9 88 100 3 87 38 84 58 8 51 56 96 9 72 74 72 17 81 13 13 87 12 100 99 16 68 85 86 71 79 25 31 66 24 
51 47 79 44 37 2 60 13 78 41 42 91 73 86 81 100 20 24 100 10 100 18 0 33 5 13 68 62 20 70 69 68 78 92 93 2 60 74 66 73 12 78 72 11 45 40 47 30 62 25 54 45 42 29 29 46 42 49 59 13 
77 17 99 14 8 63 65 77 8 49 4 62 58 54 98 97 73 64 11 86 7 4 33 0 18 28 32 96 71 25 49 31 50 14 3 61 91 26 23 36 17 69 65 79 45 71 75 39 51 3 84 44 51 43 57 69 22 88 16 44 
42 71 89 34 89 51 64 52 86 92 37 54 32 38 47 75 100 70 10 19 39 43 5 18 0 64 64 74 65 77 28 26 20 54 100 7 70 21 71 100 65 93 26 55 96 29 39 39 31 33 95 99 6 35 66 49 50 29 75 15 
8 95 27 24 82 79 56 77 61 66 33 7 29 24 2 60 93 18 36 11 7 40 13 28 64 0 58 2 92 29 55 91 35 77 11 57 28 28 2 6 82 97 34 20 35 16 4 30 15 61 16 32 10 65 13 84 31 70 37 22 
18 43 16 46 35 14 24 81 60 83 40 96 79 96 3 16 44 78 98 65 6 9 68 32 64 58 0 50 44 13 84 72 23 40 99 50 41 56 32 37 89 3 24 5 59 5 71 19 20 2 28 36 14 63 67 35 100 88 84 43 
54 3 9 92 43 44 3 72 50 22 1 75 21 49 84 69 7 84 57 88 82 88 62 96 74 2 50 0 100 19 14 75 11 64 24 51 20 7 40 60 10 63 16 20 67 38 38 38 92 18 73 57 32 91 44 31 79 79 25 30 
30 35 91 31 20 73 13 48 19 81 35 9 19 61 81 83 43 8 42 73 22 100 20 71 65 92 44 100 0 98 90 4 8 6 28 10 77 86 1 88 47 15 56 66 33 93 4 70 36 21 95 93 4 85 88 35 63 66 11 45 
83 28 56 77 58 86 17 91 63 20 72 32 25 61 62 72 72 45 95 19 14 3 70 25 77 29 13 19 98 0 63 53 48 22 58 27 32 86 13 32 73 59 47 28 25 79 73 80 1 8 52 95 52 55 31 39 41 46 57 52 
34 1 24 91 62 25 74 22 71 22 6 41 11 58 88 78 59 32 40 71 36 87 69 49 28 55 84 14 90 63 0 90 19 56 37 93 13 64 24 50 76 7 22 86 53 2 10 84 74 41 84 33 92 30 37 47 60 27 87 5 
38 29 1 17 43 25 72 7 52 64 51 17 15 19 40 69 75 38 15 29 5 38 68 31 26 91 72 75 4 53 90 0 83 90 94 54 45 83 46 9 46 69 58 73 27 32 58 80 33 20 15 58 60 50 42 52 31 78 50 42 
90 43 98 23 52 94 73 13 94 15 84 16 70 16 42 81 15 43 25 40 70 84 78 50 20 35 23 11 8 48 19 83 0 5 36 47 39 26 92 92 22 26 37 31 71 57 40 95 84 23 53 15 7 24 81 16 83 30 58 86 
98 33 25 98 26 87 43 36 3 41 24 53 93 69 74 69 93 21 79 8 6 58 92 14 54 77 40 64 6 22 56 90 5 0 60 87 35 1 91 71 99 30 48 43 73 21 20 10 3 91 18 43 37 53 17 41 67 24 64 99 
63 8 39 93 10 12 61 81 14 29 23 17 58 13 2 25 18 27 2 100 94 8 93 3 100 11 99 24 28 58 37 94 36 60 0 39 47 28 48 32 39 35 67 92 25 89 42 6 88 36 79 8 56 40 11 98 57 5 34 62 
68 47 92 76 28 96 94 43 76 21 88 4 54 64 83 9 81 37 80 91 9 51 2 61 7 57 50 51 10 27 93 54 47 87 39 0 21 75 28 96 38 27 35 36 6 82 20 97 16 86 40 93 26 81 50 13 69 80 72 24 
60 54 54 80 67 21 59 25 12 98 43 58 71 91 3 55 95 88 70 16 43 56 60 91 70 28 41 20 77 32 13 45 39 35 47 21 0 19 82 73 28 38 6 89 59 32 68 54 70 46 40 57 4 22 76 100 89 13 91 33 
89 37 71 21 66 56 22 6 55 2 39 25 95 67 20 22 15 48 62 57 100 96 74 26 21 28 56 7 86 86 64 83 26 1 28 75 19 0 38 71 83 2 91 62 74 14 81 7 38 60 45 44 48 55 75 67 60 96 13 100 
19 14 18 26 73 59 52 33 82 86 57 80 99 85 9 20 63 7 2 3 39 9 66 23 71 2 32 40 1 13 24 46 92 91 48 28 82 38 0 5 16 73 80 67 61 93 57 94 82 79 28 36 70 89 61 35 21 19 73 80 
57 95 91 86 81 98 99 79 71 5 44 47 54 70 68 55 39 98 83 32 82 72 73 36 100 6 37 60 88 32 50 9 92 71 32 96 73 71 5 0 63 68 79 69 94 46 29 90 10 28 94 77 100 25 43 12 69 51 57 3 
87 72 49 88 72 3 59 55 39 45 24 20 87 53 43 51 68 32 5 57 19 74 12 17 65 82 89 10 47 73 76 46 22 99 39 38 28 83 16 63 0 29 84 38 50 73 50 37 93 68 9 25 83 28 55 51 21 52 31 62 
27 21 49 19 61 99 3 46 60 13 6 57 91 86 24 29 97 22 70 71 18 72 78 69 93 97 3 63 15 59 7 69 26 30 35 27 38 2 73 68 29 0 61 58 55 37 9 32 31 21 100 81 29 2 10 13 91 11 85 40 
77 54 16 97 23 83 25 9 37 33 64 70 60 27 57 53 31 79 86 38 16 17 72 65 26 34 24 16 56 47 22 58 37 48 67 35 6 91 80 79 84 61 0 47 29 60 7 5 42 34 60 44 55 11 75 16 24 84 23 60 
27 16 45 76 8 78 8 99 88 91 34 38 38 60 9 81 47 40 71 39 99 81 11 79 55 20 5 20 66 28 86 73 31 43 92 36 89 62 67 69 38 58 47 0 93 54 91 65 5 23 93 59 84 5 49 95 41 41 41 22 
80 14 75 81 70 6 49 19 26 85 22 39 66 53 35 91 89 88 52 86 89 13 45 45 96 35 59 67 33 25 53 27 71 73 25 6 59 74 61 94 50 55 29 93 0 100 48 26 93 33 37 36 87 100 10 55 23 94 77 34 
39 40 65 99 89 34 24 32 83 12 51 47 10 60 58 82 38 4 9 54 59 13 40 71 29 16 5 38 93 79 2 32 57 21 89 82 32 14 93 46 73 37 60 54 100 0 38 82 76 2 86 99 46 96 82 51 45 76 43 85 
14 37 60 13 82 28 13 52 78 51 85 91 6 29 40 44 94 39 6 79 64 87 47 75 39 4 71 38 4 73 10 58 40 20 42 20 68 81 57 29 50 9 7 91 48 38 0 69 64 36 68 42 28 100 78 63 87 77 25 93 
76 86 7 91 18 45 5 65 64 32 15 96 56 87 56 67 16 61 60 40 79 12 30 39 39 30 19 38 70 80 84 80 95 10 6 97 54 7 94 90 37 32 5 65 26 82 69 0 99 70 69 85 7 2 60 8 39 58 5 35 
9 57 29 69 78 60 20 6 86 54 9 94 12 63 29 51 21 23 16 68 12 100 62 51 31 15 20 92 36 1 74 33 84 3 88 16 70 38 82 10 93 31 42 5 93 76 64 99 0 92 7 31 19 50 67 87 65 2 54 6 
62 47 41 94 100 87 72 52 1 17 33 31 43 42 87 46 71 14 100 80 46 99 25 3 33 61 2 18 21 8 41 20 23 91 36 86 46 60 79 28 68 21 34 23 33 2 36 70 92 0 29 54 36 43 92 12 19 84 63 88 
77 23 29 28 94 6 11 69 84 13 12 44 97 29 46 83 11 92 17 83 56 16 54 84 95 16 28 73 95 52 84 15 53 18 79 40 40 45 28 94 9 100 60 93 37 86 68 69 7 29 0 4 99 94 5 58 53 95 68 58 
53 97 81 54 94 42 99 34 95 19 1 32 71 66 60 45 33 16 55 29 42 68 45 44 99 32 36 57 93 95 33 58 15 43 8 93 57 44 36 77 25 81 44 59 36 99 42 85 31 54 4 0 29 59 64 59 77 65 25 64 
96 18 59 39 20 20 8 80 68 21 89 79 3 26 49 1 64 3 31 20 45 85 42 51 6 10 14 32 4 52 92 60 7 37 56 26 4 48 70 100 83 29 55 84 87 46 28 7 19 36 99 29 0 30 78 69 87 58 74 22 
27 69 8 71 30 59 71 33 13 53 54 86 21 14 78 82 82 67 16 44 55 86 29 43 35 65 63 91 85 55 30 50 24 53 40 81 22 55 89 25 28 2 11 5 100 96 100 2 50 43 94 59 30 0 1 17 86 71 52 100 
81 65 31 68 1 56 15 10 55 67 56 46 80 72 9 93 57 31 65 66 48 71 29 57 66 13 67 44 88 31 37 42 81 17 11 50 76 75 61 43 55 10 75 49 10 82 78 60 67 92 5 64 78 1 0 59 55 98 4 11 
89 40 47 72 9 70 23 83 6 65 25 32 87 64 47 28 15 72 41 38 36 79 46 69 49 84 35 31 35 39 47 52 16 41 98 13 100 67 35 12 51 13 16 95 55 51 63 8 87 12 58 59 69 17 59 0 55 57 6 74 
34 15 34 95 63 38 78 9 74 70 38 92 50 89 31 93 74 36 3 54 13 25 42 22 50 31 100 79 63 41 60 31 83 67 57 69 89 60 21 69 21 91 24 41 23 45 87 39 65 19 53 77 87 86 55 55 0 66 34 32 
98 59 47 65 88 22 38 42 14 2 96 93 58 67 11 8 100 9 15 30 5 31 49 88 29 70 88 79 66 46 27 78 30 24 5 80 13 96 19 51 52 11 84 41 94 76 77 58 2 84 95 65 58 71 98 57 66 0 29 45 
95 43 8 15 51 65 25 6 7 86 77 6 7 12 30 96 73 8 49 78 69 66 59 16 75 37 84 25 11 57 87 50 58 64 34 72 91 13 73 57 31 85 23 41 77 43 25 5 54 63 68 25 74 52 4 6 34 29 0 61 
16 50 77 77 83 62 91 8 92 50 24 100 68 50 11 75 68 43 44 78 86 24 13 44 15 22 43 30 45 52 5 42 86 99 62 24 33 100 80 3 62 40 60 22 34 85 93 35 6 88 58 64 22 100 11 74 32 45 61 0 
