90
0 1 9 13 24 64 90 42 7 28 35 76 87 14 75 26 61 47 65 33 99 50 68 60 88 4 70 29 18 56 45 37 56 5 50 32 68 39 73 27 18 59 2 4 25 76 30 85 22 46 69 73 47 36 32 86 39 53 66 9 9 62 45 64 67 94 47 86 85 19 12 2 30 66 58 54 41 39 38 15 84 6 39 82 93 70 19 84 75 85 
1 0 92 83 46 36 98 64 82 45 2 18 15 65 71 44 30 28 97 23 66 86 89 1 43 27 34 36 48 53 71 74 89 62 56 34 97 6 50 30 2 3 47 68 67 18 12 49 45 60 71 63 98 11 63 40 37 97 27 36 49 97 10 37 58 17 22 7 74 23 36 75 25 83 43 92 52 6 92 96 17 62 58 14 24 73 54 12 69 32 
9 92 0 47 69 29 8 57 86 25 30 44 98 53 32 25 29 14 19 20 17 24 63 12 92 24 22 6 99 46 11 10 14 42 57 34 70 64 42 8 40 71 51 38 23 82 14 52 47 32 23 15 7 86 79 98 61 100 55 12 97 65 21 62 59 29 95 80 93 36 87 84 6 90 73 81 23 86 84 22 17 58 36 75 95 66 73 8 17 27 
13 83 47 0 19 13 44 91 74 2 20 20 33 12 55 20 47 13 61 20 45 35 5 80 8 74 37 96 48 84 61 72 91 78 99 61 90 94 51 16 47 70 35 79 33 90 50 80 54 62 99 98 97 55 77 56 80 65 51 28 48 64 51 90 93 1 2 82 94 53 49 40 74 84 71 59 25 20 38 78 82 88 27 30 94 55 85 74 71 88 
24 46 69 19 0 53 71 3 3 12 95 4 14 76 49 18 77 41 91 60 11 49 84 82 38 13 63 77 91 44 71 45 81 96 67 68 48 37 22 2 49 16 57 62 43 6 31 19 98 21 78 8 22 13 89 59 25 4 88 15 47 58 11 27 5 78 46 52 66 67 5 14 34 14 27 77 71 57 95 68 30 25 27 51 37 15 61 62 70 48 
64 36 29 13 53 0 28 69 57 39 47 61 68 45 64 33 63 69 99 97 34 25 73 4 34 19 71 63 43 97 65 80 63 25 93 33 25 20 53 33 10 99 94 77 43 9 62 6 29 60 54 62 36 26 65 69 44 35 83 39 83 47 18 46 24 10 30 100 81 82 32 91 32 77 19 27 86 80 32 14 91 85 76 27 62 40 47 57 27 30 
90 98 8 44 71 28 0 95 9 28 64 54 51 25 35 50 6 16 34 48 100 10 18 26 95 98 9 61 40 45 36 18 6 27 65 14 53 46 9 62 73 24 67 24 49 2 25 6 69 10 5 20 20 22 45 66 71 53 26 11 97 13 80 54 40 44 68 44 89 28 5 14 51 24 89 51 77 13 56 97 23 60 17 94 34 61 59 4 14 37 
42 64 57 91 3 69 95 0 66 62 49 46 16 88 41 83 84 82 62 40 95 12 63 83 63 39 47 18 36 21 30 52 66 15 64 77 70 29 13 88 91 61 85 58 1 25 92 84 58 53 23 4 64 38 38 78 76 85 48 63 57 29 66 75 43 30 51 12 10 63 51 100 75 35 9 75 12 100 10 69 4 85 73 20 22 10 97 49 46 44 
7 82 86 74 3 57 9 66 0 64 55 72 29 29 66 10 31 30 20 93 80 71 67 15 80 94 26 31 55 46 87 39 18 6 12 80 54 61 25 50 24 31 73 4 11 39 14 41 68 85 33 99 55 52 13 86 97 90 69 51 36 7 42 5 64 53 84 17 65 61 18 88 43 91 44 54 29 57 94 48 93 79 46 99 30 11 85 78 52 5 
28 45 25 2 12 39 28 62 64 0 80 39 11 73 44 26 26 79 42 90 91 60 30 34 2 73 87 82 81 80 29 25 58 26 23 39 88 59 68 40 63 48 78 25 20 73 50 97 52 44 39 42 55 20 75 56 44 13 37 76 93 17 100 2 94 22 93 34 81 60 73 95 59 2 72 31 27 73 27 78 16 65 71 22 84 98 29 79 10 17 
35 2 30 20 95 47 64 49 55 80 0 54 54 85 53 8 79 75 100 12 7 11 36 1 22 89 24 52 15 97 78 44 64 95 15 38 30 64 66 9 73 35 62 79 19 15 86 49 41 37 12 99 99 99 51 20 88 75 71 54 71 1 98 86 95 64 23 76 79 89 84 51 23 46 81 93 12 66 42 4 54 53 2 53 52 52 72 91 26 95 
76 18 44 20 4 61 54 46 72 39 54 0 44 48 95 93 34 89 8 56 64 86 96 100 37 18 97 17 11 60 35 52 63 88 56 16 92 7 67 64 97 45 58 93 92 52 85 77 92 93 33 7 78 28 58 66 98 54 35 60 13 21 63 27 60 18 42 52 77 9 15 73 5 24 17 96 27 2 73 70 46 57 76 75 84 34 41 33 39 27 
87 15 98 33 14 68 51 16 29 11 54 44 0 92 52 47 54 78 6 24 20 57 100 80 23 24 84 46 41 31 24 94 55 93 39 11 69 13 47 54 5 79 92 83 23 95 81 76 73 39 51 44 47 50 75 70 26 58 67 66 88 43 11 43 35 1 5 55 65 51 8 70 82 52 4 4 46 85 31 70 75 82 13 21 83 87 42 8 96 9 
14 65 53 12 76 45 25 88 29 73 85 48 92 0 25 36 51 87 30 37 87 34 92 52 37 51 73 18 2 76 73 48 12 3 69 86 36 82 7 71 20 48 78 16 8 55 51 10 93 80 99 80 65 90 83 1 40 55 18 94 82 90 93 94 45 61 31 80 94 89 50 14 89 80 81 96 86 83 58 78 14 8 9 78 97 91 79 88 45 48 
75 71 32 55 49 64 35 41 66 44 53 95 52 25 0 81 27 90 73 72 86 34 2 17 27 91 19 92 79 98 72 26 35 54 35 64 19 42 73 97 90 63 27 78 60 26 10 38 67 35 9 52 68 62 69 46 4 87 90 34 36 61 60 22 67 46 85 85 40 9 33 29 24 59 58 83 37 20 72 3 54 32 55 73 93 75 18 49 13 59 
26 44 25 20 18 33 50 83 10 26 8 93 47 36 81 0 82 100 20 41 21 38 39 57 74 78 18 7 58 41 17 16 75 53 35 46 56 40 77 62 12 21 36 81 69 100 40 51 99 11 43 71 48 81 27 21 58 44 79 16 36 96 83 10 48 69 7 3 8 35 16 19 56 51 51 76 2 90 26 100 100 21 70 99 1 49 72 11 44 50 
61 30 29 47 77 63 6 84 31 26 79 34 54 51 27 82 0 78 80 45 12 41 93 80 48 47 39 82 63 9 89 65 59 65 67 49 42 18 100 62 40 99 15 88 70 77 31 71 54 62 16 65 3 60 96 2 6 34 83 20 42 24 85 100 88 3 100 81 20 100 95 11 50 9 98 71 85 81 41 90 94 56 6 96 15 53 97 73 86 32 
47 28 14 13 41 69 16 82 30 79 75 89 78 87 90 100 78 0 92 79 55 28 30 94 82 30 74 54 81 68 64 30 28 14 52 64 94 92 5 87 100 10 35 66 14 83 38 99 66 82 29 72 61 59 65 43 40 91 48 20 10 11 1 90 76 52 53 69 95 10 8 94 71 94 60 85 76 49 35 42 30 64 13 43 22 30 37 61 72 84 
65 97 19 61 91 99 34 62 20 42 100 8 6 30 73 20 80 92 0 32 33 46 84 22 22 87 27 42 81 36 49 75 6 94 86 42 70 34 77 63 16 40 27 58 13 8 94 25 79 29 8 12 74 91 85 47 77 11 89 57 46 89 83 4 83 20 97 4 54 73 66 69 64 44 78 76 52 23 52 82 51 59 45 24 49 30 23 25 40 11 
33 23 20 20 60 97 48 40 93 90 12 56 24 37 72 41 45 79 32 0 34 38 51 68 93 33 88 89 88 93 62 53 13 25 49 90 53 52 12 4 33 14 63 78 37 63 59 11 88 50 21 73 87 72 92 31 56 79 20 44 23 33 48 35 9 96 76 13 99 39 17 32 52 31 61 41 93 71 51 32 20 24 56 59 47 48 89 2 78 60 
99 66 17 45 11 34 100 95 80 91 7 64 20 87 86 21 12 55 33 34 0 97 1 44 97 35 53 44 63 65 43 1 33 26 53 15 86 93 60 8 95 91 27 18 99 85 64 46 26 18 23 85 14 75 29 10 62 33 54 24 49 96 24 34 21 28 48 58 72 7 17 67 50 43 84 48 80 48 45 5 65 19 89 30 94 69 40 55 1 45 
50 86 24 35 49 25 10 12 71 60 11 86 57 34 34 38 41 28 46 38 97 0 30 50 92 5 83 64 85 30 73 56 89 89 22 90 31 58 37 62 57 33 66 73 51 7 2 96 75 93 2 76 89 31 77 80 88 59 95 72 40 67 27 80 55 1 69 38 58 57 99 66 89 65 38 92 23 91 87 97 84 89 24 72 19 100 4 6 58 98 
68 89 63 5 84 73 18 63 67 30 36 96 100 92 2 39 93 30 84 51 1 30 0 29 50 17 56 29 71 8 98 60 65 6 11 82 95 27 19 38 49 9 24 45 44 12 69 68 83 68 23 40 78 20 69 27 88 76 7 11 83 56 70 99 62 80 80 8 6 50 45 6 58 20 51 54 84 71 21 66 90 95 57 19 14 77 97 54 52 4 
60 1 12 80 82 4 26 83 15 34 1 100 80 52 17 57 80 94 22 68 44 50 29 0 64 34 59 33 32 72 65 63 31 22 12 75 28 70 47 30 75 30 52 47 47 41 41 3 60 6 80 56 59 31 11 22 17 22 7 48 93 71 11 76 44 74 2 23 95 48 52 69 77 3 15 23 96 55 78 7 13 57 14 71 39 25 93 55 46 51 
88 43 92 8 38 34 95 63 80 2 22 37 23 37 27 74 48 82 22 93 97 92 50 64 0 55 90 21 17 65 16 90 67 39 85 66 90 53 43 45 20 17 92 26 94 98 38 2 11 9 41 87 53 47 84 3 1 74 75 69 90 90 59 8 28 95 74 70 47 68 66 18 84 57 44 78 54 33 79 16 93 71 3 97 18 86 51 70 11 25 
4 27 24 74 13 19 98 39 94 73 89 18 24 51 91 78 47 30 87 33 35 5 17 34 55 0 39 53 67 97 12 46 91 85 15 89 52 32 59 88 88 54 17 93 86 47 9 31 18 63 27 87 100 78 56 11 54 94 15 20 42 26 66 84 11 32 73 14 64 83 1 3 36 69 96 73 16 56 3 33 18 82 71 17 11 26 79 64 20 93 
70 34 22 37 63 71 9 47 26 87 24 97 84 73 19 18 39 74 27 88 53 83 56 59 90 39 0 36 13 19 53 97 81 36 21 46 51 3 47 54 90 15 49 62 82 4 17 66 73 50 36 89 60 62 68 23 33 60 10 45 30 62 41 10 98 13 56 48 15 54 53 56 20 1 18 2 56 86 67 80 35 55 69 46 16 36 68 100 47 30 
29 36 6 96 77 63 61 18 31 82 52 17 46 18 92 7 82 54 42 89 44 64 29 33 21 53 36 0 44 77 91 37 38 40 49 45 40 16 98 92 71 70 45 40 23 100 25 41 80 11 95 100 56 10 87 76 9 33 5 5 61 47 93 51 87 41 95 26 8 93 17 31 14 61 70 36 13 47 76 44 57 71 95 65 32 81 40 41 13 96 
18 48 99 48 91 43 40 36 55 81 15 11 41 2 79 58 63 81 81 88 63 85 71 32 17 67 13 44 0 97 26 94 89 76 80 81 70 57 89 14 26 19 27 38 40 62 2 86 90 97 95 60 91 11 91 71 2 83 36 97 79 61 90 19 88 22 100 9 30 40 23 55 10 1 45 49 15 46 87 4 43 33 15 85 43 5 56 44 40 43 
56 53 46 84 44 97 45 21 46 80 97 60 31 76 98 41 9 68 36 93 65 30 8 72 65 97 19 77 97 0 92 70 55 81 89 42 54 40 50 84 79 24 90 88 25 34 88 91 32 74 94 26 58 8 10 100 64 17 95 55 59 86 25 13 19 65 6 24 4 56 7 34 31 49 73 55 82 60 97 65 86 90 90 43 49 52 95 13 68 41 
45 71 11 61 71 65 36 30 87 29 78 35 24 73 72 17 89 64 49 62 43 73 98 65 16 12 53 91 26 92 0 19 27 79 43 91 97 59 97 72 14 52 79 47 34 79 71 41 60 31 37 77 68 27 66 62 75 69 56 39 37 49 58 15 27 52 5 23 11 1 46 76 4 76 75 38 54 45 78 66 27 14 42 94 40 59 56 67 28 63 
37 74 10 72 45 80 18 52 39 25 44 52 94 48 26 16 65 30 75 53 1 56 60 63 90 46 97 37 94 70 19 0 57 64 11 66 78 89 18 82 63 80 83 9 55 38 84 29 75 38 26 52 3 52 66 96 98 57 54 5 23 81 67 32 96 30 97 25 18 14 7 81 45 41 41 100 78 24 80 5 61 5 56 15 57 21 10 54 30 64 
56 89 14 91 81 63 6 66 18 58 64 63 55 12 35 75 59 28 6 13 33 89 65 31 67 91 81 38 89 55 27 57 0 58 52 96 76 83 92 57 80 16 27 45 74 59 90 66 99 41 96 22 20 100 35 77 55 49 33 28 11 38 57 74 47 60 21 74 95 12 83 26 80 9 22 5 19 11 71 17 3 18 90 23 17 76 99 23 25 83 
5 62 42 78 96 25 27 15 6 26 95 88 93 3 54 53 65 14 94 25 26 89 6 22 39 85 36 40 76 81 79 64 58 0 2 35 72 10 60 70 22 80 95 68 44 77 93 75 37 66 79 55 29 1 23 31 18 65 5 86 40 55 61 16 37 62 2 60 24 13 81 45 45 76 12 88 52 56 14 41 73 44 47 1 45 70 32 14 86 88 
50 56 57 99 67 93 65 64 12 23 15 56 39 69 35 35 67 52 86 49 53 22 11 12 85 15 21 49 80 89 43 11 52 2 0 52 25 43 12 93 31 25 94 91 48 59 71 44 3 46 7 42 50 14 55 42 87 98 88 87 94 9 70 8 94 58 11 71 100 22 63 30 98 8 72 98 18 43 41 20 40 48 61 41 13 15 82 99 65 22 
32 34 34 61 68 33 14 77 80 39 38 16 11 86 64 46 49 64 42 90 15 90 82 75 66 89 46 45 81 42 91 66 96 35 52 0 86 58 30 55 17 24 64 27 46 63 48 60 93 46 19 64 95 37 58 35 56 50 34 69 90 47 35 24 45 99 45 82 57 74 89 73 49 52 100 46 15 99 5 59 96 76 74 90 12 84 77 19 33 10 
68 97 70 90 48 25 53 70 54 88 30 92 69 36 19 56 42 94 70 53 86 31 95 28 90 52 51 40 70 54 97 78 76 72 25 86 0 87 74 8 22 97 5 72 93 38 28 19 26 53 19 78 4 65 44 2 21 54 50 96 79 39 59 62 67 78 46 29 16 20 36 89 68 92 61 13 30 88 31 55 92 1 84 95 17 79 49 38 84 98 
39 6 64 94 37 20 46 29 61 59 64 7 13 82 42 40 18 92 34 52 93 58 27 70 53 32 3 16 57 40 59 89 83 10 43 58 87 0 85 63 88 96 76 55 73 22 83 40 93 70 29 12 62 89 24 91 28 6 45 20 7 81 14 23 11 62 12 95 11 49 9 99 44 84 53 68 57 87 7 49 56 35 13 17 23 36 59 3 42 56 
73 50 42 51 22 53 9 13 25 68 66 67 47 7 73 77 100 5 77 12 60 37 19 47 43 59 47 98 89 50 97 18 92 60 12 30 74 85 0 22 100 36 87 22 46 1 86 92 11 34 100 9 77 84 13 44 40 51 50 41 7 37 53 75 11 40 86 13 81 41 86 32 28 73 54 73 73 91 65 83 24 64 44 100 99 8 95 91 59 96 
27 30 8 16 2 33 62 88 50 40 9 64 54 71 97 62 62 87 63 4 8 62 38 30 45 88 54 92 14 84 72 82 57 70 93 55 8 63 22 0 83 17 32 35 91 43 74 76 7 7 68 93 38 95 65 43 20 89 33 36 23 8 99 66 59 50 26 53 40 84 1 22 100 32 8 42 26 33 70 33 91 89 77 81 84 41 75 3 29 60 
18 2 40 47 49 10 73 91 24 63 73 97 5 20 90 12 40 100 16 33 95 57 49 75 20 88 90 71 26 79 14 63 80 22 31 17 22 88 100 83 0 38 3 67 88 69 78 89 94 30 28 29 82 1 80 14 60 73 91 45 94 75 87 83 51 67 66 43 94 20 23 53 57 26 71 96 46 48 85 91 30 64 19 11 17 50 76 28 22 67 
59 3 71 70 16 99 24 61 31 48 35 45 79 48 63 21 99 10 40 14 91 33 9 30 17 54 15 70 19 24 52 80 16 80 25 24 97 96 36 17 38 0 72 16 93 59 98 44 77 15 38 70 86 61 74 94 86 45 89 83 92 25 73 21 89 91 32 57 40 7 84 13 25 8 28 18 18 77 13 46 43 50 16 28 62 41 21 47 85 62 
2 47 51 35 57 94 67 85 73 78 62 58 92 78 27 36 15 35 27 63 27 66 24 52 92 17 49 45 27 90 79 83 27 95 94 64 5 76 87 32 3 72 0 81 77 86 53 97 26 95 80 34 86 87 18 99 63 77 78 80 94 55 92 39 49 94 6 29 55 47 1 54 83 62 34 59 100 87 8 77 81 39 11 67 25 80 17 40 56 94 
4 68 38 79 62 77 24 58 4 25 79 93 83 16 78 81 88 66 58 78 18 73 45 47 26 93 62 40 38 88 47 9 45 68 91 27 72 55 22 35 67 16 81 0 19 1 100 63 39 49 56 97 77 10 95 77 63 77 91 49 88 42 35 47 18 67 85 28 85 62 7 1 1 14 95 71 14 94 33 5 42 40 53 70 50 47 99 64 75 41 
25 67 23 33 43 43 49 1 11 20 19 92 23 8 60 69 70 14 13 37 99 51 44 47 94 86 82 23 40 25 34 55 74 44 48 46 93 73 46 91 88 93 77 19 0 12 14 82 98 60 51 65 97 79 49 10 37 2 10 3 96 32 16 89 65 72 83 56 24 4 5 22 54 21 97 94 84 62 27 82 74 78 98 70 8 98 31 44 99 40 
76 18 82 90 6 9 2 25 39 73 15 52 95 55 26 100 77 83 8 63 85 7 12 41 98 47 4 100 62 34 79 38 59 77 59 63 38 22 1 43 69 59 86 1 12 0 98 46 23 14 35 87 85 69 43 61 24 99 82 78 71 30 23 55 92 50 88 17 27 37 38 34 34 68 29 85 59 27 30 81 92 16 20 28 36 14 88 60 64 22 
30 12 14 50 31 62 25 92 14 50 86 85 81 51 10 40 31 38 94 59 64 2 69 41 38 9 17 25 2 88 71 84 90 93 71 48 28 83 86 74 78 98 53 100 14 98 0 37 35 51 11 41 94 60 80 62 38 16 99 23 1 66 4 85 76 82 67 57 73 34 28 52 70 41 92 29 56 13 17 42 15 27 82 61 39 61 22 76 76 73 
85 49 52 80 19 6 6 84 41 97 49 77 76 10 38 51 71 99 25 11 46 96 68 3 2 31 66 41 86 91 41 29 66 75 44 60 19 40 92 76 89 44 97 63 82 46 37 0 99 29 90 54 13 66 35 31 74 7 65 53 10 34 45 1 14 100 65 82 42 80 60 75 92 98 36 65 74 63 37 24 91 79 29 56 44 63 86 69 21 2 
22 45 47 54 98 29 69 58 68 52 41 92 73 93 67 99 54 66 79 88 26 75 83 60 11 18 73 80 90 32 60 75 99 37 3 93 26 93 11 7 94 77 26 39 98 23 35 99 0 21 30 35 65 31 100 16 95 81 57 26 41 32 69 38 19 34 63 33 22 38 76 100 66 31 95 80 68 15 100 70 35 30 56 51 12 56 67 58 88 75 
46 60 32 62 21 60 10 53 85 44 37 93 39 80 35 11 62 82 29 50 18 93 68 6 9 63 50 11 97 74 31 38 41 66 46 46 53 70 34 7 30 15 95 49 60 14 51 29 21 0 36 80 58 4 18 28 37 32 61 11 22 36 10 39 18 57 19 37 71 18 58 58 99 14 8 10 21 26 68 8 53 55 88 10 58 57 38 47 40 98 
69 71 23 99 78 54 5 23 33 39 12 33 51 99 9 43 16 29 8 21 23 2 23 80 41 27 36 95 95 94 37 26 96 79 7 19 19 29 100 68 28 38 80 56 51 35 11 90 30 36 0 57 13 85 18 52 54 74 70 90 97 39 48 54 38 13 13 99 33 39 18 92 91 72 79 52 82 87 89 28 27 38 36 39 22 5 42 27 79 63 
73 63 15 98 8 62 20 4 99 42 99 7 44 80 52 71 65 72 12 73 85 76 40 56 87 87 89 100 60 26 77 52 22 55 42 64 78 12 9 93 29 70 34 97 65 87 41 54 35 80 57 0 17 27 2 16 80 91 28 92 41 12 82 59 3 24 30 82 76 11 20 16 90 98 54 25 89 27 30 30 54 60 93 22 38 46 89 17 88 16 
47 98 7 97 22 36 20 64 55 55 99 78 47 65 68 48 3 61 74 87 14 89 78 59 53 100 60 56 91 58 68 3 20 29 50 95 4 62 77 38 82 86 86 77 97 85 94 13 65 58 13 17 0 60 28 27 94 86 81 69 68 62 96 30 34 12 72 31 65 96 19 43 77 49 48 88 93 69 25 90 57 93 29 24 5 8 2 98 46 83 
36 11 86 55 13 26 22 38 52 20 99 28 50 90 62 81 60 59 91 72 75 31 20 31 47 78 62 10 11 8 27 52 100 1 14 37 65 89 84 95 1 61 87 10 79 69 60 66 31 4 85 27 60 0 18 65 96 14 94 81 25 65 12 41 13 30 83 41 30 31 81 74 51 57 15 60 50 95 35 6 3 89 55 48 23 72 12 70 85 57 
32 63 79 77 89 65 45 38 13 75 51 58 75 83 69 27 96 65 85 92 29 77 69 11 84 56 68 87 91 10 66 66 35 23 55 58 44 24 13 65 80 74 18 95 49 43 80 35 100 18 18 2 28 18 0 51 61 74 62 1 38 43 36 78 25 18 10 50 20 67 17 31 68 11 66 73 13 6 27 12 28 50 23 97 35 32 99 47 5 12 
86 40 98 56 59 69 66 78 86 56 20 66 70 1 46 21 2 43 47 31 10 80 27 22 3 11 23 76 71 100 62 96 77 31 42 35 2 91 44 43 14 94 99 77 10 61 62 31 16 28 52 16 27 65 51 0 100 42 7 35 71 31 4 81 80 23 99 96 6 66 59 71 90 71 76 16 35 55 17 9 3 3 40 2 50 44 65 49 37 71 
39 37 61 80 25 44 71 76 97 44 88 98 26 40 4 58 6 40 77 56 62 88 88 17 1 54 33 9 2 64 75 98 55 18 87 56 21 28 40 20 60 86 63 63 37 24 38 74 95 37 54 80 94 96 61 100 0 35 60 1 90 40 33 64 90 80 69 55 38 91 96 61 66 11 95 72 79 3 75 82 43 28 31 38 92 31 27 63 17 86 
53 97 100 65 4 35 53 85 90 13 75 54 58 55 87 44 34 91 11 79 33 59 76 22 74 94 60 33 83 17 69 57 49 65 98 50 54 6 51 89 73 45 77 77 2 99 16 7 81 32 74 91 86 14 74 42 35 0 15 6 77 47 21 66 79 90 72 16 80 67 76 98 29 22 69 7 25 95 88 19 22 70 56 66 52 82 80 20 19 94 
66 27 55 51 88 83 26 48 69 37 71 35 67 18 90 79 83 48 89 20 54 95 7 7 75 15 10 5 36 95 56 54 33 5 88 34 50 45 50 33 91 89 78 91 10 82 99 65 57 61 70 28 81 94 62 7 60 15 0 77 95 93 98 60 23 87 31 38 18 97 66 67 25 87 88 84 63 82 71 81 56 93 89 73 44 22 52 16 41 97 
9 36 12 28 15 39 11 63 51 76 54 60 66 94 34 16 20 20 57 44 24 72 11 48 69 20 45 5 97 55 39 5 28 86 87 69 96 20 41 36 45 83 80 49 3 78 23 53 26 11 90 92 69 81 1 35 1 6 77 0 92 35 41 89 95 63 27 77 53 97 26 18 63 50 56 50 33 71 84 56 51 39 100 39 11 95 13 14 10 53 
9 49 97 48 47 83 97 57 36 93 71 13 88 82 36 36 42 10 46 23 49 40 83 93 90 42 30 61 79 59 37 23 11 40 94 90 79 7 7 23 94 92 94 88 96 71 1 10 41 22 97 41 68 25 38 71 90 77 95 92 0 10 2 87 51 90 33 13 17 62 65 13 87 34 27 88 42 77 73 12 12 80 14 50 79 5 12 73 17 77 
62 97 65 64 58 47 13 29 7 17 1 21 43 90 61 96 24 11 89 33 96 67 56 71 90 26 62 47 61 86 49 81 38 55 9 47 39 81 37 8 75 25 55 42 32 30 66 34 32 36 39 12 62 65 43 31 40 47 93 35 10 0 83 69 86 84 7 88 73 92 53 41 53 69 5 91 3 32 78 96 60 50 59 71 29 72 72 7 76 35 
45 10 21 51 11 18 80 66 42 100 98 63 11 93 60 83 85 1 83 48 24 27 70 11 59 66 41 93 90 25 58 67 57 61 70 35 59 14 53 99 87 73 92 35 16 23 4 45 69 10 48 82 96 12 36 4 33 21 98 41 2 83 0 32 44 11 14 12 48 97 71 36 21 62 88 14 66 56 70 56 10 53 33 57 64 35 15 34 15 87 
64 37 62 90 27 46 54 75 5 2 86 27 43 94 22 10 100 90 4 35 34 80 99 76 8 84 10 51 19 13 15 32 74 16 8 24 62 23 75 66 83 21 39 47 89 55 85 1 38 39 54 59 30 41 78 81 64 66 60 89 87 69 32 0 57 74 14 91 5 10 53 18 73 1 66 43 36 38 4 75 51 69 30 73 76 92 25 9 48 89 
67 58 59 93 5 24 40 43 64 94 95 60 35 45 67 48 88 76 83 9 21 55 62 44 28 11 98 87 88 19 27 96 47 37 94 45 67 11 11 59 51 89 49 18 65 92 76 14 19 18 38 3 34 13 25 80 90 79 23 95 51 86 44 57 0 95 63 74 9 1 31 82 66 73 38 75 78 7 48 78 72 90 65 62 46 39 64 66 20 36 
94 17 29 1 78 10 44 30 53 22 64 18 1 61 46 69 3 52 20 96 28 1 80 74 95 32 13 41 22 65 52 30 60 62 58 99 78 62 40 50 67 91 94 67 72 50 82 100 34 57 13 24 12 30 18 23 80 90 87 63 90 84 11 74 95 0 42 11 61 2 59 1 96 73 74 4 25 56 38 90 81 75 65 58 82 64 87 5 5 51 
47 22 95 2 46 30 68 51 84 93 23 42 5 31 85 7 100 53 97 76 48 69 80 2 74 73 56 95 100 6 5 97 21 2 11 45 46 12 86 26 66 32 6 85 83 88 67 65 63 19 13 30 72 83 10 99 69 72 31 27 33 7 14 14 63 42 0 18 50 89 82 68 60 17 61 71 29 62 81 81 57 5 55 12 29 62 1 18 94 28 
86 7 80 82 52 100 44 12 17 34 76 52 55 80 85 3 81 69 4 13 58 38 8 23 70 14 48 26 9 24 23 25 74 60 71 82 29 95 13 53 43 57 29 28 56 17 57 82 33 37 99 82 31 41 50 96 55 16 38 77 13 88 12 91 74 11 18 0 34 3 61 49 89 65 54 91 35 55 31 16 74 91 84 34 61 65 95 93 45 3 
85 74 93 94 66 81 89 10 65 81 79 77 65 94 40 8 20 95 54 99 72 58 6 95 47 64 15 8 30 4 11 18 95 24 100 57 16 11 81 40 94 40 55 85 24 27 73 42 22 71 33 76 65 30 20 6 38 80 18 53 17 73 48 5 9 61 50 34 0 97 51 67 25 13 67 94 58 94 80 61 6 80 49 23 33 92 57 40 22 72 
19 23 36 53 67 82 28 63 61 60 89 9 51 89 9 35 100 10 73 39 7 57 50 48 68 83 54 93 40 56 1 14 12 13 22 74 20 49 41 84 20 7 47 62 4 37 34 80 38 18 39 11 96 31 67 66 91 67 97 97 62 92 97 10 1 2 89 3 97 0 13 12 55 47 24 71 93 16 16 96 12 66 14 88 30 80 34 88 26 65 
12 36 87 49 5 32 5 51 18 73 84 15 8 50 33 16 95 8 66 17 17 99 45 52 66 1 53 17 23 7 46 7 83 81 63 89 36 9 86 1 23 84 1 7 5 38 28 60 76 58 18 20 19 81 17 59 96 76 66 26 65 53 71 53 31 59 82 61 51 13 0 48 31 44 48 53 29 91 61 68 13 32 32 24 39 78 48 9 23 63 
2 75 84 40 14 91 14 100 88 95 51 73 70 14 29 19 11 94 69 32 67 66 6 69 18 3 56 31 55 34 76 81 26 45 30 73 89 99 32 22 53 13 54 1 22 34 52 75 100 58 92 16 43 74 31 71 61 98 67 18 13 41 36 18 82 1 68 49 67 12 48 0 24 70 27 42 83 66 71 14 51 10 91 15 9 22 11 9 26 39 
30 25 6 74 34 32 51 75 43 59 23 5 82 89 24 56 50 71 64 52 50 89 58 77 84 36 20 14 10 31 4 45 80 45 98 49 68 44 28 100 57 25 83 1 54 34 70 92 66 99 91 90 77 51 68 90 66 29 25 63 87 53 21 73 66 96 60 89 25 55 31 24 0 99 87 58 11 70 41 35 8 71 34 69 93 48 44 62 74 85 
66 83 90 84 14 77 24 35 91 2 46 24 52 80 59 51 9 94 44 31 43 65 20 3 57 69 1 61 1 49 76 41 9 76 8 52 92 84 73 32 26 8 62 14 21 68 41 98 31 14 72 98 49 57 11 71 11 22 87 50 34 69 62 1 73 73 17 65 13 47 44 70 99 0 44 92 8 9 42 17 100 9 78 73 19 86 50 9 84 36 
58 43 73 71 27 19 89 9 44 72 81 17 4 81 58 51 98 60 78 61 84 38 51 15 44 96 18 70 45 73 75 41 22 12 72 100 61 53 54 8 71 28 34 95 97 29 92 36 95 8 79 54 48 15 66 76 95 69 88 56 27 5 88 66 38 74 61 54 67 24 48 27 87 44 0 18 95 58 58 81 17 28 66 85 20 13 81 33 39 65 
54 92 81 59 77 27 51 75 54 31 93 96 4 96 83 76 71 85 76 41 48 92 54 23 78 73 2 36 49 55 38 100 5 88 98 46 13 68 73 42 96 18 59 71 94 85 29 65 80 10 52 25 88 60 73 16 72 7 84 50 88 91 14 43 75 4 71 91 94 71 53 42 58 92 18 0 28 30 24 37 23 93 88 31 70 60 1 55 9 61 
41 52 23 25 71 86 77 12 29 27 12 27 46 86 37 2 85 76 52 93 80 23 84 96 54 16 56 13 15 82 54 78 19 52 18 15 30 57 73 26 46 18 100 14 84 59 56 74 68 21 82 89 93 50 13 35 79 25 63 33 42 3 66 36 78 25 29 35 58 93 29 83 11 8 95 28 0 90 97 78 36 54 88 68 22 67 33 59 39 46 
39 6 86 20 57 80 13 100 57 73 66 2 85 83 20 90 81 49 23 71 48 91 71 55 33 56 86 47 46 60 45 24 11 56 43 99 88 87 91 33 48 77 87 94 62 27 13 63 15 26 87 27 69 95 6 55 3 95 82 71 77 32 56 38 7 56 62 55 94 16 91 66 70 9 58 30 90 0 39 71 84 55 99 65 79 87 39 23 74 22 
38 92 84 38 95 32 56 10 94 27 42 73 31 58 72 26 41 35 52 51 45 87 21 78 79 3 67 76 87 97 78 80 71 14 41 5 31 7 65 70 85 13 8 33 27 30 17 37 100 68 89 30 25 35 27 17 75 88 71 84 73 78 70 4 48 38 81 31 80 16 61 71 41 42 58 24 97 39 0 92 85 22 98 93 35 87 41 64 23 46 
15 96 22 78 68 14 97 69 48 78 4 70 70 78 3 100 90 42 82 32 5 97 66 7 16 33 80 44 4 65 66 5 17 41 20 59 55 49 83 33 91 46 77 5 82 81 42 24 70 8 28 30 90 6 12 9 82 19 81 56 12 96 56 75 78 90 81 16 61 96 68 14 35 17 81 37 78 71 92 0 51 42 68 18 75 26 56 72 16 78 
84 17 17 82 30 91 23 4 93 16 54 46 75 14 54 100 94 30 51 20 65 84 90 13 93 18 35 57 43 86 27 61 3 73 40 96 92 56 24 91 30 43 81 42 74 92 15 91 35 53 27 54 57 3 28 3 43 22 56 51 12 60 10 51 72 81 57 74 6 12 13 51 8 100 17 23 36 84 85 51 0 55 70 28 71 100 66 9 22 91 
6 62 58 88 25 85 60 85 79 65 53 57 82 8 32 21 56 64 59 24 19 89 95 57 71 82 55 71 33 90 14 5 18 44 48 76 1 35 64 89 64 50 39 40 78 16 27 79 30 55 38 60 93 89 50 3 28 70 93 39 80 50 53 69 90 75 5 91 80 66 32 10 71 9 28 93 54 55 22 42 55 0 30 13 75 4 62 20 90 49 
39 58 36 27 27 76 17 73 46 71 2 76 13 9 55 70 6 13 45 56 89 24 57 14 3 71 69 95 15 90 42 56 90 47 61 74 84 13 44 77 19 16 11 53 98 20 82 29 56 88 36 93 29 55 23 40 31 56 89 100 14 59 33 30 65 65 55 84 49 14 32 91 34 78 66 88 88 99 98 68 70 30 0 60 53 23 58 56 64 77 
82 14 75 30 51 27 94 20 99 22 53 75 21 78 73 99 96 43 24 59 30 72 19 71 97 17 46 65 85 43 94 15 23 1 41 90 95 17 100 81 11 28 67 70 70 28 61 56 51 10 39 22 24 48 97 2 38 66 73 39 50 71 57 73 62 58 12 34 23 88 24 15 69 73 85 31 68 65 93 18 28 13 60 0 25 38 54 80 9 69 
93 24 95 94 37 62 34 22 30 84 52 84 83 97 93 1 15 22 49 47 94 19 14 39 18 11 16 32 43 49 40 57 17 45 13 12 17 23 99 84 17 62 25 50 8 36 39 44 12 58 22 38 5 23 35 50 92 52 44 11 79 29 64 76 46 82 29 61 33 30 39 9 93 19 20 70 22 79 35 75 71 75 53 25 0 9 15 90 37 37 
70 73 66 55 15 40 61 10 11 98 52 34 87 91 75 49 53 30 30 48 69 100 77 25 86 26 36 81 5 52 59 21 76 70 15 84 79 36 8 41 50 41 80 47 98 14 61 63 56 57 5 46 8 72 32 44 31 82 22 95 5 72 35 92 39 64 62 65 92 80 78 22 48 86 13 60 67 87 87 26 100 4 23 38 9 0 90 2 98 63 
19 54 73 85 61 47 59 97 85 29 72 41 42 79 18 72 97 37 23 89 40 4 97 93 51 79 68 40 56 95 56 10 99 32 82 77 49 59 95 75 76 21 17 99 31 88 22 86 67 38 42 89 2 12 99 65 27 80 52 13 12 72 15 25 64 87 1 95 57 34 48 11 44 50 81 1 33 39 41 56 66 62 58 54 15 90 0 93 79 28 
84 12 8 74 62 57 4 49 78 79 91 33 8 88 49 11 73 61 25 2 55 6 54 55 70 64 100 41 44 13 67 54 23 14 99 19 38 3 91 3 28 47 40 64 44 60 76 69 58 47 27 17 98 70 47 49 63 20 16 14 73 7 34 9 66 5 18 93 40 88 9 9 62 9 33 55 59 23 64 72 9 20 56 80 90 2 93 0 19 82 
75 69 17 71 70 27 14 46 52 10 26 39 96 45 13 44 86 72 40 78 1 58 52 46 11 20 47 13 40 68 28 30 25 86 65 33 84 42 59 29 22 85 56 75 99 64 76 21 88 40 79 88 46 85 5 37 17 19 41 10 17 76 15 48 20 5 94 45 22 26 23 26 74 84 39 9 39 74 23 16 22 90 64 9 37 98 79 19 0 89 
85 32 27 88 48 30 37 44 5 17 95 27 9 48 59 50 32 84 11 60 45 98 4 51 25 93 30 96 43 41 63 64 83 88 22 10 98 56 96 60 67 62 94 41 40 22 73 2 75 98 63 16 83 57 12 71 86 94 97 53 77 35 87 89 36 51 28 3 72 65 63 39 85 36 65 61 46 22 46 78 91 49 77 69 37 63 28 82 89 0 
