50
0 31 65 42 10 92 32 19 84 98 53 26 55 67 13 32 9 94 65 64 2 71 7 84 89 54 91 79 73 27 38 85 57 55 78 66 98 9 36 33 7 88 58 13 6 70 44 15 63 60 
31 0 78 17 30 36 52 18 41 42 96 13 20 86 50 28 40 27 46 37 36 81 69 42 21 78 6 78 100 50 92 14 9 21 82 39 8 85 56 100 78 4 13 97 41 14 77 32 40 22 
65 78 0 20 27 54 40 20 74 17 26 52 68 75 95 82 35 68 15 73 27 100 81 27 77 36 39 26 28 4 2 59 43 23 78 22 28 69 41 2 85 66 5 5 92 51 38 27 18 52 
42 17 20 0 51 45 51 83 23 28 70 13 5 49 16 6 7 10 80 36 31 7 4 72 60 41 89 64 97 81 15 34 59 84 85 61 28 36 96 50 15 17 62 19 66 29 76 24 39 55 
10 30 27 51 0 60 69 13 15 40 73 7 81 88 3 61 2 36 71 86 73 83 65 60 78 67 74 95 80 44 12 9 71 35 47 77 46 15 89 61 7 61 19 87 49 74 99 2 61 21 
92 36 54 45 60 0 39 33 3 4 92 81 70 17 27 49 60 38 57 82 72 55 58 18 22 47 30 28 59 100 66 59 73 16 61 34 36 99 66 38 54 10 70 75 26 96 24 38 85 32 
32 52 40 51 69 39 0 19 57 39 77 26 60 75 7 39 33 58 4 44 31 71 4 16 6 54 33 95 60 42 65 34 20 12 9 57 97 93 27 5 31 3 82 90 77 40 28 62 97 83 
19 18 20 83 13 33 19 0 5 79 53 60 46 10 65 79 4 24 72 20 10 91 32 18 99 80 10 26 84 40 80 17 81 9 56 8 70 4 42 26 83 94 85 80 55 1 10 59 25 82 
84 41 74 23 15 3 57 5 0 30 86 24 61 3 75 92 65 52 75 4 31 43 85 39 98 44 60 2 86 85 36 31 69 67 38 22 77 48 98 10 77 83 85 90 85 59 81 49 62 8 
98 42 17 28 40 4 39 79 30 0 5 93 50 41 31 48 36 91 1 73 27 88 56 48 6 93 69 82 40 66 43 16 48 28 57 84 38 38 85 100 97 41 44 46 81 26 45 68 68 97 
53 96 26 70 73 92 77 53 86 5 0 41 95 36 96 42 42 40 10 75 79 27 18 46 74 97 3 9 34 92 93 85 88 33 28 85 65 54 30 33 21 26 25 15 62 72 8 55 11 69 
26 13 52 13 7 81 26 60 24 93 41 0 29 89 95 46 86 68 42 40 77 28 31 21 12 70 54 92 55 70 45 36 54 17 61 78 84 74 49 91 28 11 12 9 51 6 54 37 74 48 
55 20 68 5 81 70 60 46 61 50 95 29 0 76 2 75 59 22 38 80 27 29 34 97 25 69 2 94 82 32 77 7 32 19 35 43 30 43 93 36 48 29 61 47 57 14 21 15 87 11 
67 86 75 49 88 17 75 10 3 41 36 89 76 0 94 14 39 80 62 16 100 63 9 81 46 37 88 78 7 74 20 37 68 12 24 67 93 36 14 49 49 86 15 35 96 8 100 87 39 61 
13 50 95 16 3 27 7 65 75 31 96 95 2 94 0 2 39 76 62 19 21 98 58 98 4 31 69 92 50 81 67 17 25 2 30 73 2 15 87 37 11 46 36 97 85 49 50 23 76 63 
32 28 82 6 61 49 39 79 92 48 42 46 75 14 2 0 93 48 12 3 46 15 33 66 59 83 46 25 99 22 79 80 94 80 94 32 16 4 30 4 52 14 4 53 88 31 15 32 78 26 
9 40 35 7 2 60 33 4 65 36 42 86 59 39 39 93 0 34 75 93 19 41 51 1 38 27 51 60 5 30 5 37 23 37 4 79 66 59 82 31 62 35 70 92 1 1 22 79 87 96 
94 27 68 10 36 38 58 24 52 91 40 68 22 80 76 48 34 0 71 5 36 73 57 26 51 7 85 8 88 89 44 62 77 47 92 94 6 74 24 19 60 45 63 12 46 84 90 32 79 60 
65 46 15 80 71 57 4 72 75 1 10 42 38 62 62 12 75 71 0 88 67 84 44 92 35 50 28 42 89 16 37 50 45 83 94 38 40 67 14 59 78 58 73 41 55 56 31 38 86 42 
64 37 73 36 86 82 44 20 4 73 75 40 80 16 19 3 93 5 88 0 25 4 26 68 95 12 69 22 5 57 90 41 59 86 75 52 23 15 70 88 25 99 46 97 39 52 52 69 90 89 
2 36 27 31 73 72 31 10 31 27 79 77 27 100 21 46 19 36 67 25 0 63 66 93 88 34 87 51 54 61 55 11 2 47 21 87 21 72 9 35 41 49 59 39 46 55 29 97 58 98 
71 81 100 7 83 55 71 91 43 88 27 28 29 63 98 15 41 73 84 4 63 0 38 47 60 4 39 99 37 77 49 90 37 55 52 38 1 72 76 21 95 37 8 87 85 66 25 30 73 54 
7 69 81 4 65 58 4 32 85 56 18 31 34 9 58 33 51 57 44 26 66 38 0 26 30 3 64 76 14 19 14 12 7 91 12 48 79 18 100 69 18 23 44 90 18 80 97 4 64 15 
84 42 27 72 60 18 16 18 39 48 46 21 97 81 98 66 1 26 92 68 93 47 26 0 81 45 87 86 23 16 40 38 92 53 56 57 16 62 99 27 9 78 96 60 98 65 83 41 54 52 
89 21 77 60 78 22 6 99 98 6 74 12 25 46 4 59 38 51 35 95 88 60 30 81 0 21 3 55 36 69 87 33 55 24 55 70 63 92 13 15 47 22 30 60 72 8 68 49 3 28 
54 78 36 41 67 47 54 80 44 93 97 70 69 37 31 83 27 7 50 12 34 4 3 45 21 0 46 19 62 39 73 13 11 27 19 98 95 58 30 1 81 84 22 44 75 35 10 73 8 40 
91 6 39 89 74 30 33 10 60 69 3 54 2 88 69 46 51 85 28 69 87 39 64 87 3 46 0 32 79 99 52 80 54 31 77 72 92 15 96 56 77 74 26 75 68 35 4 20 16 40 
79 78 26 64 95 28 95 26 2 82 9 92 94 78 92 25 60 8 42 22 51 99 76 86 55 19 32 0 42 11 66 28 20 39 35 11 22 65 62 73 44 15 3 73 38 46 87 34 53 16 
73 100 28 97 80 59 60 84 86 40 34 55 82 7 50 99 5 88 89 5 54 37 14 23 36 62 79 42 0 7 31 90 27 65 45 46 32 84 87 42 50 14 14 40 100 24 61 65 85 86 
27 50 4 81 44 100 42 40 85 66 92 70 32 74 81 22 30 89 16 57 61 77 19 16 69 39 99 11 7 0 60 51 40 32 89 86 71 74 90 86 80 20 75 58 85 71 56 68 55 42 
38 92 2 15 12 66 65 80 36 43 93 45 77 20 67 79 5 44 37 90 55 49 14 40 87 73 52 66 31 60 0 10 56 8 23 95 59 98 7 23 35 92 35 85 84 66 25 69 36 98 
85 14 59 34 9 59 34 17 31 16 85 36 7 37 17 80 37 62 50 41 11 90 12 38 33 13 80 28 90 51 10 0 10 73 30 30 99 87 66 70 94 33 76 36 94 31 95 16 77 53 
57 9 43 59 71 73 20 81 69 48 88 54 32 68 25 94 23 77 45 59 2 37 7 92 55 11 54 20 27 40 56 10 0 66 35 28 100 79 62 36 62 79 13 82 67 10 91 39 91 72 
55 21 23 84 35 16 12 9 67 28 33 17 19 12 2 80 37 47 83 86 47 55 91 53 24 27 31 39 65 32 8 73 66 0 38 30 89 59 23 74 34 10 67 16 4 35 44 9 100 78 
78 82 78 85 47 61 9 56 38 57 28 61 35 24 30 94 4 92 94 75 21 52 12 56 55 19 77 35 45 89 23 30 35 38 0 36 51 8 49 86 69 27 98 2 93 60 45 84 50 16 
66 39 22 61 77 34 57 8 22 84 85 78 43 67 73 32 79 94 38 52 87 38 48 57 70 98 72 11 46 86 95 30 28 30 36 0 21 31 5 31 54 30 64 63 96 31 19 82 74 27 
98 8 28 28 46 36 97 70 77 38 65 84 30 93 2 16 66 6 40 23 21 1 79 16 63 95 92 22 32 71 59 99 100 89 51 21 0 81 3 62 83 11 62 69 31 88 18 85 33 29 
9 85 69 36 15 99 93 4 48 38 54 74 43 36 15 4 59 74 67 15 72 72 18 62 92 58 15 65 84 74 98 87 79 59 8 31 81 0 29 16 79 44 88 61 100 18 14 29 33 77 
36 56 41 96 89 66 27 42 98 85 30 49 93 14 87 30 82 24 14 70 9 76 100 99 13 30 96 62 87 90 7 66 62 23 49 5 3 29 0 77 63 47 58 36 73 91 90 86 73 100 
33 100 2 50 61 38 5 26 10 100 33 91 36 49 37 4 31 19 59 88 35 21 69 27 15 1 56 73 42 86 23 70 36 74 86 31 62 16 77 0 47 93 83 86 11 67 18 91 95 33 
7 78 85 15 7 54 31 83 77 97 21 28 48 49 11 52 62 60 78 25 41 95 18 9 47 81 77 44 50 80 35 94 62 34 69 54 83 79 63 47 0 21 90 20 82 90 37 95 70 69 
88 4 66 17 61 10 3 94 83 41 26 11 29 86 46 14 35 45 58 99 49 37 23 78 22 84 74 15 14 20 92 33 79 10 27 30 11 44 47 93 21 0 23 46 83 69 56 18 93 46 
58 13 5 62 19 70 82 85 85 44 25 12 61 15 36 4 70 63 73 46 59 8 44 96 30 22 26 3 14 75 35 76 13 67 98 64 62 88 58 83 90 23 0 60 78 18 11 24 63 93 
13 97 5 19 87 75 90 80 90 46 15 9 47 35 97 53 92 12 41 97 39 87 90 60 60 44 75 73 40 58 85 36 82 16 2 63 69 61 36 86 20 46 60 0 10 25 11 79 15 57 
6 41 92 66 49 26 77 55 85 81 62 51 57 96 85 88 1 46 55 39 46 85 18 98 72 75 68 38 100 85 84 94 67 4 93 96 31 100 73 11 82 83 78 10 0 12 36 47 83 17 
70 14 51 29 74 96 40 1 59 26 72 6 14 8 49 31 1 84 56 52 55 66 80 65 8 35 35 46 24 71 66 31 10 35 60 31 88 18 91 67 90 69 18 25 12 0 88 72 63 57 
44 77 38 76 99 24 28 10 81 45 8 54 21 100 50 15 22 90 31 52 29 25 97 83 68 10 4 87 61 56 25 95 91 44 45 19 18 14 90 18 37 56 11 11 36 88 0 92 86 55 
15 32 27 24 2 38 62 59 49 68 55 37 15 87 23 32 79 32 38 69 97 30 4 41 49 73 20 34 65 68 69 16 39 9 84 82 85 29 86 91 95 18 24 79 47 72 92 0 75 6 
63 40 18 39 61 85 97 25 62 68 11 74 87 39 76 78 87 79 86 90 58 73 64 54 3 8 16 53 85 55 36 77 91 100 50 74 33 33 73 95 70 93 63 15 83 63 86 75 0 10 
60 22 52 55 21 32 83 82 8 97 69 48 11 61 63 26 96 60 42 89 98 54 15 52 28 40 40 16 86 42 98 53 72 78 16 27 29 77 100 33 69 46 93 57 17 57 55 6 10 0 
