80
0 39 15 15 63 27 92 51 14 24 36 99 81 17 31 61 70 39 43 9 91 51 42 58 74 46 65 31 45 49 84 31 39 98 97 1 76 89 3 89 64 38 40 45 55 70 5 76 61 99 85 3 49 26 12 75 23 29 5 19 29 89 49 67 38 97 68 14 85 22 2 49 12 93 93 18 63 49 93 75 
39 0 99 29 77 48 54 40 22 28 68 78 98 96 66 46 63 56 95 82 21 79 55 74 27 66 67 71 83 29 71 76 55 70 4 83 17 10 22 90 89 42 67 87 89 85 84 3 40 78 84 60 57 39 33 35 56 99 58 39 79 28 14 33 49 69 67 17 78 89 6 67 82 25 53 70 9 88 73 48 
15 99 0 66 8 59 74 98 43 8 54 94 17 92 72 45 57 57 45 25 23 62 3 63 19 21 96 43 25 66 3 12 38 2 77 97 60 50 95 55 10 48 48 26 39 19 22 95 27 67 19 2 80 73 16 50 93 12 45 17 77 47 81 66 49 57 62 60 59 56 14 68 55 61 45 45 32 67 39 10 
15 29 66 0 85 10 11 16 34 79 65 79 90 9 95 18 8 75 35 8 84 48 19 42 56 33 61 10 45 5 55 28 23 45 38 7 6 100 22 40 78 39 18 19 99 64 36 6 91 22 65 74 70 84 67 25 68 27 86 12 83 40 92 6 37 29 64 42 28 38 81 58 76 50 76 26 14 64 84 4 
63 77 8 85 0 85 48 29 6 83 95 82 50 73 68 14 7 59 5 64 95 33 28 37 12 17 69 21 92 19 97 69 32 12 52 87 48 100 15 54 82 61 87 84 33 54 97 39 65 1 3 59 85 82 47 48 98 16 69 41 34 17 9 65 80 61 3 27 12 17 32 45 77 19 28 61 24 24 99 88 
27 48 59 10 85 0 76 53 47 60 86 93 8 35 8 28 75 93 96 36 9 75 48 11 1 59 27 33 3 55 3 83 15 26 6 66 14 82 70 12 93 56 4 52 90 64 79 17 56 26 52 17 100 99 27 53 9 6 85 63 60 87 45 75 64 3 92 77 84 61 88 28 68 44 80 10 7 10 26 14 
92 54 74 11 48 76 0 36 29 30 35 79 9 87 87 14 23 1 73 61 46 99 25 100 42 53 35 3 41 62 22 84 41 31 42 51 8 7 38 36 89 72 14 97 11 52 10 85 5 34 46 2 85 22 1 26 74 35 80 66 96 2 1 89 84 42 91 92 1 28 27 89 51 93 85 61 96 46 46 100 
51 40 98 16 29 53 36 0 79 43 1 63 16 1 41 89 87 72 7 35 25 7 75 9 1 65 100 1 44 78 89 94 22 25 7 70 70 4 69 48 98 22 63 13 22 55 53 61 26 59 95 51 66 69 11 18 85 62 18 28 39 58 73 13 82 79 82 51 34 50 50 31 71 64 43 45 18 96 57 96 
14 22 43 34 6 47 29 79 0 6 51 98 23 71 8 40 55 69 57 82 59 66 6 71 47 85 4 49 70 6 99 1 28 62 95 72 32 42 28 27 48 30 24 70 100 31 62 54 51 70 87 9 36 45 32 34 29 35 83 50 40 33 50 68 94 45 91 77 38 19 55 85 100 78 7 100 60 68 5 10 
24 28 8 79 83 60 30 43 6 0 37 44 71 24 88 2 58 68 36 40 17 76 72 19 95 17 15 85 46 52 55 100 89 55 78 95 6 89 14 62 51 50 57 21 26 96 74 83 15 9 22 32 36 45 2 30 13 16 67 58 19 21 58 7 27 87 1 32 75 14 46 25 16 2 97 41 98 70 23 12 
36 68 54 65 95 86 35 1 51 37 0 31 96 95 18 92 48 100 4 15 66 62 34 86 71 40 65 57 93 48 83 6 93 60 73 47 56 13 96 78 87 59 60 34 6 77 25 53 76 29 68 93 42 1 31 12 92 95 20 84 42 2 42 35 61 14 81 69 79 28 46 17 86 5 51 91 33 75 44 9 
99 78 94 79 82 93 79 63 98 44 31 0 55 63 1 96 63 83 59 6 77 78 90 19 80 31 5 92 96 37 60 74 64 57 43 49 13 93 40 46 19 35 6 26 97 58 73 59 41 32 16 17 9 5 87 40 87 91 32 83 27 43 8 42 100 50 91 12 94 82 57 65 16 14 90 12 72 62 22 12 
81 98 17 90 50 8 9 16 23 71 96 55 0 93 37 80 54 94 67 45 80 9 28 14 88 71 22 29 70 23 71 33 69 52 42 33 67 55 22 30 78 83 51 89 28 40 21 33 33 39 77 12 47 57 26 86 27 99 15 48 73 85 80 41 37 21 73 55 28 94 85 5 29 35 46 8 74 66 40 58 
17 96 92 9 73 35 87 1 71 24 95 63 93 0 56 68 70 54 24 47 40 2 97 54 49 21 90 29 62 78 1 34 33 28 80 17 85 60 3 30 67 29 47 58 38 2 25 59 55 1 57 46 2 53 99 51 74 41 31 87 18 83 72 2 63 51 18 47 62 73 28 28 53 74 37 90 27 14 1 33 
31 66 72 95 68 8 87 41 8 88 18 1 37 56 0 14 57 79 67 62 29 69 35 69 99 73 87 34 44 88 96 47 58 42 8 82 21 88 86 94 24 27 72 37 27 4 2 84 82 69 45 63 37 31 31 88 3 69 21 98 9 16 44 18 9 4 51 29 91 36 74 66 14 45 55 93 100 56 76 34 
61 46 45 18 14 28 14 89 40 2 92 96 80 68 14 0 76 72 96 13 54 26 100 8 47 72 5 55 39 1 24 47 4 74 27 46 61 100 11 74 96 65 66 95 73 93 28 48 16 75 60 21 1 11 28 99 34 85 5 72 37 28 18 40 1 96 85 61 47 47 86 42 64 52 89 36 96 68 83 12 
70 63 57 8 7 75 23 87 55 58 48 63 54 70 57 76 0 43 95 32 95 57 12 93 91 96 97 62 84 24 32 23 76 27 59 88 74 57 73 67 20 76 7 55 72 75 90 35 17 36 18 11 92 29 55 82 76 51 96 59 26 27 33 1 5 43 88 30 100 12 49 19 88 55 26 11 29 15 97 97 
39 56 57 75 59 93 1 72 69 68 100 83 94 54 79 72 43 0 50 14 59 93 95 13 75 70 63 22 81 88 100 13 40 4 56 79 86 7 91 34 25 30 40 50 92 21 16 88 17 17 1 76 10 47 40 36 69 3 57 49 42 8 13 34 63 20 12 48 26 54 33 3 35 25 4 26 45 20 13 13 
43 95 45 35 5 96 73 7 57 36 4 59 67 24 67 96 95 50 0 88 66 88 49 12 80 84 80 82 92 80 75 99 93 60 14 64 24 61 90 77 46 92 64 70 47 89 14 66 54 26 6 71 66 54 34 45 38 66 78 81 45 4 32 89 16 45 53 39 57 94 67 2 37 30 23 83 19 88 1 24 
9 82 25 8 64 36 61 35 82 40 15 6 45 47 62 13 32 14 88 0 66 6 94 83 59 27 27 48 92 56 81 89 11 12 77 26 8 81 64 64 74 83 18 10 12 40 45 82 28 45 5 45 50 50 27 60 77 5 60 20 12 92 8 22 3 37 100 62 17 15 25 91 97 42 52 9 34 96 42 13 
91 21 23 84 95 9 46 25 59 17 66 77 80 40 29 54 95 59 66 66 0 40 99 57 41 48 83 53 76 39 64 48 50 55 55 71 9 43 22 70 60 37 94 2 33 88 53 93 73 49 87 85 40 85 93 33 84 75 85 60 65 48 7 14 54 13 84 62 8 58 31 67 94 76 68 78 15 72 23 87 
51 79 62 48 33 75 99 7 66 76 62 78 9 2 69 26 57 93 88 6 40 0 20 9 71 12 45 63 44 28 89 80 87 53 79 45 18 32 10 54 93 17 11 75 35 4 50 2 33 65 73 55 51 45 63 74 8 7 88 3 87 29 34 25 33 12 22 51 95 31 4 39 99 66 13 33 69 62 86 1 
42 55 3 19 28 48 25 75 6 72 34 90 28 97 35 100 12 95 49 94 99 20 0 78 10 8 81 54 22 6 13 81 93 15 67 73 48 91 6 11 12 8 5 94 63 43 92 28 7 76 48 21 61 100 98 71 7 30 76 81 35 41 61 28 7 27 52 55 69 9 17 81 68 22 26 30 16 18 9 23 
58 74 63 42 37 11 100 9 71 19 86 19 14 54 69 8 93 13 12 83 57 9 78 0 45 8 43 58 8 92 28 66 22 55 46 8 47 58 87 54 84 39 8 5 47 76 85 15 49 10 96 65 79 57 39 76 64 33 33 71 76 12 89 49 66 86 57 13 44 43 18 79 81 77 83 80 52 19 46 1 
74 27 19 56 12 1 42 1 47 95 71 80 88 49 99 47 91 75 80 59 41 71 10 45 0 81 41 17 11 97 55 86 61 39 18 83 14 29 23 63 47 9 71 11 4 13 28 82 94 4 65 73 55 35 18 7 15 10 23 26 59 29 63 19 19 81 53 85 9 76 47 55 36 69 65 39 81 44 20 74 
46 66 21 33 17 59 53 65 85 17 40 31 71 21 73 72 96 70 84 27 48 12 8 8 81 0 47 36 98 54 23 67 60 37 29 35 14 87 63 77 57 82 9 9 66 17 36 64 24 71 32 40 61 12 84 81 38 82 68 87 35 90 6 95 79 34 29 92 72 43 20 28 76 28 88 41 97 76 56 72 
65 67 96 61 69 27 35 100 4 15 65 5 22 90 87 5 97 63 80 27 83 45 81 43 41 47 0 46 39 11 7 3 46 39 92 28 58 78 62 48 35 8 26 20 88 69 91 31 41 70 58 20 10 51 16 85 6 87 82 97 50 88 99 95 78 90 74 36 19 88 35 6 95 60 25 35 80 68 17 20 
31 71 43 10 21 33 3 1 49 85 57 92 29 29 34 55 62 22 82 48 53 63 54 58 17 36 46 0 89 74 40 98 24 7 82 82 46 64 78 95 3 28 41 33 17 15 68 87 2 2 92 48 13 69 82 44 88 98 64 28 72 55 26 95 13 59 76 58 74 5 52 29 32 93 61 100 59 80 87 60 
45 83 25 45 92 3 41 44 70 46 93 96 70 62 44 39 84 81 92 92 76 44 22 8 11 98 39 89 0 81 30 59 45 50 41 88 89 38 3 17 61 9 94 56 22 52 83 79 78 40 31 6 71 75 18 23 85 97 61 96 29 90 54 73 92 94 60 32 84 15 48 44 23 41 51 44 45 34 23 22 
49 29 66 5 19 55 62 78 6 52 48 37 23 78 88 1 24 88 80 56 39 28 6 92 97 54 11 74 81 0 25 5 27 95 31 44 17 15 92 77 10 20 19 15 92 62 61 3 93 44 17 41 87 92 33 38 35 77 23 9 50 47 13 28 93 43 71 62 9 14 38 70 33 8 85 24 21 45 79 14 
84 71 3 55 97 3 22 89 99 55 83 60 71 1 96 24 32 100 75 81 64 89 13 28 55 23 7 40 30 25 0 40 47 6 26 38 90 15 25 67 37 33 16 35 98 44 28 92 66 41 1 80 78 22 64 38 58 40 58 54 18 23 93 16 28 19 54 70 85 30 36 74 14 3 8 11 98 87 3 16 
31 76 12 28 69 83 84 94 1 100 6 74 33 34 47 47 23 13 99 89 48 80 81 66 86 67 3 98 59 5 40 0 27 55 47 57 28 10 46 86 49 3 39 18 78 84 34 57 54 39 26 38 68 13 11 81 16 71 44 13 57 46 80 36 52 26 44 79 36 89 16 84 43 7 54 20 90 87 77 43 
39 55 38 23 32 15 41 22 28 89 93 64 69 33 58 4 76 40 93 11 50 87 93 22 61 60 46 24 45 27 47 27 0 25 2 80 44 15 43 24 82 65 67 46 21 64 26 8 67 51 51 98 38 39 13 74 82 19 27 53 60 13 29 2 37 83 34 32 49 28 55 30 92 74 27 64 89 52 72 56 
98 70 2 45 12 26 31 25 62 55 60 57 52 28 42 74 27 4 60 12 55 53 15 55 39 37 39 7 50 95 6 55 25 0 55 74 5 92 65 17 65 98 88 91 50 99 55 31 53 91 13 86 74 13 65 29 94 56 54 20 71 94 24 42 1 78 68 5 21 32 74 38 29 13 28 78 11 83 8 63 
97 4 77 38 52 6 42 7 95 78 73 43 42 80 8 27 59 56 14 77 55 79 67 46 18 29 92 82 41 31 26 47 2 55 0 25 72 100 99 84 16 79 77 71 84 49 42 77 72 35 30 1 2 34 21 85 59 58 65 71 38 95 34 72 54 48 48 26 100 98 61 15 28 90 38 11 38 79 40 9 
1 83 97 7 87 66 51 70 72 95 47 49 33 17 82 46 88 79 64 26 71 45 73 8 83 35 28 82 88 44 38 57 80 74 25 0 65 69 9 19 54 81 3 13 91 20 83 28 14 68 51 67 16 98 92 15 48 5 81 75 94 18 38 31 96 77 91 13 97 51 31 50 31 85 14 73 4 49 100 17 
76 17 60 6 48 14 8 70 32 6 56 13 67 85 21 61 74 86 24 8 9 18 48 47 14 14 58 46 89 17 90 28 44 5 72 65 0 16 2 84 83 52 27 49 99 31 30 73 24 47 62 6 95 90 96 7 86 46 89 88 29 73 53 1 29 1 53 97 69 6 80 51 57 59 100 55 89 29 80 65 
89 10 50 100 100 82 7 4 42 89 13 93 55 60 88 100 57 7 61 81 43 32 91 58 29 87 78 64 38 15 15 10 15 92 100 69 16 0 75 41 70 69 31 18 27 68 15 15 7 43 40 60 96 68 60 100 64 80 5 96 31 62 6 82 68 46 10 47 10 36 40 32 57 22 49 83 89 63 50 96 
3 22 95 22 15 70 38 69 28 14 96 40 22 3 86 11 73 91 90 64 22 10 6 87 23 63 62 78 3 92 25 46 43 65 99 9 2 75 0 58 89 7 53 8 18 4 23 98 8 70 28 21 75 9 41 21 70 39 82 57 78 13 13 99 13 48 40 76 49 35 33 37 93 37 96 10 40 18 7 99 
89 90 55 40 54 12 36 48 27 62 78 46 30 30 94 74 67 34 77 64 70 54 11 54 63 77 48 95 17 77 67 86 24 17 84 19 84 41 58 0 40 34 72 66 94 12 86 63 50 20 72 80 84 84 30 97 83 69 72 31 55 56 19 47 44 14 57 35 84 15 85 75 1 56 40 94 19 78 9 21 
64 89 10 78 82 93 89 98 48 51 87 19 78 67 24 96 20 25 46 74 60 93 12 84 47 57 35 3 61 10 37 49 82 65 16 54 83 70 89 40 0 97 80 100 80 15 81 76 98 50 99 80 56 6 99 3 1 64 11 35 47 25 20 73 77 27 13 71 46 90 31 66 38 62 17 17 76 49 45 25 
38 42 48 39 61 56 72 22 30 50 59 35 83 29 27 65 76 30 92 83 37 17 8 39 9 82 8 28 9 20 33 3 65 98 79 81 52 69 7 34 97 0 98 95 5 54 53 55 8 53 18 70 88 17 46 59 89 23 85 53 45 30 42 75 47 79 88 15 48 15 64 44 40 13 90 96 18 42 2 25 
40 67 48 18 87 4 14 63 24 57 60 6 51 47 72 66 7 40 64 18 94 11 5 8 71 9 26 41 94 19 16 39 67 88 77 3 27 31 53 72 80 98 0 47 19 46 34 87 92 44 76 14 28 80 58 10 22 84 56 52 71 23 51 37 38 46 28 50 36 23 68 29 24 44 75 95 90 60 81 33 
45 87 26 19 84 52 97 13 70 21 34 26 89 58 37 95 55 50 70 10 2 75 94 5 11 9 20 33 56 15 35 18 46 91 71 13 49 18 8 66 100 95 47 0 3 8 46 83 88 55 92 61 38 99 64 60 21 15 96 58 12 76 8 99 98 27 80 74 22 6 20 63 66 52 95 20 12 40 2 51 
55 89 39 99 33 90 11 22 100 26 6 97 28 38 27 73 72 92 47 12 33 35 63 47 4 66 88 17 22 92 98 78 21 50 84 91 99 27 18 94 80 5 19 3 0 46 45 11 35 44 74 46 64 40 94 74 4 69 33 2 18 59 81 91 32 87 62 95 4 66 89 75 77 81 29 27 26 73 37 13 
70 85 19 64 54 64 52 55 31 96 77 58 40 2 4 93 75 21 89 40 88 4 43 76 13 17 69 15 52 62 44 84 64 99 49 20 31 68 4 12 15 54 46 8 46 0 68 62 58 32 54 51 57 57 19 89 10 37 47 91 79 78 29 41 24 84 6 13 58 34 45 38 60 70 11 48 82 78 61 92 
5 84 22 36 97 79 10 53 62 74 25 73 21 25 2 28 90 16 14 45 53 50 92 85 28 36 91 68 83 61 28 34 26 55 42 83 30 15 23 86 81 53 34 46 45 68 0 61 14 42 17 22 61 5 32 97 3 74 27 33 2 19 56 37 76 20 46 9 64 84 68 86 46 67 19 75 28 10 88 41 
76 3 95 6 39 17 85 61 54 83 53 59 33 59 84 48 35 88 66 82 93 2 28 15 82 64 31 87 79 3 92 57 8 31 77 28 73 15 98 63 76 55 87 83 11 62 61 0 52 4 63 64 61 94 12 15 19 38 99 20 57 7 8 32 26 53 93 42 36 12 27 33 79 97 8 6 59 95 98 10 
61 40 27 91 65 56 5 26 51 15 76 41 33 55 82 16 17 17 54 28 73 33 7 49 94 24 41 2 78 93 66 54 67 53 72 14 24 7 8 50 98 8 92 88 35 58 14 52 0 50 12 25 62 57 36 77 75 73 75 46 81 81 53 13 59 6 5 100 93 16 78 26 46 26 85 3 84 79 1 93 
99 78 67 22 1 26 34 59 70 9 29 32 39 1 69 75 36 17 26 45 49 65 76 10 4 71 70 2 40 44 41 39 51 91 35 68 47 43 70 20 50 53 44 55 44 32 42 4 50 0 28 64 69 90 21 4 18 95 77 44 41 57 77 45 21 35 2 77 86 95 45 15 72 42 40 56 45 24 86 97 
85 84 19 65 3 52 46 95 87 22 68 16 77 57 45 60 18 1 6 5 87 73 48 96 65 32 58 92 31 17 1 26 51 13 30 51 62 40 28 72 99 18 76 92 74 54 17 63 12 28 0 68 65 60 37 6 80 40 23 75 68 19 67 77 95 63 49 81 65 78 18 11 74 32 34 15 23 89 59 46 
3 60 2 74 59 17 2 51 9 32 93 17 12 46 63 21 11 76 71 45 85 55 21 65 73 40 20 48 6 41 80 38 98 86 1 67 6 60 21 80 80 70 14 61 46 51 22 64 25 64 68 0 26 55 66 90 15 54 96 94 45 18 20 65 88 38 41 82 1 41 14 17 18 31 27 91 14 60 6 37 
49 57 80 70 85 100 85 66 36 36 42 9 47 2 37 1 92 10 66 50 40 51 61 79 55 61 10 13 71 87 78 68 38 74 2 16 95 96 75 84 56 88 28 38 64 57 61 61 62 69 65 26 0 100 16 34 25 71 51 14 37 4 9 82 49 79 54 13 66 91 5 100 43 97 65 59 15 96 37 57 
26 39 73 84 82 99 22 69 45 45 1 5 57 53 31 11 29 47 54 50 85 45 100 57 35 12 51 69 75 92 22 13 39 13 34 98 90 68 9 84 6 17 80 99 40 57 5 94 57 90 60 55 100 0 61 48 14 49 47 82 83 23 52 85 37 40 89 97 21 89 27 74 53 45 17 9 96 59 5 60 
12 33 16 67 47 27 1 11 32 2 31 87 26 99 31 28 55 40 34 27 93 63 98 39 18 84 16 82 18 33 64 11 13 65 21 92 96 60 41 30 99 46 58 64 94 19 32 12 36 21 37 66 16 61 0 70 71 7 6 28 68 54 93 16 52 74 50 75 77 35 63 68 75 11 89 15 38 14 67 34 
75 35 50 25 48 53 26 18 34 30 12 40 86 51 88 99 82 36 45 60 33 74 71 76 7 81 85 44 23 38 38 81 74 29 85 15 7 100 21 97 3 59 10 60 74 89 97 15 77 4 6 90 34 48 70 0 82 75 29 93 31 88 14 2 47 19 81 14 24 73 81 28 99 31 54 27 17 16 95 43 
23 56 93 68 98 9 74 85 29 13 92 87 27 74 3 34 76 69 38 77 84 8 7 64 15 38 6 88 85 35 58 16 82 94 59 48 86 64 70 83 1 89 22 21 4 10 3 19 75 18 80 15 25 14 71 82 0 78 35 57 15 100 23 100 82 49 28 26 79 68 39 32 14 9 12 79 85 37 59 12 
29 99 12 27 16 6 35 62 35 16 95 91 99 41 69 85 51 3 66 5 75 7 30 33 10 82 87 98 97 77 40 71 19 56 58 5 46 80 39 69 64 23 84 15 69 37 74 38 73 95 40 54 71 49 7 75 78 0 87 41 65 13 9 32 7 51 9 41 7 76 93 81 75 26 29 55 51 60 74 89 
5 58 45 86 69 85 80 18 83 67 20 32 15 31 21 5 96 57 78 60 85 88 76 33 23 68 82 64 61 23 58 44 27 54 65 81 89 5 82 72 11 85 56 96 33 47 27 99 75 77 23 96 51 47 6 29 35 87 0 91 39 49 55 17 33 91 27 44 77 68 60 41 76 43 48 27 4 40 85 79 
19 39 17 12 41 63 66 28 50 58 84 83 48 87 98 72 59 49 81 20 60 3 81 71 26 87 97 28 96 9 54 13 53 20 71 75 88 96 57 31 35 53 52 58 2 91 33 20 46 44 75 94 14 82 28 93 57 41 91 0 84 66 5 9 46 11 59 5 36 99 48 74 48 2 90 80 44 17 76 72 
29 79 77 83 34 60 96 39 40 19 42 27 73 18 9 37 26 42 45 12 65 87 35 76 59 35 50 72 29 50 18 57 60 71 38 94 29 31 78 55 47 45 71 12 18 79 2 57 81 41 68 45 37 83 68 31 15 65 39 84 0 36 87 12 63 30 11 41 33 3 26 63 86 91 19 95 36 30 5 93 
89 28 47 40 17 87 2 58 33 21 2 43 85 83 16 28 27 8 4 92 48 29 41 12 29 90 88 55 90 47 23 46 13 94 95 18 73 62 13 56 25 30 23 76 59 78 19 7 81 57 19 18 4 23 54 88 100 13 49 66 36 0 65 4 40 91 3 41 80 82 36 48 9 7 35 48 18 98 77 29 
49 14 81 92 9 45 1 73 50 58 42 8 80 72 44 18 33 13 32 8 7 34 61 89 63 6 99 26 54 13 93 80 29 24 34 38 53 6 13 19 20 42 51 8 81 29 56 8 53 77 67 20 9 52 93 14 23 9 55 5 87 65 0 38 61 31 63 75 68 5 45 62 93 26 19 85 43 22 24 33 
67 33 66 6 65 75 89 13 68 7 35 42 41 2 18 40 1 34 89 22 14 25 28 49 19 95 95 95 73 28 16 36 2 42 72 31 1 82 99 47 73 75 37 99 91 41 37 32 13 45 77 65 82 85 16 2 100 32 17 9 12 4 38 0 24 16 64 57 51 12 18 57 46 65 26 95 93 54 33 5 
38 49 49 37 80 64 84 82 94 27 61 100 37 63 9 1 5 63 16 3 54 33 7 66 19 79 78 13 92 93 28 52 37 1 54 96 29 68 13 44 77 47 38 98 32 24 76 26 59 21 95 88 49 37 52 47 82 7 33 46 63 40 61 24 0 36 47 79 4 52 23 17 44 49 35 80 91 8 3 75 
97 69 57 29 61 3 42 79 45 87 14 50 21 51 4 96 43 20 45 37 13 12 27 86 81 34 90 59 94 43 19 26 83 78 48 77 1 46 48 14 27 79 46 27 87 84 20 53 6 35 63 38 79 40 74 19 49 51 91 11 30 91 31 16 36 0 83 70 38 40 72 49 57 28 47 21 53 93 13 59 
68 67 62 64 3 92 91 82 91 1 81 91 73 18 51 85 88 12 53 100 84 22 52 57 53 29 74 76 60 71 54 44 34 68 48 91 53 10 40 57 13 88 28 80 62 6 46 93 5 2 49 41 54 89 50 81 28 9 27 59 11 3 63 64 47 83 0 77 17 46 24 47 1 27 21 70 22 21 56 1 
14 17 60 42 27 77 92 51 77 32 69 12 55 47 29 61 30 48 39 62 62 51 55 13 85 92 36 58 32 62 70 79 32 5 26 13 97 47 76 35 71 15 50 74 95 13 9 42 100 77 81 82 13 97 75 14 26 41 44 5 41 41 75 57 79 70 77 0 63 64 55 37 46 76 75 37 47 75 93 74 
85 78 59 28 12 84 1 34 38 75 79 94 28 62 91 47 100 26 57 17 8 95 69 44 9 72 19 74 84 9 85 36 49 21 100 97 69 10 49 84 46 48 36 22 4 58 64 36 93 86 65 1 66 21 77 24 79 7 77 36 33 80 68 51 4 38 17 63 0 73 65 78 66 29 88 42 97 86 65 43 
22 89 56 38 17 61 28 50 19 14 28 82 94 73 36 47 12 54 94 15 58 31 9 43 76 43 88 5 15 14 30 89 28 32 98 51 6 36 35 15 90 15 23 6 66 34 84 12 16 95 78 41 91 89 35 73 68 76 68 99 3 82 5 12 52 40 46 64 73 0 86 43 16 55 16 36 11 16 99 26 
2 6 14 81 32 88 27 50 55 46 46 57 85 28 74 86 49 33 67 25 31 4 17 18 47 20 35 52 48 38 36 16 55 74 61 31 80 40 33 85 31 64 68 20 89 45 68 27 78 45 18 14 5 27 63 81 39 93 60 48 26 36 45 18 23 72 24 55 65 86 0 22 87 71 97 61 60 43 88 52 
49 67 68 58 45 28 89 31 85 25 17 65 5 28 66 42 19 3 2 91 67 39 81 79 55 28 6 29 44 70 74 84 30 38 15 50 51 32 37 75 66 44 29 63 75 38 86 33 26 15 11 17 100 74 68 28 32 81 41 74 63 48 62 57 17 49 47 37 78 43 22 0 68 60 17 98 25 97 37 67 
12 82 55 76 77 68 51 71 100 16 86 16 29 53 14 64 88 35 37 97 94 99 68 81 36 76 95 32 23 33 14 43 92 29 28 31 57 57 93 1 38 40 24 66 77 60 46 79 46 72 74 18 43 53 75 99 14 75 76 48 86 9 93 46 44 57 1 46 66 16 87 68 0 94 22 83 36 8 78 3 
93 25 61 50 19 44 93 64 78 2 5 14 35 74 45 52 55 25 30 42 76 66 22 77 69 28 60 93 41 8 3 7 74 13 90 85 59 22 37 56 62 13 44 52 81 70 67 97 26 42 32 31 97 45 11 31 9 26 43 2 91 7 26 65 49 28 27 76 29 55 71 60 94 0 14 93 39 76 61 89 
93 53 45 76 28 80 85 43 7 97 51 90 46 37 55 89 26 4 23 52 68 13 26 83 65 88 25 61 51 85 8 54 27 28 38 14 100 49 96 40 17 90 75 95 29 11 19 8 85 40 34 27 65 17 89 54 12 29 48 90 19 35 19 26 35 47 21 75 88 16 97 17 22 14 0 1 82 27 24 31 
18 70 45 26 61 10 61 45 100 41 91 12 8 90 93 36 11 26 83 9 78 33 30 80 39 41 35 100 44 24 11 20 64 78 11 73 55 83 10 94 17 96 95 20 27 48 75 6 3 56 15 91 59 9 15 27 79 55 27 80 95 48 85 95 80 21 70 37 42 36 61 98 83 93 1 0 40 83 25 27 
63 9 32 14 24 7 96 18 60 98 33 72 74 27 100 96 29 45 19 34 15 69 16 52 81 97 80 59 45 21 98 90 89 11 38 4 89 89 40 19 76 18 90 12 26 82 28 59 84 45 23 14 15 96 38 17 85 51 4 44 36 18 43 93 91 53 22 47 97 11 60 25 36 39 82 40 0 86 45 86 
49 88 67 64 24 10 46 96 68 70 75 62 66 14 56 68 15 20 88 96 72 62 18 19 44 76 68 80 34 45 87 87 52 83 79 49 29 63 18 78 49 42 60 40 73 78 10 95 79 24 89 60 96 59 14 16 37 60 40 17 30 98 22 54 8 93 21 75 86 16 43 97 8 76 27 83 86 0 54 42 
93 73 39 84 99 26 46 57 5 23 44 22 40 1 76 83 97 13 1 42 23 86 9 46 20 56 17 87 23 79 3 77 72 8 40 100 80 50 7 9 45 2 81 2 37 61 88 98 1 86 59 6 37 5 67 95 59 74 85 76 5 77 24 33 3 13 56 93 65 99 88 37 78 61 24 25 45 54 0 63 
75 48 10 4 88 14 100 96 10 12 9 12 58 33 34 12 97 13 24 13 87 1 23 1 74 72 20 60 22 14 16 43 56 63 9 17 65 96 99 21 25 25 33 51 13 92 41 10 93 97 46 37 57 60 34 43 12 89 79 72 93 29 33 5 75 59 1 74 43 26 52 67 3 89 31 27 86 42 63 0 
