40
0 768 623 178 428 137 802 773 630 969 754 568 848 681 745 847 890 994 857 658 944 255 430 903 495 76 413 156 525 208 739 627 327 713 804 755 850 958 879 831 
768 0 926 632 398 125 665 143 972 554 136 180 564 431 786 993 334 281 68 98 436 592 657 526 570 983 591 726 89 440 683 968 270 960 951 19 85 615 161 408 
623 926 0 521 649 587 84 79 725 76 764 357 495 213 144 438 869 670 7 852 612 84 292 403 766 611 672 726 562 42 162 528 203 569 48 851 507 483 281 231 
178 632 521 0 910 45 939 404 257 83 841 478 104 848 329 715 283 972 117 49 583 140 126 144 181 639 671 383 207 71 585 65 553 866 648 463 262 586 218 518 
428 398 649 910 0 668 59 995 771 258 675 485 540 647 601 940 581 740 65 724 921 703 746 655 261 168 240 326 721 457 325 535 718 910 752 587 930 162 934 700 
137 125 587 45 668 0 419 608 537 311 606 489 250 186 229 315 261 501 369 359 507 630 526 98 307 598 554 983 484 623 892 588 210 173 749 495 225 168 102 761 
802 665 84 939 59 419 0 478 60 249 727 597 829 393 210 681 114 920 188 95 445 285 401 395 191 735 878 165 626 817 374 151 566 868 375 85 322 135 914 733 
773 143 79 404 995 608 478 0 735 992 329 564 737 890 596 850 809 783 944 606 420 696 1000 610 430 229 774 407 46 500 557 963 719 931 47 392 65 312 124 152 
630 972 725 257 771 537 60 735 0 303 805 715 39 694 310 888 855 445 183 460 864 878 811 825 307 39 950 714 436 449 270 750 520 553 796 911 617 459 387 768 
969 554 76 83 258 311 249 992 303 0 762 191 834 152 236 496 40 442 292 574 901 155 452 711 979 758 102 280 823 889 729 93 639 248 997 786 510 613 245 896 
754 136 764 841 675 606 727 329 805 762 0 733 358 438 918 509 26 765 900 467 56 474 720 210 925 430 540 34 883 820 857 772 900 301 762 499 297 547 360 261 
568 180 357 478 485 489 597 564 715 191 733 0 143 608 345 500 45 263 9 422 379 260 241 435 733 960 996 9 741 888 43 624 59 251 747 958 551 508 808 847 
848 564 495 104 540 250 829 737 39 834 358 143 0 406 167 459 549 774 804 48 171 418 408 944 796 668 184 230 752 143 226 113 236 113 155 211 171 405 957 480 
681 431 213 848 647 186 393 890 694 152 438 608 406 0 307 816 287 153 221 805 611 769 579 766 169 101 183 928 44 979 947 228 208 699 722 433 163 957 897 317 
745 786 144 329 601 229 210 596 310 236 918 345 167 307 0 519 419 73 475 898 379 642 536 883 863 341 493 983 271 611 503 371 793 783 414 771 729 993 979 779 
847 993 438 715 940 315 681 850 888 496 509 500 459 816 519 0 67 763 941 375 12 609 894 430 681 720 680 59 362 567 941 576 259 786 910 529 396 413 251 188 
890 334 869 283 581 261 114 809 855 40 26 45 549 287 419 67 0 195 17 311 275 9 289 54 75 403 346 450 414 955 695 196 635 414 875 46 127 793 986 702 
994 281 670 972 740 501 920 783 445 442 765 263 774 153 73 763 195 0 52 123 612 580 518 376 183 58 922 199 368 196 559 8 601 986 410 947 787 176 253 481 
857 68 7 117 65 369 188 944 183 292 900 9 804 221 475 941 17 52 0 371 887 246 597 932 373 389 270 74 440 392 37 372 262 412 554 671 333 104 38 881 
658 98 852 49 724 359 95 606 460 574 467 422 48 805 898 375 311 123 371 0 662 397 833 647 806 131 785 981 383 265 703 270 511 651 553 883 40 174 308 831 
944 436 612 583 921 507 445 420 864 901 56 379 171 611 379 12 275 612 887 662 0 566 345 202 179 756 107 849 441 210 886 673 224 282 505 222 439 988 7 772 
255 592 84 140 703 630 285 696 878 155 474 260 418 769 642 609 9 580 246 397 566 0 370 623 826 991 485 477 896 367 516 69 27 346 634 371 900 812 126 358 
430 657 292 126 746 526 401 1000 811 452 720 241 408 579 536 894 289 518 597 833 345 370 0 12 918 920 897 942 143 530 799 716 321 786 74 92 155 697 269 498 
903 526 403 144 655 98 395 610 825 711 210 435 944 766 883 430 54 376 932 647 202 623 12 0 181 745 393 900 260 461 926 958 447 296 209 610 773 566 622 43 
495 570 766 181 261 307 191 430 307 979 925 733 796 169 863 681 75 183 373 806 179 826 918 181 0 837 870 984 979 752 782 47 424 567 120 515 74 816 135 923 
76 983 611 639 168 598 735 229 39 758 430 960 668 101 341 720 403 58 389 131 756 991 920 745 837 0 349 880 315 600 491 127 525 800 925 172 8 887 296 926 
413 591 672 671 240 554 878 774 950 102 540 996 184 183 493 680 346 922 270 785 107 485 897 393 870 349 0 508 338 114 729 322 445 832 455 491 255 374 610 121 
156 726 726 383 326 983 165 407 714 280 34 9 230 928 983 59 450 199 74 981 849 477 942 900 984 880 508 0 447 778 256 369 478 135 35 77 977 513 953 777 
525 89 562 207 721 484 626 46 436 823 883 741 752 44 271 362 414 368 440 383 441 896 143 260 979 315 338 447 0 438 124 136 324 419 413 183 109 527 263 782 
208 440 42 71 457 623 817 500 449 889 820 888 143 979 611 567 955 196 392 265 210 367 530 461 752 600 114 778 438 0 971 447 236 813 701 609 422 822 407 551 
739 683 162 585 325 892 374 557 270 729 857 43 226 947 503 941 695 559 37 703 886 516 799 926 782 491 729 256 124 971 0 429 127 28 915 161 456 891 26 408 
627 968 528 65 535 588 151 963 750 93 772 624 113 228 371 576 196 8 372 270 673 69 716 958 47 127 322 369 136 447 429 0 19 463 883 155 138 302 919 672 
327 270 203 553 718 210 566 719 520 639 900 59 236 208 793 259 635 601 262 511 224 27 321 447 424 525 445 478 324 236 127 19 0 762 445 286 543 767 732 130 
713 960 569 866 910 173 868 931 553 248 301 251 113 699 783 786 414 986 412 651 282 346 786 296 567 800 832 135 419 813 28 463 762 0 579 433 739 353 606 145 
804 951 48 648 752 749 375 47 796 997 762 747 155 722 414 910 875 410 554 553 505 634 74 209 120 925 455 35 413 701 915 883 445 579 0 255 386 624 635 300 
755 19 851 463 587 495 85 392 911 786 499 958 211 433 771 529 46 947 671 883 222 371 92 610 515 172 491 77 183 609 161 155 286 433 255 0 784 90 542 809 
850 85 507 262 930 225 322 65 617 510 297 551 171 163 729 396 127 787 333 40 439 900 155 773 74 8 255 977 109 422 456 138 543 739 386 784 0 850 561 623 
958 615 483 586 162 168 135 312 459 613 547 508 405 957 993 413 793 176 104 174 988 812 697 566 816 887 374 513 527 822 891 302 767 353 624 90 850 0 732 67 
879 161 281 218 934 102 914 124 387 245 360 808 957 897 979 251 986 253 38 308 7 126 269 622 135 296 610 953 263 407 26 919 732 606 635 542 561 732 0 112 
831 408 231 518 700 761 733 152 768 896 261 847 480 317 779 188 702 481 881 831 772 358 498 43 923 926 121 777 782 551 408 672 130 145 300 809 623 67 112 0 
