100
0 42 79 26 78 100 69 52 58 76 20 87 97 3 12 3 19 1 99 38 80 66 79 28 95 6 71 92 15 3 76 13 44 55 38 21 54 7 25 63 34 44 49 30 98 60 32 16 60 82 53 91 48 83 18 42 41 40 85 55 43 61 19 86 67 57 59 72 63 83 34 48 78 82 77 76 93 61 43 4 42 48 94 41 30 11 83 22 50 19 28 92 79 47 30 45 3 88 16 17 
42 0 22 1 64 99 82 92 26 26 52 69 29 94 16 74 34 97 36 68 19 86 87 46 29 17 92 10 14 46 49 81 62 70 82 77 21 15 69 46 41 72 14 21 17 81 95 3 78 30 70 48 67 8 93 48 25 37 57 38 82 6 70 96 27 51 72 47 66 92 93 58 16 58 78 32 91 24 34 68 54 56 15 72 63 59 19 39 47 28 28 81 85 98 76 11 100 99 58 65 
79 22 0 43 2 74 58 11 52 41 1 75 27 68 80 82 34 4 96 45 22 87 91 1 14 23 37 63 98 48 63 49 57 79 91 10 53 100 20 56 92 21 82 18 40 62 51 26 65 47 70 38 85 12 91 50 35 27 13 84 26 27 84 34 5 26 43 9 25 63 64 69 35 46 86 74 7 37 99 23 35 20 12 19 84 2 20 70 81 32 5 6 10 89 40 15 14 82 23 91 
26 1 43 0 96 39 59 30 84 96 56 42 32 6 64 18 78 27 88 61 29 8 82 61 91 86 66 1 74 5 67 40 39 41 30 86 79 40 68 62 35 23 3 19 80 18 88 57 97 76 69 25 35 50 85 25 36 2 77 61 59 43 100 49 36 81 34 14 20 1 76 7 75 30 25 7 100 12 63 96 39 32 72 73 81 8 50 68 9 26 81 19 21 80 67 56 13 1 69 32 
78 64 2 96 0 53 96 90 80 78 14 86 77 78 100 24 16 83 95 89 16 2 38 83 62 15 63 81 35 95 47 42 7 99 63 90 4 58 80 35 87 45 72 63 22 71 38 38 54 32 78 69 85 15 3 99 81 18 31 68 12 29 9 70 28 71 11 83 81 42 17 67 39 88 82 60 10 19 49 63 3 26 83 39 92 86 37 73 3 19 92 66 48 100 87 27 23 97 9 55 
100 99 74 39 53 0 91 77 73 29 64 54 88 25 25 89 88 79 14 22 17 58 7 6 82 61 24 73 26 71 24 12 97 46 61 57 52 51 33 25 79 48 78 18 73 54 6 12 32 72 33 1 29 92 6 10 52 81 82 30 52 57 93 100 3 53 57 6 55 89 30 85 37 60 55 61 13 12 72 97 83 4 97 63 95 54 24 99 34 57 28 85 14 72 37 68 25 93 73 31 
69 82 58 59 96 91 0 33 3 68 21 14 22 81 26 33 4 74 68 8 70 82 54 75 6 4 9 62 83 45 27 55 81 94 31 73 67 61 6 21 80 26 34 1 59 11 86 62 85 53 21 6 86 27 81 91 30 41 5 13 85 31 19 66 77 49 90 95 61 95 15 41 73 100 41 31 62 78 92 98 82 13 4 68 39 36 58 20 76 62 32 12 45 50 77 21 50 67 15 11 
52 92 11 30 90 77 33 0 13 81 51 85 80 43 67 93 21 59 91 2 23 94 21 13 81 79 32 8 92 16 19 88 17 48 8 67 14 74 77 26 6 79 63 85 73 29 78 45 39 20 99 13 13 19 25 45 49 9 52 41 24 22 80 92 69 40 58 34 13 86 60 19 16 74 55 89 54 84 85 45 3 83 57 67 54 34 63 2 42 14 94 17 88 74 8 56 13 66 90 77 
58 26 52 84 80 73 3 13 0 3 1 47 19 26 2 59 79 37 43 23 92 78 32 10 31 65 73 32 6 38 26 74 25 99 81 33 63 98 74 39 1 26 86 71 51 39 29 81 27 23 56 18 100 87 80 30 3 52 14 60 89 39 33 66 89 13 98 3 11 71 41 63 96 78 33 98 68 61 78 95 35 33 64 35 71 43 16 73 94 29 32 35 19 64 100 59 29 97 61 39 
76 26 41 96 78 29 68 81 3 0 19 54 1 66 83 85 63 51 97 92 45 31 77 60 65 47 3 33 72 48 13 3 82 84 19 81 42 99 77 55 37 47 60 89 12 42 25 74 92 21 66 88 51 94 48 68 40 2 100 63 49 64 66 31 47 36 11 41 34 40 47 22 86 6 62 98 99 86 23 43 6 40 30 8 33 29 75 25 30 26 87 79 90 4 9 88 91 71 80 76 
20 52 1 56 14 64 21 51 1 19 0 10 26 97 48 83 10 97 34 47 19 76 4 11 57 12 95 86 86 19 67 12 58 45 53 61 5 40 52 76 20 27 37 97 76 84 32 37 80 65 84 51 40 87 61 96 50 7 33 36 26 100 99 35 96 3 95 1 94 98 28 65 77 64 62 52 48 93 40 79 57 23 29 48 62 41 95 11 48 28 98 25 79 48 59 74 50 5 26 96 
87 69 75 42 86 54 14 85 47 54 10 0 3 5 60 79 69 73 82 68 17 73 46 25 96 27 72 9 19 67 71 66 46 21 42 24 68 52 49 70 57 27 65 11 31 76 41 51 49 74 18 65 46 16 90 93 94 61 1 12 79 24 30 24 44 71 99 63 23 100 32 31 78 48 93 60 24 33 11 72 6 80 36 51 47 25 44 40 38 96 52 16 19 33 92 62 3 42 77 77 
97 29 27 32 77 88 22 80 19 1 26 3 0 93 8 59 22 56 51 82 31 83 44 2 40 23 37 91 22 14 86 61 3 33 64 70 52 96 61 65 51 55 41 79 99 1 38 21 8 88 54 38 71 97 39 10 71 27 52 92 92 89 5 94 22 20 64 73 68 76 89 18 82 82 96 81 82 33 53 89 73 6 26 95 2 16 4 24 42 8 16 34 96 20 79 69 39 42 93 58 
3 94 68 6 78 25 81 43 26 66 97 5 93 0 18 82 75 99 15 23 31 96 7 83 36 79 40 13 73 41 28 29 17 21 88 32 6 35 3 85 4 93 26 96 51 95 29 77 94 43 99 76 38 58 59 25 36 98 37 61 91 16 41 7 89 28 90 94 62 92 30 65 84 56 13 86 2 41 63 47 84 13 23 73 70 33 50 58 30 86 18 72 54 10 30 42 37 19 87 50 
12 16 80 64 100 25 26 67 2 83 48 60 8 18 0 62 17 67 46 24 79 83 25 19 45 72 54 58 46 79 79 78 28 36 59 65 5 31 70 14 12 11 2 31 98 52 92 14 70 89 37 48 72 13 18 68 36 24 25 81 2 56 10 81 91 69 45 96 51 15 61 62 77 63 44 74 66 88 39 35 76 27 34 99 40 3 67 75 26 43 8 27 98 17 59 41 85 4 36 87 
3 74 82 18 24 89 33 93 59 85 83 79 59 82 62 0 70 48 49 98 62 44 24 79 31 62 13 7 89 98 57 80 1 23 6 26 18 13 5 15 30 63 7 66 18 94 53 39 42 53 37 55 48 60 34 79 73 98 37 13 96 93 92 96 68 98 73 37 62 29 3 43 44 10 9 61 3 13 52 44 17 40 99 64 51 32 94 23 81 30 36 76 75 79 23 94 28 96 30 90 
19 34 34 78 16 88 4 21 79 63 10 69 22 75 17 70 0 76 32 32 19 41 92 32 44 56 83 39 72 74 37 88 24 20 81 46 1 63 33 28 37 12 51 30 91 98 59 32 73 90 16 92 31 7 23 26 63 57 64 86 30 53 73 53 72 6 50 24 68 83 52 4 46 54 85 36 51 43 68 75 84 83 18 66 41 92 91 55 48 55 93 29 7 65 33 30 70 83 54 89 
1 97 4 27 83 79 74 59 37 51 97 73 56 99 67 48 76 0 65 57 92 62 62 76 97 64 70 16 38 54 50 56 19 43 47 10 97 47 16 89 75 74 6 8 3 27 90 8 16 6 16 59 67 77 87 15 40 56 83 78 61 32 85 80 74 83 41 23 29 8 63 4 81 68 63 83 47 4 43 62 9 58 20 27 35 58 41 26 14 23 55 74 7 39 5 32 22 97 54 2 
99 36 96 88 95 14 68 91 43 97 34 82 51 15 46 49 32 65 0 4 17 57 36 36 19 71 82 22 13 95 82 22 67 8 56 24 1 34 37 75 88 63 81 79 19 13 52 68 18 53 71 86 10 59 22 28 29 55 2 41 50 83 62 16 91 70 39 43 3 28 17 42 90 98 20 60 62 71 27 31 24 50 17 85 8 90 12 88 44 13 28 93 48 41 8 38 62 47 80 16 
38 68 45 61 89 22 8 2 23 92 47 68 82 23 24 98 32 57 4 0 74 48 58 15 97 29 26 10 100 53 41 75 54 57 59 13 46 22 100 89 87 27 34 34 19 41 23 81 39 2 96 12 1 53 78 98 34 4 7 33 8 47 59 61 55 17 25 52 38 24 93 24 50 26 9 20 66 31 100 5 84 48 68 85 52 98 82 85 53 40 17 60 39 75 72 93 43 96 45 33 
80 19 22 29 16 17 70 23 92 45 19 17 31 31 79 62 19 92 17 74 0 19 37 8 20 14 17 39 79 47 91 35 31 38 55 15 89 52 48 26 4 87 94 63 25 69 86 70 63 81 66 95 51 54 3 22 67 71 12 45 17 2 32 47 91 86 13 32 37 60 57 40 99 50 54 75 70 91 44 85 23 9 79 73 62 33 94 28 3 57 25 72 59 56 70 1 41 83 32 29 
66 86 87 8 2 58 82 94 78 31 76 73 83 96 83 44 41 62 57 48 19 0 94 40 20 92 42 25 67 63 15 62 47 37 71 26 61 84 10 6 12 65 62 88 36 72 95 5 73 87 39 56 15 33 96 86 76 89 10 42 51 76 4 98 12 26 75 24 9 84 29 72 100 90 11 87 62 5 44 86 91 82 41 57 66 88 42 42 76 3 35 27 78 90 76 41 15 50 64 76 
79 87 91 82 38 7 54 21 32 77 4 46 44 7 25 24 92 62 36 58 37 94 0 85 92 99 85 34 10 23 47 66 66 84 57 48 24 65 65 64 59 6 39 61 93 17 91 82 92 31 49 93 47 76 78 90 74 14 23 35 36 21 1 2 4 9 1 80 73 65 43 31 23 33 44 15 2 86 48 45 16 96 38 62 23 67 52 97 80 26 83 67 99 83 68 54 91 20 33 16 
28 46 1 61 83 6 75 13 10 60 11 25 2 83 19 79 32 76 36 15 8 40 85 0 37 27 98 59 60 41 73 61 26 72 5 94 20 94 7 42 60 10 38 39 88 21 58 86 55 25 39 46 97 24 61 33 50 58 91 9 51 15 21 28 86 78 73 5 71 80 99 83 41 88 21 28 8 78 13 15 55 4 60 3 27 72 35 76 81 77 37 83 43 9 63 80 86 35 37 9 
95 29 14 91 62 82 6 81 31 65 57 96 40 36 45 31 44 97 19 97 20 20 92 37 0 66 35 91 7 22 63 34 82 93 99 96 99 54 7 1 80 78 87 7 10 63 95 45 57 4 7 36 41 41 72 49 7 6 91 65 28 6 98 61 98 48 56 48 53 62 100 84 91 86 91 52 100 37 96 56 40 2 43 81 43 15 81 1 72 24 65 51 29 14 11 78 62 66 25 66 
6 17 23 86 15 61 4 79 65 47 12 27 23 79 72 62 56 64 71 29 14 92 99 27 66 0 79 76 50 21 61 40 73 12 76 68 67 68 22 61 100 64 75 32 16 47 55 80 49 35 45 60 12 58 77 88 24 56 63 73 76 75 12 100 86 39 68 4 6 89 65 57 4 91 89 19 89 43 50 38 30 94 49 41 52 25 81 75 32 95 47 60 22 10 59 7 100 26 63 58 
71 92 37 66 63 24 9 32 73 3 95 72 37 40 54 13 83 70 82 26 17 42 85 98 35 79 0 66 79 14 21 69 2 91 10 97 92 47 26 86 95 18 89 71 50 15 3 45 13 62 66 74 20 24 73 98 38 30 15 16 96 36 37 97 26 46 45 70 44 70 55 90 88 95 60 37 61 62 33 73 75 50 98 95 74 22 44 11 4 58 79 99 45 15 47 23 12 92 92 7 
92 10 63 1 81 73 62 8 32 33 86 9 91 13 58 7 39 16 22 10 39 25 34 59 91 76 66 0 61 98 96 100 92 55 89 4 69 21 28 43 23 25 89 96 46 32 58 49 42 88 47 86 54 94 8 65 37 51 71 49 48 18 49 91 73 89 94 41 61 21 35 83 97 24 30 43 7 88 43 48 27 42 86 81 87 45 97 23 96 68 71 43 37 71 86 9 59 79 1 20 
15 14 98 74 35 26 83 92 6 72 86 19 22 73 46 89 72 38 13 100 79 67 10 60 7 50 79 61 0 52 88 2 48 63 32 42 69 71 37 69 97 78 6 77 64 50 74 38 97 93 8 40 29 79 25 90 37 55 42 8 58 29 10 58 91 93 51 60 63 87 80 11 64 85 40 79 86 13 16 83 57 24 74 37 54 50 26 42 56 68 50 14 48 11 71 39 55 21 50 17 
3 46 48 5 95 71 45 16 38 48 19 67 14 41 79 98 74 54 95 53 47 63 23 41 22 21 14 98 52 0 60 29 79 23 65 18 54 2 82 69 36 90 44 9 27 97 58 4 91 66 23 40 79 71 2 1 9 56 21 58 24 80 38 2 55 54 72 8 55 53 28 91 43 72 51 21 20 61 24 62 26 47 1 56 17 54 56 77 9 28 34 84 60 23 38 66 76 9 73 82 
76 49 63 67 47 24 27 19 26 13 67 71 86 28 79 57 37 50 82 41 91 15 47 73 63 61 21 96 88 60 0 13 52 24 7 23 75 27 95 87 3 56 12 49 9 67 17 14 74 93 75 1 78 58 60 52 95 25 27 55 49 60 68 1 84 26 75 10 53 21 96 55 29 7 55 37 25 23 50 98 67 24 98 96 34 10 47 80 86 25 35 35 84 54 87 67 79 13 28 83 
13 81 49 40 42 12 55 88 74 3 12 66 61 29 78 80 88 56 22 75 35 62 66 61 34 40 69 100 2 29 13 0 34 23 89 62 29 95 50 5 17 51 2 35 75 52 30 60 13 76 39 98 52 73 84 36 78 70 54 9 35 82 91 68 4 32 81 85 26 30 41 95 80 95 29 6 46 59 65 10 86 4 7 38 28 91 25 6 12 30 66 46 11 56 65 67 39 45 3 17 
44 62 57 39 7 97 81 17 25 82 58 46 3 17 28 1 24 19 67 54 31 47 66 26 82 73 2 92 48 79 52 34 0 26 43 11 6 37 39 63 34 49 28 43 87 83 2 76 10 92 100 67 55 81 32 1 44 40 65 10 30 62 64 46 87 58 56 44 47 47 7 32 47 34 75 33 68 76 8 29 19 59 96 25 40 79 25 83 70 42 44 100 55 59 45 41 16 1 85 62 
55 70 79 41 99 46 94 48 99 84 45 21 33 21 36 23 20 43 8 57 38 37 84 72 93 12 91 55 63 23 24 23 26 0 99 43 94 45 28 20 30 95 47 89 23 17 48 70 41 39 1 18 73 70 11 68 69 65 26 14 57 93 66 93 7 64 35 52 60 14 23 89 8 21 78 83 37 77 4 29 67 4 98 39 74 8 58 94 24 35 7 33 79 24 25 85 87 12 88 47 
38 82 91 30 63 61 31 8 81 19 53 42 64 88 59 6 81 47 56 59 55 71 57 5 99 76 10 89 32 65 7 89 43 99 0 77 10 87 37 82 64 19 18 40 74 99 6 30 96 96 3 4 5 48 79 39 55 11 70 30 88 6 69 51 94 15 27 55 53 15 37 17 85 6 8 59 4 66 88 100 13 42 55 18 89 85 8 95 96 77 25 35 83 93 37 28 59 15 82 11 
21 77 10 86 90 57 73 67 33 81 61 24 70 32 65 26 46 10 24 13 15 26 48 94 96 68 97 4 42 18 23 62 11 43 77 0 30 70 79 14 76 87 72 31 4 11 30 16 52 36 33 93 21 93 87 68 69 63 2 3 7 90 30 65 4 64 28 33 33 58 47 60 44 70 91 47 81 72 15 84 60 47 76 80 39 15 99 60 77 52 62 84 41 44 100 44 59 79 29 43 
54 21 53 79 4 52 67 14 63 42 5 68 52 6 5 18 1 97 1 46 89 61 24 20 99 67 92 69 69 54 75 29 6 94 10 30 0 37 27 3 32 96 45 79 28 68 45 64 27 91 39 58 82 5 56 93 82 59 6 17 99 49 16 95 7 47 23 50 83 49 4 14 96 100 44 24 67 88 87 46 31 77 3 12 82 11 56 15 21 61 31 20 62 98 66 20 44 88 21 78 
7 15 100 40 58 51 61 74 98 99 40 52 96 35 31 13 63 47 34 22 52 84 65 94 54 68 47 21 71 2 27 95 37 45 87 70 37 0 88 24 92 83 23 35 6 42 23 44 87 53 73 41 16 6 3 71 20 24 83 2 95 44 51 60 64 47 47 84 24 34 60 15 68 34 2 26 75 24 69 13 28 93 54 95 98 8 17 69 31 99 70 25 95 73 36 58 19 82 93 94 
25 69 20 68 80 33 6 77 74 77 52 49 61 3 70 5 33 16 37 100 48 10 65 7 7 22 26 28 37 82 95 50 39 28 37 79 27 88 0 67 52 9 35 86 10 60 60 85 80 25 64 73 78 10 22 37 26 91 68 76 12 44 22 84 32 79 54 13 24 48 32 75 56 18 60 17 29 72 53 60 96 16 84 25 77 6 61 2 48 80 29 59 76 3 95 7 33 48 71 56 
63 46 56 62 35 25 21 26 39 55 76 70 65 85 14 15 28 89 75 89 26 6 64 42 1 61 86 43 69 69 87 5 63 20 82 14 3 24 67 0 95 54 31 2 71 42 70 51 65 22 11 12 89 94 88 65 99 49 18 46 80 47 57 7 49 51 13 81 98 36 89 93 89 19 46 12 12 16 62 77 37 72 40 26 18 28 90 16 28 8 14 7 6 70 66 6 20 30 38 17 
34 41 92 35 87 79 80 6 1 37 20 57 51 4 12 30 37 75 88 87 4 12 59 60 80 100 95 23 97 36 3 17 34 30 64 76 32 92 52 95 0 65 26 61 6 44 7 69 8 74 82 36 10 54 75 87 23 54 77 38 81 36 3 40 93 72 5 98 43 34 35 12 51 61 72 8 56 30 76 15 3 57 50 65 62 77 51 84 30 79 74 11 66 76 50 58 100 6 55 42 
44 72 21 23 45 48 26 79 26 47 27 27 55 93 11 63 12 74 63 27 87 65 6 10 78 64 18 25 78 90 56 51 49 95 19 87 96 83 9 54 65 0 91 42 53 41 2 77 100 9 58 75 24 13 84 73 29 97 1 79 81 31 10 6 41 27 33 42 85 32 47 91 26 37 32 30 30 33 6 29 94 16 56 17 28 39 41 56 35 42 86 67 24 47 24 16 74 57 57 10 
49 14 82 3 72 78 34 63 86 60 37 65 41 26 2 7 51 6 81 34 94 62 39 38 87 75 89 89 6 44 12 2 28 47 18 72 45 23 35 31 26 91 0 40 55 100 17 43 32 47 24 16 4 53 9 19 60 77 98 50 18 5 36 11 43 3 34 89 78 49 14 86 57 23 26 63 23 42 57 54 40 81 21 44 85 30 14 44 58 12 93 27 68 28 37 10 82 22 99 12 
30 21 18 19 63 18 1 85 71 89 97 11 79 96 31 66 30 8 79 34 63 88 61 39 7 32 71 96 77 9 49 35 43 89 40 31 79 35 86 2 61 42 40 0 22 12 97 30 87 22 92 9 16 49 14 7 29 34 50 65 15 16 8 25 79 52 51 46 31 40 56 13 61 6 24 35 17 20 64 3 94 56 63 61 56 76 67 36 62 69 100 28 84 59 52 14 10 3 59 40 
98 17 40 80 22 73 59 73 51 12 76 31 99 51 98 18 91 3 19 19 25 36 93 88 10 16 50 46 64 27 9 75 87 23 74 4 28 6 10 71 6 53 55 22 0 42 14 4 54 19 79 88 88 51 4 42 96 59 57 56 66 84 74 1 97 94 100 25 29 10 28 42 19 82 1 10 23 66 14 29 37 92 68 76 94 71 17 89 81 25 44 46 9 70 98 5 63 49 81 92 
60 81 62 18 71 54 11 29 39 42 84 76 1 95 52 94 98 27 13 41 69 72 17 21 63 47 15 32 50 97 67 52 83 17 99 11 68 42 60 42 44 41 100 12 42 0 58 9 85 76 90 85 86 65 51 51 45 39 94 12 14 88 83 30 76 15 7 72 61 15 93 58 71 55 59 52 98 16 12 83 92 1 19 29 17 21 31 61 59 24 73 72 11 7 54 39 21 60 62 33 
32 95 51 88 38 6 86 78 29 25 32 41 38 29 92 53 59 90 52 23 86 95 91 58 95 55 3 58 74 58 17 30 2 48 6 30 45 23 60 70 7 2 17 97 14 58 0 26 54 43 96 60 1 99 58 16 10 92 59 11 10 39 27 83 69 40 41 45 64 13 7 70 66 45 42 77 6 27 2 11 69 49 71 21 48 28 36 57 71 47 19 32 85 46 14 6 37 55 50 100 
16 3 26 57 38 12 62 45 81 74 37 51 21 77 14 39 32 8 68 81 70 5 82 86 45 80 45 49 38 4 14 60 76 70 30 16 64 44 85 51 69 77 43 30 4 9 26 0 19 56 69 36 1 62 12 58 88 65 69 8 13 91 28 60 70 16 17 40 62 35 71 98 32 37 3 68 91 52 19 9 60 39 44 60 1 7 69 88 23 89 96 35 79 75 47 48 90 63 87 51 
60 78 65 97 54 32 85 39 27 92 80 49 8 94 70 42 73 16 18 39 63 73 92 55 57 49 13 42 97 91 74 13 10 41 96 52 27 87 80 65 8 100 32 87 54 85 54 19 0 49 10 1 33 46 3 52 88 7 71 48 66 9 43 77 61 49 45 1 71 86 48 57 64 22 3 64 12 17 2 14 66 11 14 50 8 17 53 47 75 23 94 40 84 36 16 96 84 12 96 6 
82 30 47 76 32 72 53 20 23 21 65 74 88 43 89 53 90 6 53 2 81 87 31 25 4 35 62 88 93 66 93 76 92 39 96 36 91 53 25 22 74 9 47 22 19 76 43 56 49 0 49 43 63 13 65 17 28 76 34 29 41 51 92 55 100 51 23 4 98 97 27 91 88 62 27 3 57 62 66 53 20 15 47 82 79 11 50 6 38 83 86 79 33 77 33 84 28 55 88 25 
53 70 70 69 78 33 21 99 56 66 84 18 54 99 37 37 16 16 71 96 66 39 49 39 7 45 66 47 8 23 75 39 100 1 3 33 39 73 64 11 82 58 24 92 79 90 96 69 10 49 0 3 66 67 90 79 93 44 35 55 9 39 74 75 38 7 5 48 8 10 38 91 96 16 75 24 100 59 51 6 98 27 8 63 94 49 93 38 92 79 92 52 70 17 79 7 75 83 54 35 
91 48 38 25 69 1 6 13 18 88 51 65 38 76 48 55 92 59 86 12 95 56 93 46 36 60 74 86 40 40 1 98 67 18 4 93 58 41 73 12 36 75 16 9 88 85 60 36 1 43 3 0 45 91 25 92 58 99 15 9 9 18 14 58 44 73 72 89 21 64 27 64 43 70 16 12 39 46 18 65 28 23 99 72 66 23 63 75 74 30 84 34 47 97 92 42 22 63 31 94 
48 67 85 35 85 29 86 13 100 51 40 46 71 38 72 48 31 67 10 1 51 15 47 97 41 12 20 54 29 79 78 52 55 73 5 21 82 16 78 89 10 24 4 16 88 86 1 1 33 63 66 45 0 27 57 58 21 78 25 32 16 70 1 81 49 75 31 21 40 54 35 15 79 64 50 12 62 98 55 4 19 18 34 13 96 42 70 16 19 46 47 87 15 99 19 63 73 49 35 65 
83 8 12 50 15 92 27 19 87 94 87 16 97 58 13 60 7 77 59 53 54 33 76 24 41 58 24 94 79 71 58 73 81 70 48 93 5 6 10 94 54 13 53 49 51 65 99 62 46 13 67 91 27 0 54 22 31 32 37 80 96 99 77 50 2 96 67 87 60 62 28 29 29 98 26 27 36 40 25 54 54 50 3 41 14 56 14 44 40 50 23 35 100 51 36 53 46 55 39 57 
18 93 91 85 3 6 81 25 80 48 61 90 39 59 18 34 23 87 22 78 3 96 78 61 72 77 73 8 25 2 60 84 32 11 79 87 56 3 22 88 75 84 9 14 4 51 58 12 3 65 90 25 57 54 0 68 18 85 97 68 10 23 3 1 48 9 7 97 11 99 62 18 12 5 9 13 79 95 65 29 31 69 27 85 8 83 52 77 20 48 96 81 23 51 34 70 59 92 18 69 
42 48 50 25 99 10 91 45 30 68 96 93 10 25 68 79 26 15 28 98 22 86 90 33 49 88 98 65 90 1 52 36 1 68 39 68 93 71 37 65 87 73 19 7 42 51 16 58 52 17 79 92 58 22 68 0 90 79 38 53 35 47 17 65 41 33 45 71 2 23 7 61 58 11 37 77 10 85 9 32 35 94 53 93 85 70 61 74 100 50 78 86 96 95 50 89 79 47 59 80 
41 25 35 36 81 52 30 49 3 40 50 94 71 36 36 73 63 40 29 34 67 76 74 50 7 24 38 37 37 9 95 78 44 69 55 69 82 20 26 99 23 29 60 29 96 45 10 88 88 28 93 58 21 31 18 90 0 69 18 40 26 28 77 54 37 13 63 21 47 56 73 39 41 95 51 66 46 100 96 32 48 42 33 36 20 79 46 100 100 63 39 25 42 67 79 31 79 93 51 25 
40 37 27 2 18 81 41 9 52 2 7 61 27 98 24 98 57 56 55 4 71 89 14 58 6 56 30 51 55 56 25 70 40 65 11 63 59 24 91 49 54 97 77 34 59 39 92 65 7 76 44 99 78 32 85 79 69 0 100 75 15 92 21 17 58 67 17 5 50 16 46 34 51 65 65 48 64 64 63 55 88 4 21 18 86 52 62 88 28 62 63 43 53 35 59 62 1 27 66 50 
85 57 13 77 31 82 5 52 14 100 33 1 52 37 25 37 64 83 2 7 12 10 23 91 91 63 15 71 42 21 27 54 65 26 70 2 6 83 68 18 77 1 98 50 57 94 59 69 71 34 35 15 25 37 97 38 18 100 0 42 11 36 44 28 100 44 43 63 6 97 2 61 70 72 47 21 33 34 100 94 48 42 99 83 53 60 35 31 78 37 25 88 72 68 15 71 63 58 85 68 
55 38 84 61 68 30 13 41 60 63 36 12 92 61 81 13 86 78 41 33 45 42 35 9 65 73 16 49 8 58 55 9 10 14 30 3 17 2 76 46 38 79 50 65 56 12 11 8 48 29 55 9 32 80 68 53 40 75 42 0 6 86 29 75 57 75 47 90 60 47 35 60 40 33 94 92 45 28 75 22 16 99 61 87 18 28 9 81 37 93 48 42 79 76 69 87 2 15 28 14 
43 82 26 59 12 52 85 24 89 49 26 79 92 91 2 96 30 61 50 8 17 51 36 51 28 76 96 48 58 24 49 35 30 57 88 7 99 95 12 80 81 81 18 15 66 14 10 13 66 41 9 9 16 96 10 35 26 15 11 6 0 61 63 73 1 47 18 44 91 97 18 64 13 68 77 51 86 4 60 18 40 4 65 33 82 93 1 21 46 16 48 59 28 10 83 80 9 100 76 51 
61 6 27 43 29 57 31 22 39 64 100 24 89 16 56 93 53 32 83 47 2 76 21 15 6 75 36 18 29 80 60 82 62 93 6 90 49 44 44 47 36 31 5 16 84 88 39 91 9 51 39 18 70 99 23 47 28 92 36 86 61 0 49 93 67 61 13 43 11 98 46 22 15 37 26 31 69 59 75 70 79 21 37 79 31 16 40 66 96 48 17 71 99 65 15 65 25 27 7 88 
19 70 84 100 9 93 19 80 33 66 99 30 5 41 10 92 73 85 62 59 32 4 1 21 98 12 37 49 10 38 68 91 64 66 69 30 16 51 22 57 3 10 36 8 74 83 27 28 43 92 74 14 1 77 3 17 77 21 44 29 63 49 0 76 4 9 90 40 86 73 8 97 99 29 75 71 65 53 2 81 93 19 28 92 35 98 42 52 12 58 28 39 64 15 14 19 76 56 58 13 
86 96 34 49 70 100 66 92 66 31 35 24 94 7 81 96 53 80 16 61 47 98 2 28 61 100 97 91 58 2 1 68 46 93 51 65 95 60 84 7 40 6 11 25 1 30 83 60 77 55 75 58 81 50 1 65 54 17 28 75 73 93 76 0 80 66 9 78 46 36 49 11 40 2 43 32 20 70 76 6 19 17 57 30 75 85 20 90 51 86 9 26 93 66 91 24 83 99 1 29 
67 27 5 36 28 3 77 69 89 47 96 44 22 89 91 68 72 74 91 55 91 12 4 86 98 86 26 73 91 55 84 4 87 7 94 4 7 64 32 49 93 41 43 79 97 76 69 70 61 100 38 44 49 2 48 41 37 58 100 57 1 67 4 80 0 34 1 91 74 54 85 57 73 54 32 31 72 1 39 53 75 75 73 16 26 10 24 3 54 42 93 77 24 44 77 4 77 30 46 2 
57 51 26 81 71 53 49 40 13 36 3 71 20 28 69 98 6 83 70 17 86 26 9 78 48 39 46 89 93 54 26 32 58 64 15 64 47 47 79 51 72 27 3 52 94 15 40 16 49 51 7 73 75 96 9 33 13 67 44 75 47 61 9 66 34 0 83 30 59 8 83 42 38 6 42 28 59 68 3 83 84 80 44 7 34 97 100 79 73 76 22 1 79 50 30 25 52 65 54 10 
59 72 43 34 11 57 90 58 98 11 95 99 64 90 45 73 50 41 39 25 13 75 1 73 56 68 45 94 51 72 75 81 56 35 27 28 23 47 54 13 5 33 34 51 100 7 41 17 45 23 5 72 31 67 7 45 63 17 43 47 18 13 90 9 1 83 0 72 89 3 61 94 45 40 4 12 42 38 95 73 81 54 7 77 53 37 1 28 58 2 59 7 83 35 10 47 40 19 70 28 
72 47 9 14 83 6 95 34 3 41 1 63 73 94 96 37 24 23 43 52 32 24 80 5 48 4 70 41 60 8 10 85 44 52 55 33 50 84 13 81 98 42 89 46 25 72 45 40 1 4 48 89 21 87 97 71 21 5 63 90 44 43 40 78 91 30 72 0 22 82 74 18 22 29 81 15 67 28 88 47 81 46 76 85 82 76 65 91 29 75 97 64 9 7 62 48 77 32 28 50 
63 66 25 20 81 55 61 13 11 34 94 23 68 62 51 62 68 29 3 38 37 9 73 71 53 6 44 61 63 55 53 26 47 60 53 33 83 24 24 98 43 85 78 31 29 61 64 62 71 98 8 21 40 60 11 2 47 50 6 60 91 11 86 46 74 59 89 22 0 13 1 19 34 29 100 49 47 27 88 46 59 33 21 95 66 48 59 56 29 85 52 92 93 10 53 93 39 36 20 88 
83 92 63 1 42 89 95 86 71 40 98 100 76 92 15 29 83 8 28 24 60 84 65 80 62 89 70 21 87 53 21 30 47 14 15 58 49 34 48 36 34 32 49 40 10 15 13 35 86 97 10 64 54 62 99 23 56 16 97 47 97 98 73 36 54 8 3 82 13 0 49 20 7 34 100 58 34 47 84 73 44 42 5 64 88 22 63 47 77 91 83 81 34 76 42 39 68 80 74 87 
34 93 64 76 17 30 15 60 41 47 28 32 89 30 61 3 52 63 17 93 57 29 43 99 100 65 55 35 80 28 96 41 7 23 37 47 4 60 32 89 35 47 14 56 28 93 7 71 48 27 38 27 35 28 62 7 73 46 2 35 18 46 8 49 85 83 61 74 1 49 0 20 74 58 78 60 9 35 45 7 18 18 50 11 74 65 98 96 80 96 72 22 79 4 56 6 46 46 25 25 
48 58 69 7 67 85 41 19 63 22 65 31 18 65 62 43 4 4 42 24 40 72 31 83 84 57 90 83 11 91 55 95 32 89 17 60 14 15 75 93 12 91 86 13 42 58 70 98 57 91 91 64 15 29 18 61 39 34 61 60 64 22 97 11 57 42 94 18 19 20 20 0 19 11 96 93 20 73 4 80 59 48 87 28 65 88 90 39 5 88 34 84 35 57 5 65 13 12 22 58 
78 16 35 75 39 37 73 16 96 86 77 78 82 84 77 44 46 81 90 50 99 100 23 41 91 4 88 97 64 43 29 80 47 8 85 44 96 68 56 89 51 26 57 61 19 71 66 32 64 88 96 43 79 29 12 58 41 51 70 40 13 15 99 40 73 38 45 22 34 7 74 19 0 57 46 34 76 8 30 20 27 54 75 59 13 22 97 92 87 84 82 77 88 21 62 23 7 70 28 72 
82 58 46 30 88 60 100 74 78 6 64 48 82 56 63 10 54 68 98 26 50 90 33 88 86 91 95 24 85 72 7 95 34 21 6 70 100 34 18 19 61 37 23 6 82 55 45 37 22 62 16 70 64 98 5 11 95 65 72 33 68 37 29 2 54 6 40 29 29 34 58 11 57 0 82 39 93 39 48 39 25 23 46 54 94 25 59 68 83 23 89 79 15 27 14 48 55 54 68 16 
77 78 86 25 82 55 41 55 33 62 62 93 96 13 44 9 85 63 20 9 54 11 44 21 91 89 60 30 40 51 55 29 75 78 8 91 44 2 60 46 72 32 26 24 1 59 42 3 3 27 75 16 50 26 9 37 51 65 47 94 77 26 75 43 32 42 4 81 100 100 78 96 46 82 0 76 74 86 3 97 67 94 90 58 41 80 82 15 77 87 8 53 45 27 35 20 67 65 34 94 
76 32 74 7 60 61 31 89 98 98 52 60 81 86 74 61 36 83 60 20 75 87 15 28 52 19 37 43 79 21 37 6 33 83 59 47 24 26 17 12 8 30 63 35 10 52 77 68 64 3 24 12 12 27 13 77 66 48 21 92 51 31 71 32 31 28 12 15 49 58 60 93 34 39 76 0 31 81 48 84 100 16 59 73 1 14 70 19 7 11 76 99 42 9 13 18 95 72 71 92 
93 91 7 100 10 13 62 54 68 99 48 24 82 2 66 3 51 47 62 66 70 62 2 8 100 89 61 7 86 20 25 46 68 37 4 81 67 75 29 12 56 30 23 17 23 98 6 91 12 57 100 39 62 36 79 10 46 64 33 45 86 69 65 20 72 59 42 67 47 34 9 20 76 93 74 31 0 98 57 11 64 74 96 9 4 76 9 87 27 76 97 99 28 10 20 46 68 82 74 66 
61 24 37 12 19 12 78 84 61 86 93 33 33 41 88 13 43 4 71 31 91 5 86 78 37 43 62 88 13 61 23 59 76 77 66 72 88 24 72 16 30 33 42 20 66 16 27 52 17 62 59 46 98 40 95 85 100 64 34 28 4 59 53 70 1 68 38 28 27 47 35 73 8 39 86 81 98 0 23 82 78 93 29 49 15 20 98 23 30 14 96 25 74 51 52 82 89 78 57 86 
43 34 99 63 49 72 92 85 78 23 40 11 53 63 39 52 68 43 27 100 44 44 48 13 96 50 33 43 16 24 50 65 8 4 88 15 87 69 53 62 76 6 57 64 14 12 2 19 2 66 51 18 55 25 65 9 96 63 100 75 60 75 2 76 39 3 95 88 88 84 45 4 30 48 3 48 57 23 0 28 84 47 100 82 15 81 7 32 56 40 10 48 68 10 14 87 60 36 16 73 
4 68 23 96 63 97 98 45 95 43 79 72 89 47 35 44 75 62 31 5 85 86 45 15 56 38 73 48 83 62 98 10 29 29 100 84 46 13 60 77 15 29 54 3 29 83 11 9 14 53 6 65 4 54 29 32 32 55 94 22 18 70 81 6 53 83 73 47 46 73 7 80 20 39 97 84 11 82 28 0 84 92 46 86 43 80 75 72 88 12 52 24 10 51 5 76 31 11 8 86 
42 54 35 39 3 83 82 3 35 6 57 6 73 84 76 17 84 9 24 84 23 91 16 55 40 30 75 27 57 26 67 86 19 67 13 60 31 28 96 37 3 94 40 94 37 92 69 60 66 20 98 28 19 54 31 35 48 88 48 16 40 79 93 19 75 84 81 81 59 44 18 59 27 25 67 100 64 78 84 84 0 2 69 85 70 78 98 56 89 86 24 61 69 67 7 54 62 38 80 33 
48 56 20 32 26 4 13 83 33 40 23 80 6 13 27 40 83 58 50 48 9 82 96 4 2 94 50 42 24 47 24 4 59 4 42 47 77 93 16 72 57 16 81 56 92 1 49 39 11 15 27 23 18 50 69 94 42 4 42 99 4 21 19 17 75 80 54 46 33 42 18 48 54 23 94 16 74 93 47 92 2 0 25 43 84 48 53 34 52 28 17 14 35 2 68 55 39 37 33 36 
94 15 12 72 83 97 4 57 64 30 29 36 26 23 34 99 18 20 17 68 79 41 38 60 43 49 98 86 74 1 98 7 96 98 55 76 3 54 84 40 50 56 21 63 68 19 71 44 14 47 8 99 34 3 27 53 33 21 99 61 65 37 28 57 73 44 7 76 21 5 50 87 75 46 90 59 96 29 100 46 69 25 0 44 73 21 67 34 41 86 92 47 47 29 78 79 53 21 15 1 
41 72 19 73 39 63 68 67 35 8 48 51 95 73 99 64 66 27 85 85 73 57 62 3 81 41 95 81 37 56 96 38 25 39 18 80 12 95 25 26 65 17 44 61 76 29 21 60 50 82 63 72 13 41 85 93 36 18 83 87 33 79 92 30 16 7 77 85 95 64 11 28 59 54 58 73 9 49 82 86 85 43 44 0 25 100 4 52 16 70 39 70 37 93 8 25 77 95 68 50 
30 63 84 81 92 95 39 54 71 33 62 47 2 70 40 51 41 35 8 52 62 66 23 27 43 52 74 87 54 17 34 28 40 74 89 39 82 98 77 18 62 28 85 56 94 17 48 1 8 79 94 66 96 14 8 85 20 86 53 18 82 31 35 75 26 34 53 82 66 88 74 65 13 94 41 1 4 15 15 43 70 84 73 25 0 16 87 35 8 72 26 54 18 54 32 48 58 4 62 10 
11 59 2 8 86 54 36 34 43 29 41 25 16 33 3 32 92 58 90 98 33 88 67 72 15 25 22 45 50 54 10 91 79 8 85 15 11 8 6 28 77 39 30 76 71 21 28 7 17 11 49 23 42 56 83 70 79 52 60 28 93 16 98 85 10 97 37 76 48 22 65 88 22 25 80 14 76 20 81 80 78 48 21 100 16 0 28 14 66 31 29 35 69 50 23 14 57 47 42 52 
83 19 20 50 37 24 58 63 16 75 95 44 4 50 67 94 91 41 12 82 94 42 52 35 81 81 44 97 26 56 47 25 25 58 8 99 56 17 61 90 51 41 14 67 17 31 36 69 53 50 93 63 70 14 52 61 46 62 35 9 1 40 42 20 24 100 1 65 59 63 98 90 97 59 82 70 9 98 7 75 98 53 67 4 87 28 0 66 91 19 52 77 78 23 2 84 40 7 15 88 
22 39 70 68 73 99 20 2 73 25 11 40 24 58 75 23 55 26 88 85 28 42 97 76 1 75 11 23 42 77 80 6 83 94 95 60 15 69 2 16 84 56 44 36 89 61 57 88 47 6 38 75 16 44 77 74 100 88 31 81 21 66 52 90 3 79 28 91 56 47 96 39 92 68 15 19 87 23 32 72 56 34 34 52 35 14 66 0 17 70 1 26 97 14 91 27 95 77 48 44 
50 47 81 9 3 34 76 42 94 30 48 38 42 30 26 81 48 14 44 53 3 76 80 81 72 32 4 96 56 9 86 12 70 24 96 77 21 31 48 28 30 35 58 62 81 59 71 23 75 38 92 74 19 40 20 100 100 28 78 37 46 96 12 51 54 73 58 29 29 77 80 5 87 83 77 7 27 30 56 88 89 52 41 16 8 66 91 17 0 51 61 53 97 2 56 63 45 26 66 73 
19 28 32 26 19 57 62 14 29 26 28 96 8 86 43 30 55 23 13 40 57 3 26 77 24 95 58 68 68 28 25 30 42 35 77 52 61 99 80 8 79 42 12 69 25 24 47 89 23 83 79 30 46 50 48 50 63 62 37 93 16 48 58 86 42 76 2 75 85 91 96 88 84 23 87 11 76 14 40 12 86 28 86 70 72 31 19 70 51 0 3 89 75 86 28 33 52 67 49 21 
28 28 5 81 92 28 32 94 32 87 98 52 16 18 8 36 93 55 28 17 25 35 83 37 65 47 79 71 50 34 35 66 44 7 25 62 31 70 29 14 74 86 93 100 44 73 19 96 94 86 92 84 47 23 96 78 39 63 25 48 48 17 28 9 93 22 59 97 52 83 72 34 82 89 8 76 97 96 10 52 24 17 92 39 26 29 52 1 61 3 0 20 75 69 33 17 96 79 94 43 
92 81 6 19 66 85 12 17 35 79 25 16 34 72 27 76 29 74 93 60 72 27 67 83 51 60 99 43 14 84 35 46 100 33 35 84 20 25 59 7 11 67 27 28 46 72 32 35 40 79 52 34 87 35 81 86 25 43 88 42 59 71 39 26 77 1 7 64 92 81 22 84 77 79 53 99 99 25 48 24 61 14 47 70 54 35 77 26 53 89 20 0 23 96 55 27 93 8 82 7 
79 85 10 21 48 14 45 88 19 90 79 19 96 54 98 75 7 7 48 39 59 78 99 43 29 22 45 37 48 60 84 11 55 79 83 41 62 95 76 6 66 24 68 84 9 11 85 79 84 33 70 47 15 100 23 96 42 53 72 79 28 99 64 93 24 79 83 9 93 34 79 35 88 15 45 42 28 74 68 10 69 35 47 37 18 69 78 97 97 75 75 23 0 4 59 72 77 61 12 3 
47 98 89 80 100 72 50 74 64 4 48 33 20 10 17 79 65 39 41 75 56 90 83 9 14 10 15 71 11 23 54 56 59 24 93 44 98 73 3 70 76 47 28 59 70 7 46 75 36 77 17 97 99 51 51 95 67 35 68 76 10 65 15 66 44 50 35 7 10 76 4 57 21 27 27 9 10 51 10 51 67 2 29 93 54 50 23 14 2 86 69 96 4 0 99 40 35 2 58 36 
30 76 40 67 87 37 77 8 100 9 59 92 79 30 59 23 33 5 8 72 70 76 68 63 11 59 47 86 71 38 87 65 45 25 37 100 66 36 95 66 50 24 37 52 98 54 14 47 16 33 79 92 19 36 34 50 79 59 15 69 83 15 14 91 77 30 10 62 53 42 56 5 62 14 35 13 20 52 14 5 7 68 78 8 32 23 2 91 56 28 33 55 59 99 0 23 77 62 43 62 
45 11 15 56 27 68 21 56 59 88 74 62 69 42 41 94 30 32 38 93 1 41 54 80 78 7 23 9 39 66 67 67 41 85 28 44 20 58 7 6 58 16 10 14 5 39 6 48 96 84 7 42 63 53 70 89 31 62 71 87 80 65 19 24 4 25 47 48 93 39 6 65 23 48 20 18 46 82 87 76 54 55 79 25 48 14 84 27 63 33 17 27 72 40 23 0 78 90 40 23 
3 100 14 13 23 25 50 13 29 91 50 3 39 37 85 28 70 22 62 43 41 15 91 86 62 100 12 59 55 76 79 39 16 87 59 59 44 19 33 20 100 74 82 10 63 21 37 90 84 28 75 22 73 46 59 79 79 1 63 2 9 25 76 83 77 52 40 77 39 68 46 13 7 55 67 95 68 89 60 31 62 39 53 77 58 57 40 95 45 52 96 93 77 35 77 78 0 84 14 19 
88 99 82 1 97 93 67 66 97 71 5 42 42 19 4 96 83 97 47 96 83 50 20 35 66 26 92 79 21 9 13 45 1 12 15 79 88 82 48 30 6 57 22 3 49 60 55 63 12 55 83 63 49 55 92 47 93 27 58 15 100 27 56 99 30 65 19 32 36 80 46 12 70 54 65 72 82 78 36 11 38 37 21 95 4 47 7 77 26 67 79 8 61 2 62 90 84 0 38 40 
16 58 23 69 9 73 15 90 61 80 26 77 93 87 36 30 54 54 80 45 32 64 33 37 25 63 92 1 50 73 28 3 85 88 82 29 21 93 71 38 55 57 99 59 81 62 50 87 96 88 54 31 35 39 18 59 51 66 85 28 76 7 58 1 46 54 70 28 20 74 25 22 28 68 34 71 74 57 16 8 80 33 15 68 62 42 15 48 66 49 94 82 12 58 43 40 14 38 0 63 
17 65 91 32 55 31 11 77 39 76 96 77 58 50 87 90 89 2 16 33 29 76 16 9 66 58 7 20 17 82 83 17 62 47 11 43 78 94 56 17 42 10 12 40 92 33 100 51 6 25 35 94 65 57 69 80 25 50 68 14 51 88 13 29 2 10 28 50 88 87 25 58 72 16 94 92 66 86 73 86 33 36 1 50 10 52 88 44 73 21 43 7 3 36 62 23 19 40 63 0 
