80
0 54 89 56 5 59 31 10 82 99 43 2 50 69 37 28 50 5 8 25 29 95 33 90 5 55 32 57 61 28 60 61 81 48 17 86 7 99 47 88 98 89 41 47 9 77 74 58 34 34 82 14 80 67 56 84 21 87 92 33 14 52 94 47 99 10 84 57 8 30 97 5 71 37 3 79 66 29 89 51 
54 0 62 70 64 41 36 71 77 9 58 68 93 23 19 86 21 18 47 4 74 7 86 22 63 56 59 66 86 76 94 74 26 7 96 41 47 83 12 23 91 21 43 36 43 61 21 16 30 20 19 56 78 56 77 40 63 87 57 49 62 2 74 87 8 69 80 55 52 91 29 94 11 71 29 5 84 2 20 13 
89 62 0 21 91 20 98 98 97 89 61 83 46 9 45 47 82 83 7 3 62 61 54 4 41 99 14 64 28 71 99 81 42 63 53 84 83 50 82 79 90 42 13 35 2 9 34 35 92 40 37 5 52 42 9 44 93 74 59 72 44 57 52 38 20 4 73 54 5 54 84 94 47 96 81 100 5 66 35 48 
56 70 21 0 57 23 52 8 17 60 3 61 34 62 32 77 70 83 66 89 86 39 42 42 44 25 35 91 73 67 42 77 32 76 24 88 51 75 47 19 35 2 79 20 63 10 96 32 44 14 73 29 52 66 22 47 43 56 89 15 75 31 43 58 58 18 98 8 92 44 78 78 45 56 97 59 17 45 43 60 
5 64 91 57 0 10 15 40 61 80 61 59 74 69 48 88 43 78 30 100 35 99 97 95 43 93 72 20 89 80 69 100 96 65 42 56 26 56 95 38 87 56 96 61 24 43 100 18 20 82 69 55 80 18 1 22 62 72 94 50 51 14 49 99 78 42 54 55 97 100 92 36 55 87 96 30 30 47 99 49 
59 41 20 23 10 0 28 68 55 8 37 55 29 98 79 22 99 81 35 100 79 64 41 84 18 90 84 9 25 90 96 72 72 77 18 22 77 46 41 32 5 77 38 33 26 68 7 25 1 41 24 31 57 64 15 26 5 50 87 29 91 34 52 62 10 22 84 86 19 76 69 23 53 59 7 78 78 13 54 78 
31 36 98 52 15 28 0 6 77 9 14 93 75 39 97 24 25 78 14 58 81 28 19 2 63 57 72 38 25 94 42 83 53 72 61 65 25 90 22 2 98 35 46 24 74 42 47 50 71 13 60 52 92 78 5 54 34 77 43 11 22 85 45 74 56 57 39 32 47 60 33 96 47 78 20 72 72 18 73 94 
10 71 98 8 40 68 6 0 82 32 97 73 62 2 78 47 30 73 9 51 57 54 25 64 10 15 47 8 26 80 56 72 9 27 43 32 44 16 78 78 99 74 50 12 27 80 59 56 52 67 7 60 72 83 75 34 97 21 93 22 52 48 94 61 74 88 44 70 55 21 47 6 47 48 17 73 27 27 29 30 
82 77 97 17 61 55 77 82 0 46 87 89 69 69 15 2 65 36 95 38 87 42 83 99 68 71 95 37 77 67 83 34 13 30 51 86 9 29 66 38 26 4 27 95 72 41 96 88 28 42 25 67 36 8 65 3 30 11 39 58 78 73 92 90 2 94 27 10 74 44 48 100 47 26 46 18 18 41 57 46 
99 9 89 60 80 8 9 32 46 0 35 34 12 70 41 28 72 22 39 62 31 68 34 74 9 87 67 88 97 93 31 96 92 78 21 37 47 38 29 4 83 15 37 46 84 29 74 7 2 64 20 32 83 53 6 91 40 24 30 88 16 61 83 59 90 55 47 36 44 76 91 79 90 79 24 26 59 49 84 60 
43 58 61 3 61 37 14 97 87 35 0 64 4 44 46 8 1 89 99 76 18 86 44 30 20 2 19 26 49 7 70 76 97 48 17 28 71 94 86 72 78 98 35 81 93 33 40 45 73 39 20 42 76 15 72 48 17 90 73 17 96 94 44 45 41 60 72 64 54 57 35 83 6 21 15 98 5 54 42 29 
2 68 83 61 59 55 93 73 89 34 64 0 44 62 71 20 76 42 19 44 83 91 12 31 85 55 75 77 67 98 40 72 54 26 54 60 99 68 57 55 73 51 84 17 64 6 36 91 99 6 35 81 48 98 63 32 53 37 61 71 34 52 42 40 30 47 51 80 66 59 34 38 9 69 54 72 26 41 63 24 
50 93 46 34 74 29 75 62 69 12 4 44 0 98 49 57 46 46 19 77 50 8 89 72 41 41 65 32 70 11 82 1 28 93 34 66 1 55 71 25 80 64 87 4 61 87 60 6 32 30 35 34 37 75 5 30 15 70 61 36 32 95 36 60 87 22 77 39 76 99 63 7 14 1 62 75 87 73 32 71 
69 23 9 62 69 98 39 2 69 70 44 62 98 0 3 18 4 39 93 60 20 7 81 81 95 65 27 82 76 65 3 4 3 30 2 18 37 16 18 50 42 5 23 25 27 25 43 82 15 35 41 35 93 74 67 87 90 93 69 65 9 23 68 63 5 21 80 93 88 98 42 29 54 64 54 80 40 48 61 55 
37 19 45 32 48 79 97 78 15 41 46 71 49 3 0 82 53 89 74 78 7 13 67 51 33 31 59 55 50 21 59 71 1 3 58 50 45 39 3 8 44 34 48 43 46 54 24 98 94 49 76 100 61 94 50 93 25 60 100 26 80 10 96 32 13 6 81 57 96 35 16 91 68 15 33 13 68 8 63 13 
28 86 47 77 88 22 24 47 2 28 8 20 57 18 82 0 56 90 12 17 83 13 61 59 72 60 85 4 22 80 35 86 37 16 42 84 2 9 74 70 76 58 34 95 65 96 8 21 37 71 89 20 84 49 78 7 61 62 10 82 94 45 19 82 12 12 18 13 20 43 82 95 1 68 42 17 15 49 37 52 
50 21 82 70 43 99 25 30 65 72 1 76 46 4 53 56 0 19 77 71 54 26 100 61 38 14 22 71 59 66 89 92 77 100 9 42 19 52 23 66 4 42 7 20 57 7 9 8 77 85 30 31 62 29 43 99 94 64 69 52 82 57 44 10 56 52 51 27 55 26 44 58 67 2 78 23 8 86 82 36 
5 18 83 83 78 81 78 73 36 22 89 42 46 39 89 90 19 0 22 11 18 84 92 60 82 85 76 51 89 57 59 84 66 67 87 69 45 42 94 88 99 12 41 28 35 100 65 68 35 87 79 53 22 22 64 3 58 39 5 46 47 64 29 65 82 68 33 26 9 78 65 59 89 5 39 75 4 3 43 90 
8 47 7 66 30 35 14 9 95 39 99 19 19 93 74 12 77 22 0 41 73 42 62 94 6 17 51 96 21 49 43 36 29 59 17 96 91 94 4 20 58 15 8 14 53 83 69 7 77 59 100 49 100 61 94 57 29 96 53 50 44 47 37 73 5 6 68 47 99 24 18 9 90 25 74 94 59 43 100 87 
25 4 3 89 100 100 58 51 38 62 76 44 77 60 78 17 71 11 41 0 1 51 35 52 64 80 61 92 76 65 41 19 11 30 43 67 35 63 65 33 86 34 93 27 10 67 20 69 61 71 7 61 22 42 64 85 21 24 76 48 40 69 67 50 98 9 68 32 71 84 16 8 17 61 34 27 79 5 47 39 
29 74 62 86 35 79 81 57 87 31 18 83 50 20 7 83 54 18 73 1 0 76 53 51 49 46 66 33 19 90 60 66 81 80 84 83 77 93 50 60 15 86 28 23 54 88 8 32 18 13 30 56 40 35 6 88 32 71 20 50 12 31 68 93 11 51 27 39 95 76 99 62 13 78 36 67 17 43 50 34 
95 7 61 39 99 64 28 54 42 68 86 91 8 7 13 13 26 84 42 51 76 0 7 80 89 46 14 46 33 45 68 4 47 32 35 66 76 97 68 2 35 63 29 85 76 42 14 11 60 30 53 61 63 12 40 3 57 5 100 42 2 20 97 48 51 83 65 78 79 32 79 66 46 59 2 21 52 16 31 63 
33 86 54 42 97 41 19 25 83 34 44 12 89 81 67 61 100 92 62 35 53 7 0 45 36 24 60 99 15 62 55 20 14 48 21 33 45 20 83 79 36 12 58 67 42 75 13 100 76 33 52 91 16 14 36 3 37 47 1 52 60 7 23 73 55 95 5 51 66 39 29 1 50 38 67 91 12 31 43 40 
90 22 4 42 95 84 2 64 99 74 30 31 72 81 51 59 61 60 94 52 51 80 45 0 16 94 30 31 59 17 85 48 63 85 51 23 91 73 47 97 19 4 99 84 42 80 84 44 69 2 86 33 33 80 72 100 73 1 82 84 70 66 31 84 50 33 58 92 57 5 41 75 8 91 58 1 22 93 96 91 
5 63 41 44 43 18 63 10 68 9 20 85 41 95 33 72 38 82 6 64 49 89 36 16 0 46 34 23 30 13 94 29 38 46 10 21 15 75 3 99 76 35 56 20 91 12 12 65 19 2 74 72 24 18 67 66 15 100 88 45 65 33 25 2 78 35 22 45 61 76 95 89 10 2 8 52 14 19 68 84 
55 56 99 25 93 90 57 15 71 87 2 55 41 65 31 60 14 85 17 80 46 46 24 94 46 0 72 93 7 47 10 74 12 76 25 51 20 41 35 97 42 65 31 15 9 43 90 55 31 51 56 38 2 21 8 21 5 32 13 11 78 74 36 42 50 13 92 21 53 79 17 47 43 99 61 51 42 3 57 72 
32 59 14 35 72 84 72 47 95 67 19 75 65 27 59 85 22 76 51 61 66 14 60 30 34 72 0 53 12 62 7 85 69 27 41 100 92 3 30 65 39 71 66 3 14 87 7 92 3 53 34 2 14 36 95 68 92 66 72 56 27 78 40 48 57 80 99 100 82 28 64 72 50 30 26 16 68 33 7 22 
57 66 64 91 20 9 38 8 37 88 26 77 32 82 55 4 71 51 96 92 33 46 99 31 23 93 53 0 85 93 75 50 80 69 17 24 87 89 79 13 18 70 12 26 1 11 25 34 38 41 58 40 22 83 55 89 67 13 10 52 57 85 53 37 5 22 60 91 62 90 56 79 11 67 57 63 77 81 96 67 
61 86 28 73 89 25 25 26 77 97 49 67 70 76 50 22 59 89 21 76 19 33 15 59 30 7 12 85 0 21 5 6 42 40 12 82 6 24 92 9 81 28 62 69 84 35 80 75 96 69 30 26 31 96 82 93 25 63 40 43 35 97 100 29 36 11 10 41 34 53 2 66 32 63 34 16 97 13 90 44 
28 76 71 67 80 90 94 80 67 93 7 98 11 65 21 80 66 57 49 65 90 45 62 17 13 47 62 93 21 0 33 71 69 15 18 51 59 94 65 51 36 99 47 35 27 82 45 37 74 31 41 75 96 73 89 82 88 37 46 29 80 31 99 49 45 68 51 4 62 15 6 97 13 52 84 92 85 28 80 10 
60 94 99 42 69 96 42 56 83 31 70 40 82 3 59 35 89 59 43 41 60 68 55 85 94 10 7 75 5 33 0 10 20 85 58 92 25 39 31 62 84 59 93 66 9 93 11 29 43 66 90 9 71 38 22 74 73 65 10 1 44 19 62 63 55 19 7 80 57 37 93 93 48 37 58 56 30 20 36 24 
61 74 81 77 100 72 83 72 34 96 76 72 1 4 71 86 92 84 36 19 66 4 20 48 29 74 85 50 6 71 10 0 37 25 33 59 15 6 32 87 70 41 39 65 12 1 27 66 19 85 97 28 74 89 72 21 78 81 28 7 1 64 82 89 40 14 48 54 19 31 93 40 24 83 4 35 83 83 100 54 
81 26 42 32 96 72 53 9 13 92 97 54 28 3 1 37 77 66 29 11 81 47 14 63 38 12 69 80 42 69 20 37 0 19 97 81 92 37 4 64 14 84 92 72 36 7 54 25 46 19 72 52 90 54 96 29 77 78 85 11 61 67 63 66 85 59 98 29 47 1 92 13 84 83 36 20 41 89 44 87 
48 7 63 76 65 77 72 27 30 78 48 26 93 30 3 16 100 67 59 30 80 32 48 85 46 76 27 69 40 15 85 25 19 0 60 67 90 49 72 85 29 49 14 13 59 26 79 21 91 16 31 88 44 30 88 35 42 72 70 77 43 10 18 38 48 77 56 89 77 27 25 5 75 39 18 34 64 48 6 55 
17 96 53 24 42 18 61 43 51 21 17 54 34 2 58 42 9 87 17 43 84 35 21 51 10 25 41 17 12 18 58 33 97 60 0 15 89 94 58 18 82 45 59 5 66 87 47 75 56 84 75 84 39 63 60 65 88 17 92 78 34 77 41 33 82 47 48 70 41 57 39 74 53 49 78 18 36 76 45 43 
86 41 84 88 56 22 65 32 86 37 28 60 66 18 50 84 42 69 96 67 83 66 33 23 21 51 100 24 82 51 92 59 81 67 15 0 11 71 27 1 33 86 65 72 2 56 1 87 32 94 72 66 92 71 87 32 79 26 57 32 74 86 1 61 61 45 4 23 15 30 23 100 67 88 23 21 95 24 59 79 
7 47 83 51 26 77 25 44 9 47 71 99 1 37 45 2 19 45 91 35 77 76 45 91 15 20 92 87 6 59 25 15 92 90 89 11 0 69 30 96 60 100 82 44 79 59 100 62 33 38 62 45 98 59 48 73 25 29 95 76 96 34 99 16 29 74 74 59 42 56 54 53 7 87 96 37 46 48 98 30 
99 83 50 75 56 46 90 16 29 38 94 68 55 16 39 9 52 42 94 63 93 97 20 73 75 41 3 89 24 94 39 6 37 49 94 71 69 0 85 12 74 34 70 22 6 46 50 1 22 97 34 20 64 14 45 90 24 38 45 29 90 3 16 86 40 13 85 89 42 69 100 67 54 21 88 60 67 90 12 88 
47 12 82 47 95 41 22 78 66 29 86 57 71 18 3 74 23 94 4 65 50 68 83 47 3 35 30 79 92 65 31 32 4 72 58 27 30 85 0 38 45 59 2 11 3 91 34 92 35 15 81 89 30 18 28 94 54 17 87 22 68 53 76 41 93 87 7 34 98 46 71 94 56 72 4 10 62 90 1 48 
88 23 79 19 38 32 2 78 38 4 72 55 25 50 8 70 66 88 20 33 60 2 79 97 99 97 65 13 9 51 62 87 64 85 18 1 96 12 38 0 4 33 37 85 51 16 78 4 84 16 78 52 68 5 44 60 91 2 45 88 47 16 81 2 87 37 63 1 26 63 100 81 95 88 17 97 4 46 53 87 
98 91 90 35 87 5 98 99 26 83 78 73 80 42 44 76 4 99 58 86 15 35 36 19 76 42 39 18 81 36 84 70 14 29 82 33 60 74 45 4 0 61 30 90 28 86 33 40 76 34 84 15 32 51 95 85 38 83 47 90 60 61 41 40 56 29 56 4 84 1 56 22 61 37 64 41 22 96 80 49 
89 21 42 2 56 77 35 74 4 15 98 51 64 5 34 58 42 12 15 34 86 63 12 4 35 65 71 70 28 99 59 41 84 49 45 86 100 34 59 33 61 0 82 15 63 65 66 10 2 55 92 100 96 52 61 36 43 68 16 51 71 99 51 79 21 64 67 84 4 41 31 35 89 64 1 4 81 66 65 82 
41 43 13 79 96 38 46 50 27 37 35 84 87 23 48 34 7 41 8 93 28 29 58 99 56 31 66 12 62 47 93 39 92 14 59 65 82 70 2 37 30 82 0 72 56 33 67 59 93 3 54 12 18 4 35 69 6 13 41 69 31 24 24 71 6 10 12 70 11 67 2 28 31 83 52 38 15 18 49 60 
47 36 35 20 61 33 24 12 95 46 81 17 4 25 43 95 20 28 14 27 23 85 67 84 20 15 3 26 69 35 66 65 72 13 5 72 44 22 11 85 90 15 72 0 72 2 71 42 5 57 10 10 21 50 31 52 25 6 74 30 16 85 51 78 3 52 57 33 86 8 23 53 26 71 64 49 72 86 90 28 
9 43 2 63 24 26 74 27 72 84 93 64 61 27 46 65 57 35 53 10 54 76 42 42 91 9 14 1 84 27 9 12 36 59 66 2 79 6 3 51 28 63 56 72 0 43 51 89 63 100 71 66 76 77 40 6 44 76 8 73 79 12 29 63 49 89 85 1 66 7 16 14 30 2 4 57 44 6 98 58 
77 61 9 10 43 68 42 80 41 29 33 6 87 25 54 96 7 100 83 67 88 42 75 80 12 43 87 11 35 82 93 1 7 26 87 56 59 46 91 16 86 65 33 2 43 0 6 68 24 81 96 63 38 91 90 98 63 68 9 92 31 57 32 67 10 97 74 25 10 3 26 65 12 21 71 61 31 28 80 6 
74 21 34 96 100 7 47 59 96 74 40 36 60 43 24 8 9 65 69 20 8 14 13 84 12 90 7 25 80 45 11 27 54 79 47 1 100 50 34 78 33 66 67 71 51 6 0 60 76 20 98 66 9 47 81 77 55 24 59 63 55 77 72 51 50 49 60 5 26 77 68 47 47 28 29 26 7 34 85 34 
58 16 35 32 18 25 50 56 88 7 45 91 6 82 98 21 8 68 7 69 32 11 100 44 65 55 92 34 75 37 29 66 25 21 75 87 62 1 92 4 40 10 59 42 89 68 60 0 53 34 52 61 80 32 89 86 55 99 49 9 76 20 59 77 20 70 33 46 98 100 44 44 27 72 21 86 57 6 19 9 
34 30 92 44 20 1 71 52 28 2 73 99 32 15 94 37 77 35 77 61 18 60 76 69 19 31 3 38 96 74 43 19 46 91 56 32 33 22 35 84 76 2 93 5 63 24 76 53 0 39 70 21 71 1 62 56 7 60 4 15 87 76 25 16 95 47 48 40 44 48 83 40 26 6 60 11 62 65 82 22 
34 20 40 14 82 41 13 67 42 64 39 6 30 35 49 71 85 87 59 71 13 30 33 2 2 51 53 41 69 31 66 85 19 16 84 94 38 97 15 16 34 55 3 57 100 81 20 34 39 0 56 3 43 26 56 56 33 62 67 37 29 54 64 53 69 10 99 68 50 95 15 84 34 93 90 93 55 3 10 36 
82 19 37 73 69 24 60 7 25 20 20 35 35 41 76 89 30 79 100 7 30 53 52 86 74 56 34 58 30 41 90 97 72 31 75 72 62 34 81 78 84 92 54 10 71 96 98 52 70 56 0 25 17 39 19 94 94 26 26 7 92 62 35 97 77 88 17 87 38 85 88 84 51 71 17 43 12 62 98 67 
14 56 5 29 55 31 52 60 67 32 42 81 34 35 100 20 31 53 49 61 56 61 91 33 72 38 2 40 26 75 9 28 52 88 84 66 45 20 89 52 15 100 12 10 66 63 66 61 21 3 25 0 71 85 43 87 23 61 80 68 86 57 75 29 71 9 26 47 48 42 33 38 26 20 21 77 43 90 71 6 
80 78 52 52 80 57 92 72 36 83 76 48 37 93 61 84 62 22 100 22 40 63 16 33 24 2 14 22 31 96 71 74 90 44 39 92 98 64 30 68 32 96 18 21 76 38 9 80 71 43 17 71 0 51 20 24 21 5 66 59 79 26 90 99 63 46 73 92 16 33 69 15 33 10 99 22 36 71 42 64 
67 56 42 66 18 64 78 83 8 53 15 98 75 74 94 49 29 22 61 42 35 12 14 80 18 21 36 83 96 73 38 89 54 30 63 71 59 14 18 5 51 52 4 50 77 91 47 32 1 26 39 85 51 0 13 31 86 70 81 6 94 53 62 59 63 40 37 4 90 51 2 62 94 69 47 62 83 79 72 82 
56 77 9 22 1 15 5 75 65 6 72 63 5 67 50 78 43 64 94 64 6 40 36 72 67 8 95 55 82 89 22 72 96 88 60 87 48 45 28 44 95 61 35 31 40 90 81 89 62 56 19 43 20 13 0 52 59 52 93 74 16 76 59 37 8 64 82 13 77 93 75 17 81 31 6 31 32 20 77 52 
84 40 44 47 22 26 54 34 3 91 48 32 30 87 93 7 99 3 57 85 88 3 3 100 66 21 68 89 93 82 74 21 29 35 65 32 73 90 94 60 85 36 69 52 6 98 77 86 56 56 94 87 24 31 52 0 18 38 35 48 61 68 99 19 71 91 92 86 18 3 74 26 18 56 38 95 100 64 11 80 
21 63 93 43 62 5 34 97 30 40 17 53 15 90 25 61 94 58 29 21 32 57 37 73 15 5 92 67 25 88 73 78 77 42 88 79 25 24 54 91 38 43 6 25 44 63 55 55 7 33 94 23 21 86 59 18 0 94 68 10 77 39 86 29 56 76 15 55 36 82 53 7 52 96 50 89 13 52 14 38 
87 87 74 56 72 50 77 21 11 24 90 37 70 93 60 62 64 39 96 24 71 5 47 1 100 32 66 13 63 37 65 81 78 72 17 26 29 38 17 2 83 68 13 6 76 68 24 99 60 62 26 61 5 70 52 38 94 0 70 21 27 64 20 43 26 99 88 45 61 65 36 98 45 91 25 11 46 61 92 50 
92 57 59 89 94 87 43 93 39 30 73 61 61 69 100 10 69 5 53 76 20 100 1 82 88 13 72 10 40 46 10 28 85 70 92 57 95 45 87 45 47 16 41 74 8 9 59 49 4 67 26 80 66 81 93 35 68 70 0 67 95 45 68 35 58 20 100 47 41 21 26 4 40 68 81 91 55 77 3 71 
33 49 72 15 50 29 11 22 58 88 17 71 36 65 26 82 52 46 50 48 50 42 52 84 45 11 56 52 43 29 1 7 11 77 78 32 76 29 22 88 90 51 69 30 73 92 63 9 15 37 7 68 59 6 74 48 10 21 67 0 12 100 67 3 25 77 100 37 20 49 55 66 46 22 52 3 93 52 1 33 
14 62 44 75 51 91 22 52 78 16 96 34 32 9 80 94 82 47 44 40 12 2 60 70 65 78 27 57 35 80 44 1 61 43 34 74 96 90 68 47 60 71 31 16 79 31 55 76 87 29 92 86 79 94 16 61 77 27 95 12 0 72 78 88 63 45 68 5 52 45 7 74 56 59 93 10 35 69 61 23 
52 2 57 31 14 34 85 48 73 61 94 52 95 23 10 45 57 64 47 69 31 20 7 66 33 74 78 85 97 31 19 64 67 10 77 86 34 3 53 16 61 99 24 85 12 57 77 20 76 54 62 57 26 53 76 68 39 64 45 100 72 0 41 62 29 6 7 50 58 61 95 61 13 27 84 91 67 98 87 86 
94 74 52 43 49 52 45 94 92 83 44 42 36 68 96 19 44 29 37 67 68 97 23 31 25 36 40 53 100 99 62 82 63 18 41 1 99 16 76 81 41 51 24 51 29 32 72 59 25 64 35 75 90 62 59 99 86 20 68 67 78 41 0 3 38 30 61 64 38 71 56 99 57 76 12 79 16 73 7 74 
47 87 38 58 99 62 74 61 90 59 45 40 60 63 32 82 10 65 73 50 93 48 73 84 2 42 48 37 29 49 63 89 66 38 33 61 16 86 41 2 40 79 71 78 63 67 51 77 16 53 97 29 99 59 37 19 29 43 35 3 88 62 3 0 31 9 83 43 3 43 55 81 78 45 47 75 84 33 29 73 
99 8 20 58 78 10 56 74 2 90 41 30 87 5 13 12 56 82 5 98 11 51 55 50 78 50 57 5 36 45 55 40 85 48 82 61 29 40 93 87 56 21 6 3 49 10 50 20 95 69 77 71 63 63 8 71 56 26 58 25 63 29 38 31 0 14 90 36 3 12 43 54 69 19 65 99 86 89 6 11 
10 69 4 18 42 22 57 88 94 55 60 47 22 21 6 12 52 68 6 9 51 83 95 33 35 13 80 22 11 68 19 14 59 77 47 45 74 13 87 37 29 64 10 52 89 97 49 70 47 10 88 9 46 40 64 91 76 99 20 77 45 6 30 9 14 0 71 66 93 13 20 87 67 52 64 64 51 91 47 83 
84 80 73 98 54 84 39 44 27 47 72 51 77 80 81 18 51 33 68 68 27 65 5 58 22 92 99 60 10 51 7 48 98 56 48 4 74 85 7 63 56 67 12 57 85 74 60 33 48 99 17 26 73 37 82 92 15 88 100 100 68 7 61 83 90 71 0 19 19 48 8 7 3 20 49 56 40 67 72 38 
57 55 54 8 55 86 32 70 10 36 64 80 39 93 57 13 27 26 47 32 39 78 51 92 45 21 100 91 41 4 80 54 29 89 70 23 59 89 34 1 4 84 70 33 1 25 5 46 40 68 87 47 92 4 13 86 55 45 47 37 5 50 64 43 36 66 19 0 5 12 95 15 82 60 60 94 31 46 12 83 
8 52 5 92 97 19 47 55 74 44 54 66 76 88 96 20 55 9 99 71 95 79 66 57 61 53 82 62 34 62 57 19 47 77 41 15 42 42 98 26 84 4 11 86 66 10 26 98 44 50 38 48 16 90 77 18 36 61 41 20 52 58 38 3 3 93 19 5 0 62 75 33 52 73 67 70 44 66 30 50 
30 91 54 44 100 76 60 21 44 76 57 59 99 98 35 43 26 78 24 84 76 32 39 5 76 79 28 90 53 15 37 31 1 27 57 30 56 69 46 63 1 41 67 8 7 3 77 100 48 95 85 42 33 51 93 3 82 65 21 49 45 61 71 43 12 13 48 12 62 0 68 1 98 75 40 17 98 77 73 9 
97 29 84 78 92 69 33 47 48 91 35 34 63 42 16 82 44 65 18 16 99 79 29 41 95 17 64 56 2 6 93 93 92 25 39 23 54 100 71 100 56 31 2 23 16 26 68 44 83 15 88 33 69 2 75 74 53 36 26 55 7 95 56 55 43 20 8 95 75 68 0 72 87 42 83 46 87 14 44 99 
5 94 94 78 36 23 96 6 100 79 83 38 7 29 91 95 58 59 9 8 62 66 1 75 89 47 72 79 66 97 93 40 13 5 74 100 53 67 94 81 22 35 28 53 14 65 47 44 40 84 84 38 15 62 17 26 7 98 4 66 74 61 99 81 54 87 7 15 33 1 72 0 48 5 25 32 8 50 98 77 
71 11 47 45 55 53 47 47 47 90 6 9 14 54 68 1 67 89 90 17 13 46 50 8 10 43 50 11 32 13 48 24 84 75 53 67 7 54 56 95 61 89 31 26 30 12 47 27 26 34 51 26 33 94 81 18 52 45 40 46 56 13 57 78 69 67 3 82 52 98 87 48 0 93 15 58 94 83 58 91 
37 71 96 56 87 59 78 48 26 79 21 69 1 64 15 68 2 5 25 61 78 59 38 91 2 99 30 67 63 52 37 83 83 39 49 88 87 21 72 88 37 64 83 71 2 21 28 72 6 93 71 20 10 69 31 56 96 91 68 22 59 27 76 45 19 52 20 60 73 75 42 5 93 0 9 49 59 7 26 31 
3 29 81 97 96 7 20 17 46 24 15 54 62 54 33 42 78 39 74 34 36 2 67 58 8 61 26 57 34 84 58 4 36 18 78 23 96 88 4 17 64 1 52 64 4 71 29 21 60 90 17 21 99 47 6 38 50 25 81 52 93 84 12 47 65 64 49 60 67 40 83 25 15 9 0 67 49 18 9 83 
79 5 100 59 30 78 72 73 18 26 98 72 75 80 13 17 23 75 94 27 67 21 91 1 52 51 16 63 16 92 56 35 20 34 18 21 37 60 10 97 41 4 38 49 57 61 26 86 11 93 43 77 22 62 31 95 89 11 91 3 10 91 79 75 99 64 56 94 70 17 46 32 58 49 67 0 15 47 96 58 
66 84 5 17 30 78 72 27 18 59 5 26 87 40 68 15 8 4 59 79 17 52 12 22 14 42 68 77 97 85 30 83 41 64 36 95 46 67 62 4 22 81 15 72 44 31 7 57 62 55 12 43 36 83 32 100 13 46 55 93 35 67 16 84 86 51 40 31 44 98 87 8 94 59 49 15 0 97 95 14 
29 2 66 45 47 13 18 27 41 49 54 41 73 48 8 49 86 3 43 5 43 16 31 93 19 3 33 81 13 28 20 83 89 48 76 24 48 90 90 46 96 66 18 86 6 28 34 6 65 3 62 90 71 79 20 64 52 61 77 52 69 98 73 33 89 91 67 46 66 77 14 50 83 7 18 47 97 0 22 26 
89 20 35 43 99 54 73 29 57 84 42 63 32 61 63 37 82 43 100 47 50 31 43 96 68 57 7 96 90 80 36 100 44 6 45 59 98 12 1 53 80 65 49 90 98 80 85 19 82 10 98 71 42 72 77 11 14 92 3 1 61 87 7 29 6 47 72 12 30 73 44 98 58 26 9 96 95 22 0 21 
51 13 48 60 49 78 94 30 46 60 29 24 71 55 13 52 36 90 87 39 34 63 40 91 84 72 22 67 44 10 24 54 87 55 43 79 30 88 48 87 49 82 60 28 58 6 34 9 22 36 67 6 64 82 52 80 38 50 71 33 23 86 74 73 11 83 38 83 50 9 99 77 91 31 83 58 14 26 21 0 
