40
0 86 31 37 3 90 37 34 30 35 73 27 32 81 52 42 16 20 71 64 52 45 28 13 80 91 64 11 45 88 26 66 74 56 54 28 98 90 61 27 
86 0 25 85 5 8 66 57 49 33 76 71 96 27 15 75 39 46 18 54 8 62 41 34 79 66 89 33 94 86 74 6 65 98 91 69 5 8 25 5 
31 25 0 40 52 27 87 78 93 14 68 91 31 21 98 44 14 31 75 79 72 59 72 9 32 78 25 82 20 94 38 79 70 43 70 22 21 56 51 14 
37 85 40 0 69 19 4 51 91 1 95 4 84 21 35 7 79 58 15 10 35 40 91 6 85 81 84 6 23 53 27 95 61 30 60 81 100 63 32 90 
3 5 52 69 0 16 78 46 51 98 32 57 28 89 71 37 76 62 80 81 46 60 17 52 34 69 30 80 81 11 40 62 10 2 93 52 69 70 49 19 
90 8 27 19 16 0 19 80 75 46 68 98 34 95 59 65 76 57 76 92 60 61 12 89 41 93 100 32 54 61 33 98 12 54 19 60 72 37 91 99 
37 66 87 4 78 19 0 34 59 96 19 5 54 36 80 62 11 23 21 24 35 10 64 79 61 95 84 21 79 81 85 84 99 44 56 87 35 6 72 45 
34 57 78 51 46 80 34 0 1 90 49 6 25 81 68 88 3 88 11 89 49 26 67 61 72 2 34 50 82 18 86 80 13 93 18 47 98 89 43 50 
30 49 93 91 51 75 59 1 0 31 44 55 55 76 74 94 78 14 4 19 14 29 37 75 100 39 60 2 20 77 87 52 89 79 21 88 28 10 30 77 
35 33 14 1 98 46 96 90 31 0 40 25 83 46 100 9 40 30 22 43 48 87 24 36 13 75 74 72 76 46 48 14 49 37 44 69 76 71 30 57 
73 76 68 95 32 68 19 49 44 40 0 99 21 82 82 67 33 90 58 62 63 52 61 1 75 97 14 50 22 85 77 19 85 43 19 73 86 40 48 9 
27 71 91 4 57 98 5 6 55 25 99 0 69 4 7 90 37 40 8 70 81 65 83 43 16 44 96 43 92 9 92 65 45 20 36 81 62 54 53 100 
32 96 31 84 28 34 54 25 55 83 21 69 0 93 52 60 14 8 18 3 44 58 62 65 38 26 48 33 93 91 28 35 34 88 78 98 84 98 85 65 
81 27 21 21 89 95 36 81 76 46 82 4 93 0 11 39 17 62 83 21 73 96 28 91 50 71 48 11 88 37 36 35 69 81 77 48 15 10 87 93 
52 15 98 35 71 59 80 68 74 100 82 7 52 11 0 59 71 42 44 35 4 34 3 18 16 23 90 64 50 80 13 73 79 24 60 16 11 46 36 91 
42 75 44 7 37 65 62 88 94 9 67 90 60 39 59 0 22 36 58 83 22 2 93 44 43 36 78 98 21 33 15 89 7 57 52 57 88 64 81 67 
16 39 14 79 76 76 11 3 78 40 33 37 14 17 71 22 0 87 92 34 50 37 69 40 10 4 49 92 78 50 84 21 92 72 51 42 44 35 8 32 
20 46 31 58 62 57 23 88 14 30 90 40 8 62 42 36 87 0 41 64 83 49 4 99 29 70 85 72 3 86 60 23 78 69 79 26 60 56 76 96 
71 18 75 15 80 76 21 11 4 22 58 8 18 83 44 58 92 41 0 28 19 19 30 60 62 64 20 94 5 35 28 5 38 26 86 7 63 57 61 48 
64 54 79 10 81 92 24 89 19 43 62 70 3 21 35 83 34 64 28 0 17 84 25 85 62 3 97 69 78 92 96 96 62 78 8 23 41 79 68 97 
52 8 72 35 46 60 35 49 14 48 63 81 44 73 4 22 50 83 19 17 0 13 96 2 51 21 87 9 83 95 70 83 11 5 59 48 66 61 44 86 
45 62 59 40 60 61 10 26 29 87 52 65 58 96 34 2 37 49 19 84 13 0 38 87 81 86 48 10 45 22 3 23 90 99 87 85 52 89 57 90 
28 41 72 91 17 12 64 67 37 24 61 83 62 28 3 93 69 4 30 25 96 38 0 98 92 37 19 74 47 75 32 46 92 45 41 77 82 79 9 19 
13 34 9 6 52 89 79 61 75 36 1 43 65 91 18 44 40 99 60 85 2 87 98 0 78 19 15 100 21 37 89 71 76 25 75 64 81 64 13 72 
80 79 32 85 34 41 61 72 100 13 75 16 38 50 16 43 10 29 62 62 51 81 92 78 0 52 83 97 51 57 81 96 48 25 37 24 58 67 85 29 
91 66 78 81 69 93 95 2 39 75 97 44 26 71 23 36 4 70 64 3 21 86 37 19 52 0 45 3 43 44 75 32 84 45 7 8 19 22 88 35 
64 89 25 84 30 100 84 34 60 74 14 96 48 48 90 78 49 85 20 97 87 48 19 15 83 45 0 35 12 86 17 60 88 26 40 84 25 16 72 1 
11 33 82 6 80 32 21 50 2 72 50 43 33 11 64 98 92 72 94 69 9 10 74 100 97 3 35 0 26 38 85 54 82 39 96 77 13 27 60 57 
45 94 20 23 81 54 79 82 20 76 22 92 93 88 50 21 78 3 5 78 83 45 47 21 51 43 12 26 0 85 67 28 7 7 14 93 18 51 9 29 
88 86 94 53 11 61 81 18 77 46 85 9 91 37 80 33 50 86 35 92 95 22 75 37 57 44 86 38 85 0 39 86 69 22 11 36 45 11 61 82 
26 74 38 27 40 33 85 86 87 48 77 92 28 36 13 15 84 60 28 96 70 3 32 89 81 75 17 85 67 39 0 47 14 16 85 62 92 97 88 4 
66 6 79 95 62 98 84 80 52 14 19 65 35 35 73 89 21 23 5 96 83 23 46 71 96 32 60 54 28 86 47 0 5 25 70 32 31 76 45 23 
74 65 70 61 10 12 99 13 89 49 85 45 34 69 79 7 92 78 38 62 11 90 92 76 48 84 88 82 7 69 14 5 0 45 48 83 74 86 69 94 
56 98 43 30 2 54 44 93 79 37 43 20 88 81 24 57 72 69 26 78 5 99 45 25 25 45 26 39 7 22 16 25 45 0 59 31 29 3 93 42 
54 91 70 60 93 19 56 18 21 44 19 36 78 77 60 52 51 79 86 8 59 87 41 75 37 7 40 96 14 11 85 70 48 59 0 36 39 55 3 23 
28 69 22 81 52 60 87 47 88 69 73 81 98 48 16 57 42 26 7 23 48 85 77 64 24 8 84 77 93 36 62 32 83 31 36 0 16 95 19 56 
98 5 21 100 69 72 35 98 28 76 86 62 84 15 11 88 44 60 63 41 66 52 82 81 58 19 25 13 18 45 92 31 74 29 39 16 0 98 23 80 
90 8 56 63 70 37 6 89 10 71 40 54 98 10 46 64 35 56 57 79 61 89 79 64 67 22 16 27 51 11 97 76 86 3 55 95 98 0 19 7 
61 25 51 32 49 91 72 43 30 30 48 53 85 87 36 81 8 76 61 68 44 57 9 13 85 88 72 60 9 61 88 45 69 93 3 19 23 19 0 62 
27 5 14 90 19 99 45 50 77 57 9 100 65 93 91 67 32 96 48 97 86 90 19 72 29 35 1 57 29 82 4 23 94 42 23 56 80 7 62 0 
