20
0 73 60 42 47 24 39 43 39 6 90 83 51 64 15 68 68 22 17 66 
73 0 66 25 7 59 42 21 26 92 89 80 32 29 52 91 70 98 14 60 
60 66 0 92 53 17 33 87 67 96 1 86 15 74 2 80 39 78 38 97 
42 25 92 0 19 58 74 63 46 5 94 26 8 36 47 6 50 6 49 54 
47 7 53 19 0 74 82 40 40 77 92 78 92 65 31 23 56 9 61 52 
24 59 17 58 74 0 27 70 78 41 16 82 34 93 90 70 40 47 71 97 
39 42 33 74 82 27 0 95 24 71 76 15 62 5 6 39 96 22 70 70 
43 21 87 63 40 70 95 0 77 78 30 81 56 100 58 97 67 39 82 59 
39 26 67 46 40 78 24 77 0 80 3 50 26 25 47 73 48 17 48 62 
6 92 96 5 77 41 71 78 80 0 78 52 19 17 99 41 38 69 17 67 
90 89 1 94 92 16 76 30 3 78 0 50 97 22 49 6 70 67 97 52 
83 80 86 26 78 82 15 81 50 52 50 0 78 76 6 27 54 31 73 26 
51 32 15 8 92 34 62 56 26 19 97 78 0 30 89 73 44 19 77 62 
64 29 74 36 65 93 5 100 25 17 22 76 30 0 87 27 2 24 95 71 
15 52 2 47 31 90 6 58 47 99 49 6 89 87 0 90 97 19 63 97 
68 91 80 6 23 70 39 97 73 41 6 27 73 27 90 0 25 33 64 21 
68 70 39 50 56 40 96 67 48 38 70 54 44 2 97 25 0 36 41 48 
22 98 78 6 9 47 22 39 17 69 67 31 19 24 19 33 36 0 93 19 
17 14 38 49 61 71 70 82 48 17 97 73 77 95 63 64 41 93 0 1 
66 60 97 54 52 97 70 59 62 67 52 26 62 71 97 21 48 19 1 0 
