90
0 35 87 24 21 8 95 7 29 67 100 56 40 69 71 6 88 28 95 76 19 99 91 45 3 4 20 35 78 37 78 45 23 64 68 44 71 14 50 51 32 1 6 72 69 29 77 56 56 23 83 26 22 25 70 76 29 41 62 6 78 39 2 100 2 22 95 24 35 97 75 67 97 32 38 18 12 66 25 19 41 60 44 62 84 14 89 12 54 50 
35 0 70 83 89 71 35 42 92 81 66 27 77 92 93 74 75 82 43 87 99 67 5 39 78 49 52 62 14 40 25 19 90 94 54 78 65 88 71 56 68 36 34 97 79 26 22 54 59 64 40 58 82 96 48 60 96 100 21 9 91 45 80 80 39 33 9 55 72 80 10 39 67 96 35 46 21 8 99 32 71 90 41 5 85 88 64 81 39 36 
87 70 0 41 30 32 20 61 22 4 70 76 75 1 38 66 67 33 52 12 5 60 62 88 82 51 28 86 36 68 49 68 58 36 8 87 68 80 100 41 83 69 17 58 69 6 75 87 38 26 99 94 37 60 82 19 63 61 4 98 28 5 65 86 40 24 24 59 3 23 100 86 43 16 95 63 73 21 50 62 46 100 55 35 11 88 53 73 49 56 
24 83 41 0 22 28 60 86 13 52 62 89 10 64 11 9 1 6 24 47 68 48 67 69 9 65 68 16 99 31 3 51 3 3 58 25 31 18 62 43 69 23 83 78 39 94 87 39 51 62 86 18 62 4 39 70 68 58 85 18 88 40 68 43 42 26 19 24 95 32 19 15 55 1 44 45 94 82 83 44 96 20 14 57 76 4 78 95 61 15 
21 89 30 22 0 13 49 54 32 43 47 57 61 71 3 92 89 69 98 41 13 42 35 94 77 30 41 48 95 97 23 98 75 18 11 41 82 11 94 13 53 92 22 65 14 24 8 54 93 6 95 57 99 81 2 27 62 43 75 9 91 49 6 17 18 68 57 99 78 2 12 30 94 85 46 59 8 54 13 52 11 59 60 9 39 62 36 100 56 62 
8 71 32 28 13 0 8 46 10 66 63 80 33 19 78 63 73 41 44 66 25 90 76 85 43 40 88 53 98 100 13 36 61 100 88 16 61 47 13 23 12 75 2 97 46 31 59 18 24 2 35 100 43 10 36 85 50 76 89 99 75 54 35 87 53 74 54 14 20 66 88 32 93 41 80 38 23 38 55 46 91 41 98 34 2 85 18 51 60 59 
95 35 20 60 49 8 0 2 34 12 36 20 64 9 73 29 28 91 68 11 83 8 90 20 31 79 26 28 70 18 77 3 19 62 72 22 21 82 23 7 93 58 78 9 18 3 89 97 93 57 60 27 16 49 46 98 80 23 78 49 40 54 3 58 15 26 79 88 8 1 46 52 10 23 12 79 25 53 76 69 61 87 95 76 87 40 26 66 14 3 
7 42 61 86 54 46 2 0 66 5 56 68 63 23 94 93 62 53 46 7 4 55 29 68 34 6 20 61 74 80 47 69 7 33 60 32 51 74 34 16 30 42 36 92 64 29 37 77 33 82 83 36 88 63 55 73 68 74 85 42 53 31 62 60 16 21 91 66 46 77 33 76 18 68 19 33 48 55 9 80 88 91 68 76 53 22 100 73 48 85 
29 92 22 13 32 10 34 66 0 14 100 67 75 11 82 47 54 99 93 30 32 20 99 51 38 31 99 45 39 30 84 29 97 11 33 71 11 5 18 95 70 69 61 96 80 95 43 85 93 35 66 76 6 64 27 43 94 77 39 32 6 23 12 3 33 96 25 43 1 42 89 22 10 50 18 41 44 60 25 88 46 90 64 51 5 42 45 98 18 36 
67 81 4 52 43 66 12 5 14 0 81 23 58 92 77 90 40 1 85 92 94 73 13 4 74 30 44 17 41 21 57 38 62 72 40 67 13 37 16 82 72 97 4 29 40 33 70 79 85 6 70 79 79 83 82 52 64 77 21 57 49 77 94 11 48 86 29 12 22 44 93 45 40 48 73 80 80 94 58 17 100 80 95 30 62 76 81 25 4 53 
100 66 70 62 47 63 36 56 100 81 0 33 53 29 27 15 28 64 43 39 37 38 83 81 78 31 5 9 62 98 18 78 97 97 72 78 58 99 59 35 3 63 67 7 92 45 73 71 8 67 10 44 4 92 76 81 74 80 41 36 78 59 13 26 55 37 4 13 35 14 99 89 76 17 47 19 62 19 90 21 37 51 17 41 94 92 73 68 72 14 
56 27 76 89 57 80 20 68 67 23 33 0 55 1 72 67 78 78 3 81 42 90 46 40 78 22 57 77 40 70 47 81 42 84 83 10 24 77 2 96 96 25 61 50 77 84 68 54 62 23 35 3 12 32 43 41 53 51 17 45 72 64 77 13 99 60 23 22 36 76 69 31 52 30 32 80 13 99 33 74 21 19 77 84 51 71 25 55 73 93 
40 77 75 10 61 33 64 63 75 58 53 55 0 51 44 8 28 8 6 87 82 27 74 9 48 56 12 77 87 91 41 37 24 67 58 42 95 41 44 65 17 99 37 10 49 32 17 76 39 23 14 21 1 39 81 48 94 93 76 32 83 17 69 6 35 26 100 29 18 43 93 35 93 81 44 42 64 12 69 2 86 35 74 87 73 7 86 19 99 62 
69 92 1 64 71 19 9 23 11 92 29 1 51 0 50 81 30 18 39 64 95 38 92 13 32 36 99 25 68 94 18 31 57 86 84 43 20 10 81 45 16 66 63 14 27 12 94 8 82 84 23 28 21 14 92 5 1 90 29 68 83 46 50 40 83 34 34 55 43 14 99 58 79 13 23 58 76 68 17 57 52 40 85 24 5 76 28 6 18 56 
71 93 38 11 3 78 73 94 82 77 27 72 44 50 0 25 52 53 75 43 36 60 76 90 54 89 40 11 20 52 85 77 27 52 45 36 3 84 72 27 89 99 6 94 16 14 70 20 66 96 62 53 55 38 94 8 78 33 70 97 36 54 25 63 6 70 50 60 5 21 38 93 19 44 38 87 57 8 6 74 55 67 27 10 56 20 69 86 5 91 
6 74 66 9 92 63 29 93 47 90 15 67 8 81 25 0 34 40 96 11 54 53 32 3 13 36 75 2 81 46 97 18 32 53 77 89 79 32 7 57 93 15 28 13 100 32 3 33 24 51 43 77 3 26 32 67 62 6 69 42 51 65 11 34 70 88 22 48 71 81 56 15 95 83 27 94 67 82 78 90 32 73 18 34 98 49 53 59 55 21 
88 75 67 1 89 73 28 62 54 40 28 78 28 30 52 34 0 52 5 85 63 91 6 2 12 5 72 44 60 86 38 95 64 31 61 45 61 2 28 33 19 14 82 20 66 41 74 38 44 30 22 58 20 80 59 84 84 82 27 96 67 17 90 83 99 2 79 59 55 7 43 25 72 25 44 37 17 17 74 60 99 47 18 70 26 28 53 62 10 32 
28 82 33 6 69 41 91 53 99 1 64 78 8 18 53 40 52 0 57 28 100 98 10 98 99 89 57 5 47 51 29 18 75 73 54 91 41 79 3 39 25 72 9 3 99 13 64 8 96 72 36 95 69 97 93 19 85 1 23 31 3 51 48 78 23 53 20 16 31 74 54 8 45 14 62 96 27 25 55 74 48 90 69 16 87 13 86 23 65 8 
95 43 52 24 98 44 68 46 93 85 43 3 6 39 75 96 5 57 0 54 67 58 53 96 33 6 16 48 88 89 53 95 86 67 56 81 45 32 35 18 79 77 38 46 15 50 31 37 66 90 42 33 100 95 80 32 52 95 31 39 36 83 86 21 1 41 1 45 25 87 15 55 63 52 53 77 54 83 66 19 25 7 3 24 53 83 7 56 29 37 
76 87 12 47 41 66 11 7 30 92 39 81 87 64 43 11 85 28 54 0 95 64 71 80 36 24 72 88 68 96 75 82 3 89 86 55 18 39 89 83 9 13 41 64 36 46 98 42 1 26 30 47 42 53 26 29 76 50 17 95 97 43 29 99 31 14 53 100 4 42 34 64 6 75 27 42 72 24 35 72 2 17 19 43 21 96 23 48 97 39 
19 99 5 68 13 25 83 4 32 94 37 42 82 95 36 54 63 100 67 95 0 42 94 33 22 44 16 35 49 15 90 42 49 54 47 75 80 40 46 56 27 69 57 95 87 51 15 35 73 62 31 12 55 76 44 77 20 11 63 20 26 53 61 26 58 7 100 37 47 45 44 25 65 100 19 52 50 85 38 23 98 20 86 52 48 81 80 67 92 43 
99 67 60 48 42 90 8 55 20 73 38 90 27 38 60 53 91 98 58 64 42 0 38 17 47 98 94 4 4 93 92 2 89 36 78 53 87 96 56 37 80 45 59 29 65 44 81 12 76 60 30 67 54 67 35 100 64 28 55 19 72 99 73 60 34 50 65 20 98 72 8 29 17 18 58 33 13 90 44 89 49 25 55 55 43 90 54 58 69 61 
91 5 62 67 35 76 90 29 99 13 83 46 74 92 76 32 6 10 53 71 94 38 0 76 41 59 100 52 44 2 16 15 99 88 23 79 56 40 36 88 53 77 83 93 26 7 47 32 49 88 37 6 9 97 33 49 7 85 52 50 86 68 17 36 7 91 66 62 30 54 49 34 30 31 26 7 89 25 38 89 64 75 46 72 71 30 72 30 14 24 
45 39 88 69 94 85 20 68 51 4 81 40 9 13 90 3 2 98 96 80 33 17 76 0 31 51 43 47 38 49 37 4 62 19 57 62 4 86 92 82 93 32 6 30 20 21 56 65 93 79 94 16 8 60 39 38 10 81 85 48 81 73 3 42 91 59 3 47 44 46 28 88 77 85 70 48 5 25 64 49 3 58 65 62 17 55 100 78 36 36 
3 78 82 9 77 43 31 34 38 74 78 78 48 32 54 13 12 99 33 36 22 47 41 31 0 77 68 60 79 10 51 37 64 97 33 62 76 72 90 60 93 38 16 18 1 65 72 10 81 86 78 35 85 56 22 72 32 90 31 63 51 33 51 14 81 35 75 56 7 65 67 99 54 83 68 54 99 92 64 79 77 41 65 13 48 39 36 32 80 66 
4 49 51 65 30 40 79 6 31 30 31 22 56 36 89 36 5 89 6 24 44 98 59 51 77 0 94 30 51 96 95 31 31 22 39 89 38 5 39 91 87 59 96 37 50 11 15 78 4 32 90 51 22 25 34 1 42 79 82 44 75 28 75 57 49 65 45 86 69 83 28 8 93 76 44 42 86 11 19 89 42 60 92 15 36 77 15 30 56 48 
20 52 28 68 41 88 26 20 99 44 5 57 12 99 40 75 72 57 16 72 16 94 100 43 68 94 0 73 30 75 99 86 76 63 82 13 32 16 41 39 9 16 82 2 53 44 73 94 37 32 37 51 20 13 17 49 68 64 21 49 91 72 86 66 34 67 78 17 35 18 55 43 85 89 44 90 32 16 83 69 100 19 71 19 31 88 67 51 51 39 
35 62 86 16 48 53 28 61 45 17 9 77 77 25 11 2 44 5 48 88 35 4 52 47 60 30 73 0 99 41 10 37 58 44 3 36 60 37 5 67 31 90 7 27 79 90 42 13 10 41 31 81 11 13 20 29 63 70 68 14 63 29 50 72 72 4 7 84 93 12 2 23 53 60 49 31 49 43 95 11 35 25 91 46 37 10 26 52 31 93 
78 14 36 99 95 98 70 74 39 41 62 40 87 68 20 81 60 47 88 68 49 4 44 38 79 51 30 99 0 17 45 22 66 17 45 21 75 80 13 86 33 88 38 92 88 20 93 82 14 3 17 90 45 14 79 6 39 30 88 84 46 85 57 63 53 1 83 27 33 48 65 65 87 2 9 26 74 53 8 87 7 76 77 51 89 55 8 79 36 47 
37 40 68 31 97 100 18 80 30 21 98 70 91 94 52 46 86 51 89 96 15 93 2 49 10 96 75 41 17 0 14 33 31 70 95 35 23 29 62 55 28 78 71 14 79 31 40 4 83 99 43 89 74 19 91 14 25 98 92 12 97 6 44 27 27 90 14 49 18 27 55 98 4 78 11 34 8 2 38 91 100 80 79 73 50 70 86 26 19 30 
78 25 49 3 23 13 77 47 84 57 18 47 41 18 85 97 38 29 53 75 90 92 16 37 51 95 99 10 45 14 0 37 15 87 32 94 13 21 7 14 90 33 68 87 88 45 50 21 5 3 58 95 55 37 25 27 38 46 65 63 17 46 99 31 32 82 76 96 2 34 61 44 18 81 82 5 25 31 26 81 86 35 75 40 24 52 18 61 97 82 
45 19 68 51 98 36 3 69 29 38 78 81 37 31 77 18 95 18 95 82 42 2 15 4 37 31 86 37 22 33 37 0 24 13 79 74 96 10 56 23 58 9 57 18 52 26 98 34 31 75 16 8 55 1 94 82 40 17 33 58 78 29 91 53 94 70 78 41 31 85 63 40 94 71 58 97 97 7 30 79 33 98 38 40 98 31 21 90 48 5 
23 90 58 3 75 61 19 7 97 62 97 42 24 57 27 32 64 75 86 3 49 89 99 62 64 31 76 58 66 31 15 24 0 99 77 33 41 81 78 62 58 18 93 43 81 84 88 51 93 84 99 100 66 77 84 63 14 23 60 97 43 1 44 47 99 72 32 40 52 61 53 61 79 45 55 11 81 42 13 73 78 12 24 43 40 8 5 6 30 16 
64 94 36 3 18 100 62 33 11 72 97 84 67 86 52 53 31 73 67 89 54 36 88 19 97 22 63 44 17 70 87 13 99 0 2 25 17 97 71 67 20 54 58 71 15 11 83 45 7 38 55 87 31 67 60 8 78 83 50 70 90 54 75 72 22 76 96 38 24 66 56 43 72 14 65 86 76 47 30 82 36 36 21 67 2 80 74 32 14 76 
68 54 8 58 11 88 72 60 33 40 72 83 58 84 45 77 61 54 56 86 47 78 23 57 33 39 82 3 45 95 32 79 77 2 0 1 56 81 75 27 2 2 22 91 25 39 99 19 10 12 83 47 39 81 76 20 17 11 40 83 65 71 8 96 85 35 96 40 16 22 18 69 23 39 60 99 77 58 17 39 21 51 85 59 31 13 30 47 75 70 
44 78 87 25 41 16 22 32 71 67 78 10 42 43 36 89 45 91 81 55 75 53 79 62 62 89 13 36 21 35 94 74 33 25 1 0 81 39 40 41 34 76 75 81 67 90 54 84 59 76 74 70 26 3 79 94 41 99 44 25 9 75 37 38 73 12 7 6 2 99 46 88 26 20 20 45 62 74 28 72 1 54 93 27 56 71 20 96 21 16 
71 65 68 31 82 61 21 51 11 13 58 24 95 20 3 79 61 41 45 18 80 87 56 4 76 38 32 60 75 23 13 96 41 17 56 81 0 72 29 42 9 66 14 72 25 19 25 75 16 12 100 88 32 96 49 57 76 72 57 29 64 35 84 34 7 31 54 22 2 82 63 62 99 28 85 23 99 10 49 14 73 1 1 56 96 1 12 71 72 69 
14 88 80 18 11 47 82 74 5 37 99 77 41 10 84 32 2 79 32 39 40 96 40 86 72 5 16 37 80 29 21 10 81 97 81 39 72 0 99 87 3 34 20 9 16 25 82 18 58 44 79 9 24 64 83 22 25 32 87 97 32 88 53 79 40 64 50 64 84 100 50 87 86 22 47 1 46 29 18 56 24 49 64 47 64 46 20 88 77 7 
50 71 100 62 94 13 23 34 18 16 59 2 44 81 72 7 28 3 35 89 46 56 36 92 90 39 41 5 13 62 7 56 78 71 75 40 29 99 0 36 60 46 40 39 85 56 40 48 39 39 50 77 76 71 24 77 16 52 46 23 75 94 86 74 9 84 93 48 12 99 36 72 96 75 62 33 30 1 80 69 91 29 45 67 99 20 43 67 23 40 
51 56 41 43 13 23 7 16 95 82 35 96 65 45 27 57 33 39 18 83 56 37 88 82 60 91 39 67 86 55 14 23 62 67 27 41 42 87 36 0 41 98 86 27 23 94 62 15 94 73 66 29 44 13 3 5 45 33 57 25 53 48 5 49 14 56 69 8 74 91 47 14 40 32 92 62 78 53 29 71 78 46 99 21 58 1 78 3 85 34 
32 68 83 69 53 12 93 30 70 72 3 96 17 16 89 93 19 25 79 9 27 80 53 93 93 87 9 31 33 28 90 58 58 20 2 34 9 3 60 41 0 79 37 81 35 86 46 90 6 53 15 96 52 81 88 35 72 49 12 77 29 34 54 74 32 26 32 85 55 86 69 89 64 58 21 98 95 67 40 100 71 6 47 74 86 34 9 10 35 72 
1 36 69 23 92 75 58 42 69 97 63 25 99 66 99 15 14 72 77 13 69 45 77 32 38 59 16 90 88 78 33 9 18 54 2 76 66 34 46 98 79 0 38 15 6 43 89 89 68 72 73 23 57 94 63 20 51 83 69 97 1 60 48 24 66 94 97 3 80 57 12 66 29 49 80 34 91 68 74 11 91 47 85 47 40 47 18 42 81 39 
6 34 17 83 22 2 78 36 61 4 67 61 37 63 6 28 82 9 38 41 57 59 83 6 16 96 82 7 38 71 68 57 93 58 22 75 14 20 40 86 37 38 0 90 34 98 37 57 15 30 5 18 61 62 29 78 90 30 58 75 72 77 100 34 68 46 18 66 37 16 84 30 97 74 19 30 71 55 38 86 37 42 55 49 3 35 27 44 64 36 
72 97 58 78 65 97 9 92 96 29 7 50 10 14 94 13 20 3 46 64 95 29 93 30 18 37 2 27 92 14 87 18 43 71 91 81 72 9 39 27 81 15 90 0 70 88 12 70 73 31 67 91 97 4 58 32 85 54 5 4 35 27 58 72 64 46 66 18 95 68 53 21 64 68 56 85 55 19 6 80 50 73 70 98 28 79 81 12 33 37 
69 79 69 39 14 46 18 64 80 40 92 77 49 27 16 100 66 99 15 36 87 65 26 20 1 50 53 79 88 79 88 52 81 15 25 67 25 16 85 23 35 6 34 70 0 67 19 63 77 91 27 22 8 44 16 27 48 88 90 16 95 27 22 14 32 1 15 56 22 64 83 1 44 47 33 32 65 3 94 41 93 72 63 52 68 30 79 15 70 68 
29 26 6 94 24 31 3 29 95 33 45 84 32 12 14 32 41 13 50 46 51 44 7 21 65 11 44 90 20 31 45 26 84 11 39 90 19 25 56 94 86 43 98 88 67 0 82 64 46 4 77 78 4 43 85 26 6 20 26 1 66 10 32 30 12 78 23 57 1 85 8 68 66 86 35 35 6 16 99 51 19 27 80 75 70 65 100 27 84 25 
77 22 75 87 8 59 89 37 43 70 73 68 17 94 70 3 74 64 31 98 15 81 47 56 72 15 73 42 93 40 50 98 88 83 99 54 25 82 40 62 46 89 37 12 19 82 0 28 1 34 59 82 45 88 4 53 89 40 61 8 58 46 94 92 3 62 42 54 32 21 85 6 42 1 5 68 36 81 95 36 66 6 70 63 93 25 15 81 17 75 
56 54 87 39 54 18 97 77 85 79 71 54 76 8 20 33 38 8 37 42 35 12 32 65 10 78 94 13 82 4 21 34 51 45 19 84 75 18 48 15 90 89 57 70 63 64 28 0 41 74 73 34 17 75 95 11 80 27 31 65 32 72 65 89 91 1 69 86 88 87 91 9 49 35 86 63 68 2 90 8 27 14 41 95 88 88 5 68 66 87 
56 59 38 51 93 24 93 33 93 85 8 62 39 82 66 24 44 96 66 1 73 76 49 93 81 4 37 10 14 83 5 31 93 7 10 59 16 58 39 94 6 68 15 73 77 46 1 41 0 84 97 10 100 37 1 52 58 38 92 44 80 100 92 14 85 6 81 38 47 40 64 60 33 11 48 20 15 67 85 54 2 33 15 1 22 15 53 79 4 44 
23 64 26 62 6 2 57 82 35 6 67 23 23 84 96 51 30 72 90 26 62 60 88 79 86 32 32 41 3 99 3 75 84 38 12 76 12 44 39 73 53 72 30 31 91 4 34 74 84 0 74 83 95 17 97 32 22 29 21 21 69 85 80 1 95 79 20 61 97 56 66 98 88 81 99 61 95 3 39 99 98 12 33 92 28 29 75 2 58 96 
83 40 99 86 95 35 60 83 66 70 10 35 14 23 62 43 22 36 42 30 31 30 37 94 78 90 37 31 17 43 58 16 99 55 83 74 100 79 50 66 15 73 5 67 27 77 59 73 97 74 0 22 26 32 53 26 78 32 97 90 28 52 56 78 91 36 76 52 82 30 42 32 27 6 65 70 85 93 45 86 2 40 59 79 23 64 56 100 95 52 
26 58 94 18 57 100 27 36 76 79 44 3 21 28 53 77 58 95 33 47 12 67 6 16 35 51 51 81 90 89 95 8 100 87 47 70 88 9 77 29 96 23 18 91 22 78 82 34 10 83 22 0 89 74 55 44 51 46 79 78 49 61 7 90 92 85 95 8 55 80 53 99 17 54 90 28 85 12 91 40 63 37 92 51 62 46 47 13 43 77 
22 82 37 62 99 43 16 88 6 79 4 12 1 21 55 3 20 69 100 42 55 54 9 8 85 22 20 11 45 74 55 55 66 31 39 26 32 24 76 44 52 57 61 97 8 4 45 17 100 95 26 89 0 42 91 37 1 33 81 85 79 40 39 10 92 89 79 46 30 6 82 93 48 21 55 84 12 58 45 10 56 9 4 32 3 47 21 3 79 53 
25 96 60 4 81 10 49 63 64 83 92 32 39 14 38 26 80 97 95 53 76 67 97 60 56 25 13 13 14 19 37 1 77 67 81 3 96 64 71 13 81 94 62 4 44 43 88 75 37 17 32 74 42 0 87 9 92 78 71 84 18 49 81 100 6 62 92 53 82 99 36 46 8 32 7 63 93 10 94 95 56 14 97 86 18 35 95 10 64 65 
70 48 82 39 2 36 46 55 27 82 76 43 81 92 94 32 59 93 80 26 44 35 33 39 22 34 17 20 79 91 25 94 84 60 76 79 49 83 24 3 88 63 29 58 16 85 4 95 1 97 53 55 91 87 0 93 34 65 25 33 70 86 76 22 19 26 9 16 85 92 22 47 84 32 93 30 87 58 78 73 76 13 19 85 28 35 29 13 99 53 
76 60 19 70 27 85 98 73 43 52 81 41 48 5 8 67 84 19 32 29 77 100 49 38 72 1 49 29 6 14 27 82 63 8 20 94 57 22 77 5 35 20 78 32 27 26 53 11 52 32 26 44 37 9 93 0 97 68 90 73 41 60 50 49 76 87 92 97 33 76 28 77 57 67 87 35 91 14 47 9 50 26 43 78 39 41 82 35 60 23 
29 96 63 68 62 50 80 68 94 64 74 53 94 1 78 62 84 85 52 76 20 64 7 10 32 42 68 63 39 25 38 40 14 78 17 41 76 25 16 45 72 51 90 85 48 6 89 80 58 22 78 51 1 92 34 97 0 59 100 82 61 100 57 47 91 6 31 18 85 60 75 51 46 9 41 59 7 49 8 84 43 37 22 35 70 9 94 92 19 45 
41 100 61 58 43 76 23 74 77 77 80 51 93 90 33 6 82 1 95 50 11 28 85 81 90 79 64 70 30 98 46 17 23 83 11 99 72 32 52 33 49 83 30 54 88 20 40 27 38 29 32 46 33 78 65 68 59 0 25 79 44 34 77 87 39 8 4 23 19 30 26 64 38 66 74 96 67 33 80 61 21 53 96 90 61 41 33 80 86 9 
62 21 4 85 75 89 78 85 39 21 41 17 76 29 70 69 27 23 31 17 63 55 52 85 31 82 21 68 88 92 65 33 60 50 40 44 57 87 46 57 12 69 58 5 90 26 61 31 92 21 97 79 81 71 25 90 100 25 0 10 29 42 39 67 32 98 71 7 16 52 84 31 42 1 4 37 19 88 16 80 60 69 27 1 81 67 33 12 52 93 
6 9 98 18 9 99 49 42 32 57 36 45 32 68 97 42 96 31 39 95 20 19 50 48 63 44 49 14 84 12 63 58 97 70 83 25 29 97 23 25 77 97 75 4 16 1 8 65 44 21 90 78 85 84 33 73 82 79 10 0 22 33 87 60 99 18 57 21 76 24 73 59 54 14 60 9 50 30 96 18 9 7 38 35 7 18 2 39 30 5 
78 91 28 88 91 75 40 53 6 49 78 72 83 83 36 51 67 3 36 97 26 72 86 81 51 75 91 63 46 97 17 78 43 90 65 9 64 32 75 53 29 1 72 35 95 66 58 32 80 69 28 49 79 18 70 41 61 44 29 22 0 83 3 37 69 14 36 39 22 8 14 45 80 25 98 45 36 6 47 65 53 16 26 59 53 60 65 70 13 55 
39 45 5 40 49 54 54 31 23 77 59 64 17 46 54 65 17 51 83 43 53 99 68 73 33 28 72 29 85 6 46 29 1 54 71 75 35 88 94 48 34 60 77 27 27 10 46 72 100 85 52 61 40 49 86 60 100 34 42 33 83 0 51 18 37 53 54 58 18 41 96 39 1 61 83 32 85 80 77 72 37 23 37 89 90 62 47 42 73 63 
2 80 65 68 6 35 3 62 12 94 13 77 69 50 25 11 90 48 86 29 61 73 17 3 51 75 86 50 57 44 99 91 44 75 8 37 84 53 86 5 54 48 100 58 22 32 94 65 92 80 56 7 39 81 76 50 57 77 39 87 3 51 0 63 86 17 14 55 6 18 60 63 36 1 10 74 1 70 9 84 55 88 60 78 25 34 14 65 23 27 
100 80 86 43 17 87 58 60 3 11 26 13 6 40 63 34 83 78 21 99 26 60 36 42 14 57 66 72 63 27 31 53 47 72 96 38 34 79 74 49 74 24 34 72 14 30 92 89 14 1 78 90 10 100 22 49 47 87 67 60 37 18 63 0 64 16 52 26 79 89 95 44 43 52 13 2 14 48 54 75 74 6 44 82 90 98 21 1 28 97 
2 39 40 42 18 53 15 16 33 48 55 99 35 83 6 70 99 23 1 31 58 34 7 91 81 49 34 72 53 27 32 94 99 22 85 73 7 40 9 14 32 66 68 64 32 12 3 91 85 95 91 92 92 6 19 76 91 39 32 99 69 37 86 64 0 35 93 62 9 72 25 25 23 2 3 11 96 98 5 99 10 58 64 10 12 38 35 69 82 16 
22 33 24 26 68 74 26 21 96 86 37 60 26 34 70 88 2 53 41 14 7 50 91 59 35 65 67 4 1 90 82 70 72 76 35 12 31 64 84 56 26 94 46 46 1 78 62 1 6 79 36 85 89 62 26 87 6 8 98 18 14 53 17 16 35 0 58 31 88 59 58 85 45 51 98 53 22 74 29 96 75 83 58 23 80 62 21 90 19 85 
95 9 24 19 57 54 79 91 25 29 4 23 100 34 50 22 79 20 1 53 100 65 66 3 75 45 78 7 83 14 76 78 32 96 96 7 54 50 93 69 32 97 18 66 15 23 42 69 81 20 76 95 79 92 9 92 31 4 71 57 36 54 14 52 93 58 0 99 82 22 33 51 3 100 60 34 39 70 43 75 66 93 72 71 14 45 99 9 20 82 
24 55 59 24 99 14 88 66 43 12 13 22 29 55 60 48 59 16 45 100 37 20 62 47 56 86 17 84 27 49 96 41 40 38 40 6 22 64 48 8 85 3 66 18 56 57 54 86 38 61 52 8 46 53 16 97 18 23 7 21 39 58 55 26 62 31 99 0 66 94 61 79 14 2 50 98 52 31 20 36 33 74 87 45 59 26 66 2 100 32 
35 72 3 95 78 20 8 46 1 22 35 36 18 43 5 71 55 31 25 4 47 98 30 44 7 69 35 93 33 18 2 31 52 24 16 2 2 84 12 74 55 80 37 95 22 1 32 88 47 97 82 55 30 82 85 33 85 19 16 76 22 18 6 79 9 88 82 66 0 94 24 2 60 20 52 20 39 85 38 32 46 68 98 99 17 95 51 100 66 38 
97 80 23 32 2 66 1 77 42 44 14 76 43 14 21 81 7 74 87 42 45 72 54 46 65 83 18 12 48 27 34 85 61 66 22 99 82 100 99 91 86 57 16 68 64 85 21 87 40 56 30 80 6 99 92 76 60 30 52 24 8 41 18 89 72 59 22 94 94 0 84 40 25 28 98 50 46 99 1 77 45 76 30 56 96 33 75 34 18 64 
75 10 100 19 12 88 46 33 89 93 99 69 93 99 38 56 43 54 15 34 44 8 49 28 67 28 55 2 65 55 61 63 53 56 18 46 63 50 36 47 69 12 84 53 83 8 85 91 64 66 42 53 82 36 22 28 75 26 84 73 14 96 60 95 25 58 33 61 24 84 0 18 15 32 15 13 48 61 15 99 27 53 83 18 29 62 15 30 7 66 
67 39 86 15 30 32 52 76 22 45 89 31 35 58 93 15 25 8 55 64 25 29 34 88 99 8 43 23 65 98 44 40 61 43 69 88 62 87 72 14 89 66 30 21 1 68 6 9 60 98 32 99 93 46 47 77 51 64 31 59 45 39 63 44 25 85 51 79 2 40 18 0 30 35 62 6 16 17 1 49 43 86 18 7 55 32 38 21 96 37 
97 67 43 55 94 93 10 18 10 40 76 52 93 79 19 95 72 45 63 6 65 17 30 77 54 93 85 53 87 4 18 94 79 72 23 26 99 86 96 40 64 29 97 64 44 66 42 49 33 88 27 17 48 8 84 57 46 38 42 54 80 1 36 43 23 45 3 14 60 25 15 30 0 34 11 36 60 15 70 29 43 31 95 72 90 60 53 24 73 10 
32 96 16 1 85 41 23 68 50 48 17 30 81 13 44 83 25 14 52 75 100 18 31 85 83 76 89 60 2 78 81 71 45 14 39 20 28 22 75 32 58 49 74 68 47 86 1 35 11 81 6 54 21 32 32 67 9 66 1 14 25 61 1 52 2 51 100 2 20 28 32 35 34 0 92 89 62 40 32 48 57 38 54 40 27 27 35 15 60 97 
38 35 95 44 46 80 12 19 18 73 47 32 44 23 38 27 44 62 53 27 19 58 26 70 68 44 44 49 9 11 82 58 55 65 60 20 85 47 62 92 21 80 19 56 33 35 5 86 48 99 65 90 55 7 93 87 41 74 4 60 98 83 10 13 3 98 60 50 52 98 15 62 11 92 0 2 19 63 71 99 57 54 93 80 43 5 33 18 77 94 
18 46 63 45 59 38 79 33 41 80 19 80 42 58 87 94 37 96 77 42 52 33 7 48 54 42 90 31 26 34 5 97 11 86 99 45 23 1 33 62 98 34 30 85 32 35 68 63 20 61 70 28 84 63 30 35 59 96 37 9 45 32 74 2 11 53 34 98 20 50 13 6 36 89 2 0 9 66 56 48 49 55 56 38 8 47 16 34 34 30 
12 21 73 94 8 23 25 48 44 80 62 13 64 76 57 67 17 27 54 72 50 13 89 5 99 86 32 49 74 8 25 97 81 76 77 62 99 46 30 78 95 91 71 55 65 6 36 68 15 95 85 85 12 93 87 91 7 67 19 50 36 85 1 14 96 22 39 52 39 46 48 16 60 62 19 9 0 93 30 32 63 45 2 61 1 7 54 81 49 58 
66 8 21 82 54 38 53 55 60 94 19 99 12 68 8 82 17 25 83 24 85 90 25 25 92 11 16 43 53 2 31 7 42 47 58 74 10 29 1 53 67 68 55 19 3 16 81 2 67 3 93 12 58 10 58 14 49 33 88 30 6 80 70 48 98 74 70 31 85 99 61 17 15 40 63 66 93 0 65 67 86 10 75 51 65 75 51 19 82 88 
25 99 50 83 13 55 76 9 25 58 90 33 69 17 6 78 74 55 66 35 38 44 38 64 64 19 83 95 8 38 26 30 13 30 17 28 49 18 80 29 40 74 38 6 94 99 95 90 85 39 45 91 45 94 78 47 8 80 16 96 47 77 9 54 5 29 43 20 38 1 15 1 70 32 71 56 30 65 0 79 29 3 12 14 85 57 43 16 19 39 
19 32 62 44 52 46 69 80 88 17 21 74 2 57 74 90 60 74 19 72 23 89 89 49 79 89 69 11 87 91 81 79 73 82 39 72 14 56 69 71 100 11 86 80 41 51 36 8 54 99 86 40 10 95 73 9 84 61 80 18 65 72 84 75 99 96 75 36 32 77 99 49 29 48 99 48 32 67 79 0 69 32 40 76 37 72 76 46 88 42 
41 71 46 96 11 91 61 88 46 100 37 21 86 52 55 32 99 48 25 2 98 49 64 3 77 42 100 35 7 100 86 33 78 36 21 1 73 24 91 78 71 91 37 50 93 19 66 27 2 98 2 63 56 56 76 50 43 21 60 9 53 37 55 74 10 75 66 33 46 45 27 43 43 57 57 49 63 86 29 69 0 31 97 69 34 62 43 84 32 76 
60 90 100 20 59 41 87 91 90 80 51 19 35 40 67 73 47 90 7 17 20 25 75 58 41 60 19 25 76 80 35 98 12 36 51 54 1 49 29 46 6 47 42 73 72 27 6 14 33 12 40 37 9 14 13 26 37 53 69 7 16 23 88 6 58 83 93 74 68 76 53 86 31 38 54 55 45 10 3 32 31 0 24 10 56 78 22 69 62 30 
44 41 55 14 60 98 95 68 64 95 17 77 74 85 27 18 18 69 3 19 86 55 46 65 65 92 71 91 77 79 75 38 24 21 85 93 1 64 45 99 47 85 55 70 63 80 70 41 15 33 59 92 4 97 19 43 22 96 27 38 26 37 60 44 64 58 72 87 98 30 83 18 95 54 93 56 2 75 12 40 97 24 0 64 29 48 2 50 31 93 
62 5 35 57 9 34 76 76 51 30 41 84 87 24 10 34 70 16 24 43 52 55 72 62 13 15 19 46 51 73 40 40 43 67 59 27 56 47 67 21 74 47 49 98 52 75 63 95 1 92 79 51 32 86 85 78 35 90 1 35 59 89 78 82 10 23 71 45 99 56 18 7 72 40 80 38 61 51 14 76 69 10 64 0 25 19 64 52 64 51 
84 85 11 76 39 2 87 53 5 62 94 51 73 5 56 98 26 87 53 21 48 43 71 17 48 36 31 37 89 50 24 98 40 2 31 56 96 64 99 58 86 40 3 28 68 70 93 88 22 28 23 62 3 18 28 39 70 61 81 7 53 90 25 90 12 80 14 59 17 96 29 55 90 27 43 8 1 65 85 37 34 56 29 25 0 94 47 100 62 80 
14 88 88 4 62 85 40 22 42 76 92 71 7 76 20 49 28 13 83 96 81 90 30 55 39 77 88 10 55 70 52 31 8 80 13 71 1 46 20 1 34 47 35 79 30 65 25 88 15 29 64 46 47 35 35 41 9 41 67 18 60 62 34 98 38 62 45 26 95 33 62 32 60 27 5 47 7 75 57 72 62 78 48 19 94 0 61 56 15 44 
89 64 53 78 36 18 26 100 45 81 73 25 86 28 69 53 53 86 7 23 80 54 72 100 36 15 67 26 8 86 18 21 5 74 30 20 12 20 43 78 9 18 27 81 79 100 15 5 53 75 56 47 21 95 29 82 94 33 33 2 65 47 14 21 35 21 99 66 51 75 15 38 53 35 33 16 54 51 43 76 43 22 2 64 47 61 0 83 90 54 
12 81 73 95 100 51 66 73 98 25 68 55 19 6 86 59 62 23 56 48 67 58 30 78 32 30 51 52 79 26 61 90 6 32 47 96 71 88 67 3 10 42 44 12 15 27 81 68 79 2 100 13 3 10 13 35 92 80 12 39 70 42 65 1 69 90 9 2 100 34 30 21 24 15 18 34 81 19 16 46 84 69 50 52 100 56 83 0 39 68 
54 39 49 61 56 60 14 48 18 4 72 73 99 18 5 55 10 65 29 97 92 69 14 36 80 56 51 31 36 19 97 48 30 14 75 21 72 77 23 85 35 81 64 33 70 84 17 66 4 58 95 43 79 64 99 60 19 86 52 30 13 73 23 28 82 19 20 100 66 18 7 96 73 60 77 34 49 82 19 88 32 62 31 64 62 15 90 39 0 75 
50 36 56 15 62 59 3 85 36 53 14 93 62 56 91 21 32 8 37 39 43 61 24 36 66 48 39 93 47 30 82 5 16 76 70 16 69 7 40 34 72 39 36 37 68 25 75 87 44 96 52 77 53 65 53 23 45 9 93 5 55 63 27 97 16 85 82 32 38 64 66 37 10 97 94 30 58 88 39 42 76 30 93 51 80 44 54 68 75 0 
