70
0 60 23 39 40 83 85 95 62 64 94 52 51 32 53 68 2 46 90 25 97 86 72 49 80 81 13 47 55 57 84 67 69 59 5 8 41 42 54 54 5 47 6 7 31 10 26 84 7 67 8 56 52 32 4 84 64 68 30 18 77 65 37 45 23 41 4 15 34 57 
60 0 69 90 56 26 96 38 87 21 21 94 87 80 49 91 11 4 74 74 72 55 44 100 19 80 96 42 72 99 8 58 7 28 47 14 53 95 51 40 67 71 85 6 3 33 96 13 36 21 39 59 75 34 58 93 13 53 86 36 3 46 93 62 73 40 75 26 86 26 
23 69 0 17 52 48 53 57 50 85 52 15 72 72 53 83 98 86 92 43 50 45 80 37 99 25 82 60 98 73 35 75 58 60 43 9 59 95 66 9 31 69 75 54 93 79 36 90 16 28 84 65 24 64 53 22 40 34 82 37 6 68 63 63 79 5 72 37 51 89 
39 90 17 0 97 81 9 71 35 1 49 22 43 64 49 26 80 72 41 85 46 81 18 79 69 24 46 32 38 24 88 61 12 39 49 9 71 58 31 57 10 32 79 52 47 27 30 79 51 22 63 48 2 80 26 23 55 71 54 45 94 41 5 57 31 6 65 2 15 48 
40 56 52 97 0 58 24 79 36 28 77 15 9 55 17 30 17 64 84 49 89 6 55 11 59 99 56 51 4 12 82 9 29 35 23 76 92 98 6 80 77 82 46 85 37 14 15 5 29 50 5 17 55 60 79 65 10 34 15 13 45 48 73 73 82 47 48 26 97 5 
83 26 48 81 58 0 5 73 87 2 58 75 15 24 31 43 73 36 11 79 47 89 95 56 22 9 21 18 9 93 43 90 92 42 67 88 47 71 60 33 24 69 59 38 92 89 32 16 76 94 46 22 82 40 78 55 1 50 25 9 42 67 50 33 8 69 72 6 39 32 
85 96 53 9 24 5 0 90 15 100 48 4 44 37 36 11 12 81 9 86 63 48 15 69 48 64 45 8 57 11 10 42 71 78 13 28 68 44 18 82 96 65 38 91 53 25 1 17 5 9 2 19 9 68 40 8 31 84 16 87 47 77 28 69 6 41 96 73 36 13 
95 38 57 71 79 73 90 0 7 83 30 44 73 82 68 74 98 24 34 51 43 42 18 82 2 48 17 17 87 63 45 66 83 50 58 79 22 46 43 80 28 72 75 1 6 94 26 3 18 59 54 12 53 23 93 54 71 61 22 9 76 18 26 58 67 84 36 40 29 31 
62 87 50 35 36 87 15 7 0 20 56 54 94 8 59 88 33 14 57 44 19 68 48 41 12 1 63 72 74 71 47 91 49 57 9 32 92 48 12 74 19 67 28 13 27 86 52 59 51 60 2 69 27 49 10 90 1 24 61 26 47 60 16 95 16 24 26 59 24 89 
64 21 85 1 28 2 100 83 20 0 85 42 7 12 6 33 49 9 92 100 68 45 20 46 94 81 35 46 5 48 72 51 59 39 45 74 15 22 84 38 10 68 79 16 31 85 49 32 93 92 83 13 36 2 58 29 83 93 27 39 92 98 89 50 36 85 75 50 6 58 
94 21 52 49 77 58 48 30 56 85 0 39 67 78 18 34 60 54 34 91 46 25 25 10 61 27 68 41 61 12 67 99 3 16 39 52 4 23 26 5 80 35 44 98 64 61 31 24 66 65 66 11 89 91 21 1 69 40 42 29 51 8 79 53 76 17 56 79 39 81 
52 94 15 22 15 75 4 44 54 42 39 0 83 70 67 26 67 31 38 49 6 3 13 23 66 54 13 38 54 81 77 47 61 79 7 39 31 82 55 86 60 45 18 42 66 36 20 84 18 57 33 23 60 97 46 77 50 10 14 56 91 42 2 3 20 60 42 50 41 48 
51 87 72 43 9 15 44 73 94 7 67 83 0 87 52 45 56 94 10 91 65 94 9 21 26 83 32 22 28 8 24 38 73 31 80 14 84 82 33 44 23 34 84 23 20 88 67 75 33 28 18 97 21 26 69 98 8 1 72 88 60 47 77 33 77 56 46 60 89 31 
32 80 72 64 55 24 37 82 8 12 78 70 87 0 3 64 64 39 86 84 26 52 10 10 31 79 6 52 4 74 1 64 74 72 3 86 70 79 70 46 34 15 58 74 97 12 37 61 2 22 96 27 25 57 88 56 36 93 59 39 67 59 54 92 83 56 29 52 34 98 
53 49 53 49 17 31 36 68 59 6 18 67 52 3 0 98 19 65 7 93 61 18 81 21 20 3 16 98 79 25 86 34 60 78 92 98 96 3 4 40 85 59 68 36 45 66 85 15 30 91 59 90 61 40 63 80 94 30 77 72 54 62 6 13 92 49 63 39 51 66 
68 91 83 26 30 43 11 74 88 33 34 26 45 64 98 0 78 35 76 46 23 72 63 59 39 44 2 97 85 62 88 47 93 81 29 69 53 82 83 10 47 26 58 61 64 9 26 94 95 53 91 69 77 53 80 15 96 33 11 32 46 99 79 38 31 7 58 83 40 92 
2 11 98 80 17 73 12 98 33 49 60 67 56 64 19 78 0 92 38 17 2 98 33 62 75 78 8 28 68 77 56 72 8 70 19 40 32 50 85 82 28 74 13 86 31 95 78 75 39 15 43 40 65 27 1 39 4 60 18 71 88 73 42 95 42 60 86 26 10 22 
46 4 86 72 64 36 81 24 14 9 54 31 94 39 65 35 92 0 7 89 95 19 27 78 66 4 52 4 70 46 95 34 73 47 25 76 6 42 47 94 67 40 40 60 52 26 85 61 99 92 1 94 10 27 23 75 82 26 30 4 71 24 89 95 22 13 71 28 7 69 
90 74 92 41 84 11 9 34 57 92 34 38 10 86 7 76 38 7 0 21 73 8 12 84 59 37 69 71 36 12 72 81 73 50 55 100 32 80 29 87 2 5 75 97 26 88 19 53 46 87 25 18 46 89 53 5 25 21 27 12 84 50 92 57 100 98 56 83 77 36 
25 74 43 85 49 79 86 51 44 100 91 49 91 84 93 46 17 89 21 0 69 31 40 95 79 18 82 97 22 27 83 99 96 28 87 49 84 11 21 63 75 57 12 18 13 11 16 20 45 44 7 65 74 47 60 4 64 93 100 37 72 34 35 67 14 21 67 97 84 40 
97 72 50 46 89 47 63 43 19 68 46 6 65 26 61 23 2 95 73 69 0 59 58 96 23 75 60 33 90 31 30 86 37 94 11 35 5 15 98 98 14 35 69 48 21 87 61 42 54 9 25 45 20 82 92 42 8 51 26 50 33 7 35 69 53 45 4 57 59 53 
86 55 45 81 6 89 48 42 68 45 25 3 94 52 18 72 98 19 8 31 59 0 6 25 39 74 24 60 61 36 53 66 44 77 62 15 10 53 8 17 55 86 18 87 92 52 55 44 49 10 1 59 15 6 83 53 32 6 64 44 41 16 61 37 92 22 3 53 26 11 
72 44 80 18 55 95 15 18 48 20 25 13 9 10 81 63 33 27 12 40 58 6 0 22 80 96 39 66 87 43 72 83 43 82 35 1 96 92 36 100 23 41 64 18 34 31 30 22 75 51 24 27 28 86 48 7 33 39 72 72 81 96 54 23 29 88 75 76 79 10 
49 100 37 79 11 56 69 82 41 46 10 23 21 10 21 59 62 78 84 95 96 25 22 0 75 54 3 90 23 88 21 53 9 95 55 84 21 83 70 21 89 2 59 13 25 91 60 78 13 88 17 39 63 48 49 37 1 51 79 75 90 99 27 98 93 34 33 65 16 2 
80 19 99 69 59 22 48 2 12 94 61 66 26 31 20 39 75 66 59 79 23 39 80 75 0 37 56 56 95 20 80 85 79 10 49 66 26 88 80 73 88 69 25 90 47 100 79 97 78 28 41 11 60 5 78 14 42 86 69 88 5 100 25 36 61 73 53 87 12 33 
81 80 25 24 99 9 64 48 1 81 27 54 83 79 3 44 78 4 37 18 75 74 96 54 37 0 59 99 1 36 40 99 87 18 95 64 97 35 27 57 91 56 70 84 41 90 72 98 41 96 33 2 20 85 88 32 69 98 82 21 85 74 19 71 43 13 87 40 99 65 
13 96 82 46 56 21 45 17 63 35 68 13 32 6 16 2 8 52 69 82 60 24 39 3 56 59 0 96 90 20 17 73 13 6 96 62 98 91 94 99 63 30 38 46 99 88 27 71 72 52 90 43 95 54 81 34 53 45 81 94 64 97 18 28 54 14 89 51 56 82 
47 42 60 32 51 18 8 17 72 46 41 38 22 52 98 97 28 4 71 97 33 60 66 90 56 99 96 0 2 18 64 91 63 14 78 42 84 2 93 25 96 87 79 76 72 83 20 52 28 35 100 45 63 53 58 51 56 14 85 57 83 48 99 46 13 77 87 96 30 79 
55 72 98 38 4 9 57 87 74 5 61 54 28 4 79 85 68 70 36 22 90 61 87 23 95 1 90 2 0 73 25 18 3 100 89 37 19 41 64 5 40 8 67 45 18 18 100 83 2 8 65 1 6 10 13 34 48 60 63 27 32 39 96 86 38 84 22 8 24 85 
57 99 73 24 12 93 11 63 71 48 12 81 8 74 25 62 77 46 12 27 31 36 43 88 20 36 20 18 73 0 13 16 45 79 60 14 48 11 96 1 18 12 53 75 22 17 61 21 77 23 99 60 62 94 98 51 78 19 59 53 4 23 20 100 53 79 13 53 41 8 
84 8 35 88 82 43 10 45 47 72 67 77 24 1 86 88 56 95 72 83 30 53 72 21 80 40 17 64 25 13 0 53 58 71 6 85 92 22 45 65 50 19 63 62 80 57 59 83 86 77 93 38 32 15 58 31 19 88 95 71 29 54 24 38 25 81 74 68 54 18 
67 58 75 61 9 90 42 66 91 51 99 47 38 64 34 47 72 34 81 99 86 66 83 53 85 99 73 91 18 16 53 0 32 56 37 95 17 68 3 27 50 88 55 42 77 39 8 34 21 27 74 16 49 54 69 72 91 93 4 65 61 58 34 92 65 22 38 33 90 40 
69 7 58 12 29 92 71 83 49 59 3 61 73 74 60 93 8 73 73 96 37 44 43 9 79 87 13 63 3 45 58 32 0 59 91 27 65 33 4 3 92 89 24 70 14 91 19 67 59 42 10 52 46 26 64 55 59 7 19 81 45 3 22 36 13 12 15 77 96 18 
59 28 60 39 35 42 78 50 57 39 16 79 31 72 78 81 70 47 50 28 94 77 82 95 10 18 6 14 100 79 71 56 59 0 32 88 58 55 9 24 97 27 90 55 69 51 58 66 28 73 72 39 80 42 71 76 44 92 11 56 55 25 32 51 94 63 90 4 69 98 
5 47 43 49 23 67 13 58 9 45 39 7 80 3 92 29 19 25 55 87 11 62 35 55 49 95 96 78 89 60 6 37 91 32 0 27 17 25 68 72 45 19 81 10 46 54 33 36 33 74 6 60 17 97 70 72 52 95 55 54 40 70 43 43 90 92 69 7 68 37 
8 14 9 9 76 88 28 79 32 74 52 39 14 86 98 69 40 76 100 49 35 15 1 84 66 64 62 42 37 14 85 95 27 88 27 0 30 12 7 10 73 4 63 5 40 47 30 45 58 46 94 28 69 97 74 76 50 13 45 44 56 86 35 24 92 55 12 73 18 18 
41 53 59 71 92 47 68 22 92 15 4 31 84 70 96 53 32 6 32 84 5 10 96 21 26 97 98 84 19 48 92 17 65 58 17 30 0 83 91 74 97 47 13 96 29 9 53 26 2 32 95 98 5 22 99 18 18 42 25 3 29 100 47 83 12 19 100 81 53 42 
42 95 95 58 98 71 44 46 48 22 23 82 82 79 3 82 50 42 80 11 15 53 92 83 88 35 91 2 41 11 22 68 33 55 25 12 83 0 54 50 41 66 97 21 75 1 46 28 33 40 26 37 61 24 6 30 18 30 33 98 30 31 80 93 1 31 73 54 25 27 
54 51 66 31 6 60 18 43 12 84 26 55 33 70 4 83 85 47 29 21 98 8 36 70 80 27 94 93 64 96 45 3 4 9 68 7 91 54 0 55 17 44 51 37 70 51 82 50 83 74 75 72 86 50 77 16 19 59 100 16 88 30 47 80 30 30 4 35 54 82 
54 40 9 57 80 33 82 80 74 38 5 86 44 46 40 10 82 94 87 63 98 17 100 21 73 57 99 25 5 1 65 27 3 24 72 10 74 50 55 0 89 22 78 91 10 99 94 91 48 28 16 74 99 54 76 28 69 94 86 20 10 25 49 8 56 30 37 59 65 42 
5 67 31 10 77 24 96 28 19 10 80 60 23 34 85 47 28 67 2 75 14 55 23 89 88 91 63 96 40 18 50 50 92 97 45 73 97 41 17 89 0 93 5 63 70 96 24 68 89 67 16 16 82 41 67 35 16 94 55 10 31 74 71 55 74 78 10 4 15 20 
47 71 69 32 82 69 65 72 67 68 35 45 34 15 59 26 74 40 5 57 35 86 41 2 69 56 30 87 8 12 19 88 89 27 19 4 47 66 44 22 93 0 20 56 12 24 71 33 19 94 53 59 60 20 27 94 60 93 28 76 38 35 85 68 8 55 22 82 84 83 
6 85 75 79 46 59 38 75 28 79 44 18 84 58 68 58 13 40 75 12 69 18 64 59 25 70 38 79 67 53 63 55 24 90 81 63 13 97 51 78 5 20 0 37 98 54 56 6 18 79 28 2 50 21 54 60 33 73 86 26 33 30 5 8 67 39 44 34 99 50 
7 6 54 52 85 38 91 1 13 16 98 42 23 74 36 61 86 60 97 18 48 87 18 13 90 84 46 76 45 75 62 42 70 55 10 5 96 21 37 91 63 56 37 0 7 80 33 41 68 83 95 23 40 64 53 67 65 2 39 19 14 71 91 99 48 75 81 5 82 47 
31 3 93 47 37 92 53 6 27 31 64 66 20 97 45 64 31 52 26 13 21 92 34 25 47 41 99 72 18 22 80 77 14 69 46 40 29 75 70 10 70 12 98 7 0 95 77 33 45 26 39 76 11 32 43 93 26 65 32 41 18 98 5 71 88 23 84 11 66 35 
10 33 79 27 14 89 25 94 86 85 61 36 88 12 66 9 95 26 88 11 87 52 31 91 100 90 88 83 18 17 57 39 91 51 54 47 9 1 51 99 96 24 54 80 95 0 58 40 15 14 74 13 61 50 45 5 76 36 81 86 67 23 30 92 88 61 84 57 10 88 
26 96 36 30 15 32 1 26 52 49 31 20 67 37 85 26 78 85 19 16 61 55 30 60 79 72 27 20 100 61 59 8 19 58 33 30 53 46 82 94 24 71 56 33 77 58 0 79 49 63 63 59 28 49 69 19 63 82 92 75 42 94 20 99 21 55 79 6 73 1 
84 13 90 79 5 16 17 3 59 32 24 84 75 61 15 94 75 61 53 20 42 44 22 78 97 98 71 52 83 21 83 34 67 66 36 45 26 28 50 91 68 33 6 41 33 40 79 0 87 64 40 99 47 96 60 86 75 8 48 89 67 27 37 35 98 51 68 89 77 10 
7 36 16 51 29 76 5 18 51 93 66 18 33 2 30 95 39 99 46 45 54 49 75 13 78 41 72 28 2 77 86 21 59 28 33 58 2 33 83 48 89 19 18 68 45 15 49 87 0 34 48 60 54 2 38 11 26 38 97 89 30 95 87 77 54 25 3 62 24 91 
67 21 28 22 50 94 9 59 60 92 65 57 28 22 91 53 15 92 87 44 9 10 51 88 28 96 52 35 8 23 77 27 42 73 74 46 32 40 74 28 67 94 79 83 26 14 63 64 34 0 80 51 79 14 48 81 81 88 58 42 22 5 1 27 59 90 38 84 28 34 
8 39 84 63 5 46 2 54 2 83 66 33 18 96 59 91 43 1 25 7 25 1 24 17 41 33 90 100 65 99 93 74 10 72 6 94 95 26 75 16 16 53 28 95 39 74 63 40 48 80 0 25 9 81 63 85 86 87 88 47 11 30 78 13 61 91 60 41 24 99 
56 59 65 48 17 22 19 12 69 13 11 23 97 27 90 69 40 94 18 65 45 59 27 39 11 2 43 45 1 60 38 16 52 39 60 28 98 37 72 74 16 59 2 23 76 13 59 99 60 51 25 0 98 17 72 3 18 99 13 7 36 96 86 21 20 94 1 83 31 87 
52 75 24 2 55 82 9 53 27 36 89 60 21 25 61 77 65 10 46 74 20 15 28 63 60 20 95 63 6 62 32 49 46 80 17 69 5 61 86 99 82 60 50 40 11 61 28 47 54 79 9 98 0 21 18 85 31 47 63 43 59 5 54 100 28 5 97 45 28 51 
32 34 64 80 60 40 68 23 49 2 91 97 26 57 40 53 27 27 89 47 82 6 86 48 5 85 54 53 10 94 15 54 26 42 97 97 22 24 50 54 41 20 21 64 32 50 49 96 2 14 81 17 21 0 14 26 63 20 13 11 58 34 30 3 86 64 33 24 85 50 
4 58 53 26 79 78 40 93 10 58 21 46 69 88 63 80 1 23 53 60 92 83 48 49 78 88 81 58 13 98 58 69 64 71 70 74 99 6 77 76 67 27 54 53 43 45 69 60 38 48 63 72 18 14 0 9 67 49 23 62 7 27 67 58 7 71 7 51 51 57 
84 93 22 23 65 55 8 54 90 29 1 77 98 56 80 15 39 75 5 4 42 53 7 37 14 32 34 51 34 51 31 72 55 76 72 76 18 30 16 28 35 94 60 67 93 5 19 86 11 81 85 3 85 26 9 0 64 76 72 35 41 82 44 26 63 47 11 79 79 87 
64 13 40 55 10 1 31 71 1 83 69 50 8 36 94 96 4 82 25 64 8 32 33 1 42 69 53 56 48 78 19 91 59 44 52 50 18 18 19 69 16 60 33 65 26 76 63 75 26 81 86 18 31 63 67 64 0 15 81 95 81 81 69 94 39 47 61 97 53 83 
68 53 34 71 34 50 84 61 24 93 40 10 1 93 30 33 60 26 21 93 51 6 39 51 86 98 45 14 60 19 88 93 7 92 95 13 42 30 59 94 94 93 73 2 65 36 82 8 38 88 87 99 47 20 49 76 15 0 3 3 33 11 18 61 34 5 53 67 100 78 
30 86 82 54 15 25 16 22 61 27 42 14 72 59 77 11 18 30 27 100 26 64 72 79 69 82 81 85 63 59 95 4 19 11 55 45 25 33 100 86 55 28 86 39 32 81 92 48 97 58 88 13 63 13 23 72 81 3 0 82 98 40 60 29 26 74 9 72 6 41 
18 36 37 45 13 9 87 9 26 39 29 56 88 39 72 32 71 4 12 37 50 44 72 75 88 21 94 57 27 53 71 65 81 56 54 44 3 98 16 20 10 76 26 19 41 86 75 89 89 42 47 7 43 11 62 35 95 3 82 0 40 52 79 87 64 27 39 46 81 94 
77 3 6 94 45 42 47 76 47 92 51 91 60 67 54 46 88 71 84 72 33 41 81 90 5 85 64 83 32 4 29 61 45 55 40 56 29 30 88 10 31 38 33 14 18 67 42 67 30 22 11 36 59 58 7 41 81 33 98 40 0 31 92 63 43 77 19 95 44 71 
65 46 68 41 48 67 77 18 60 98 8 42 47 59 62 99 73 24 50 34 7 16 96 99 100 74 97 48 39 23 54 58 3 25 70 86 100 31 30 25 74 35 30 71 98 23 94 27 95 5 30 96 5 34 27 82 81 11 40 52 31 0 72 25 68 63 36 96 89 61 
37 93 63 5 73 50 28 26 16 89 79 2 77 54 6 79 42 89 92 35 35 61 54 27 25 19 18 99 96 20 24 34 22 32 43 35 47 80 47 49 71 85 5 91 5 30 20 37 87 1 78 86 54 30 67 44 69 18 60 79 92 72 0 56 60 18 96 100 69 27 
45 62 63 57 73 33 69 58 95 50 53 3 33 92 13 38 95 95 57 67 69 37 23 98 36 71 28 46 86 100 38 92 36 51 43 24 83 93 80 8 55 68 8 99 71 92 99 35 77 27 13 21 100 3 58 26 94 61 29 87 63 25 56 0 38 32 5 28 30 86 
23 73 79 31 82 8 6 67 16 36 76 20 77 83 92 31 42 22 100 14 53 92 29 93 61 43 54 13 38 53 25 65 13 94 90 92 12 1 30 56 74 8 67 48 88 88 21 98 54 59 61 20 28 86 7 63 39 34 26 64 43 68 60 38 0 21 12 29 36 6 
41 40 5 6 47 69 41 84 24 85 17 60 56 56 49 7 60 13 98 21 45 22 88 34 73 13 14 77 84 79 81 22 12 63 92 55 19 31 30 30 78 55 39 75 23 61 55 51 25 90 91 94 5 64 71 47 47 5 74 27 77 63 18 32 21 0 5 6 100 100 
4 75 72 65 48 72 96 36 26 75 56 42 46 29 63 58 86 71 56 67 4 3 75 33 53 87 89 87 22 13 74 38 15 90 69 12 100 73 4 37 10 22 44 81 84 84 79 68 3 38 60 1 97 33 7 11 61 53 9 39 19 36 96 5 12 5 0 76 23 76 
15 26 37 2 26 6 73 40 59 50 79 50 60 52 39 83 26 28 83 97 57 53 76 65 87 40 51 96 8 53 68 33 77 4 7 73 81 54 35 59 4 82 34 5 11 57 6 89 62 84 41 83 45 24 51 79 97 67 72 46 95 96 100 28 29 6 76 0 44 85 
34 86 51 15 97 39 36 29 24 6 39 41 89 34 51 40 10 7 77 84 59 26 79 16 12 99 56 30 24 41 54 90 96 69 68 18 53 25 54 65 15 84 99 82 66 10 73 77 24 28 24 31 28 85 51 79 53 100 6 81 44 89 69 30 36 100 23 44 0 11 
57 26 89 48 5 32 13 31 89 58 81 48 31 98 66 92 22 69 36 40 53 11 10 2 33 65 82 79 85 8 18 40 18 98 37 18 42 27 82 42 20 83 50 47 35 88 1 10 91 34 99 87 51 50 57 87 83 78 41 94 71 61 27 86 6 100 76 85 11 0 
