40
0 11 41 18 29 100 90 96 28 67 64 32 3 71 12 19 65 83 35 53 84 63 41 56 79 91 41 79 15 65 36 70 75 28 39 55 27 28 50 55 
11 0 46 65 38 100 36 2 18 52 84 52 4 20 66 96 75 45 86 16 75 53 80 10 22 7 37 60 61 16 40 63 70 85 27 59 37 14 60 54 
41 46 0 66 96 58 21 15 75 69 89 71 6 56 46 58 88 7 79 46 96 39 58 11 30 20 32 66 99 90 2 64 50 8 81 45 17 2 11 91 
18 65 66 0 22 51 14 27 7 11 85 46 17 63 91 64 53 48 74 82 20 57 100 70 47 1 33 48 8 14 44 24 67 54 67 40 4 80 66 62 
29 38 96 22 0 90 50 7 58 65 49 22 17 49 47 51 68 56 2 89 54 2 21 1 62 86 44 37 4 49 55 43 4 34 9 18 75 10 76 85 
100 100 58 51 90 0 74 25 58 43 25 56 45 44 11 46 32 64 99 52 64 60 90 59 97 45 59 51 88 15 37 48 32 63 57 7 47 83 83 4 
90 36 21 14 50 74 0 25 7 12 69 50 22 66 81 86 64 85 1 24 26 12 72 70 22 74 9 36 62 56 67 77 65 26 23 47 8 79 23 15 
96 2 15 27 7 25 25 0 90 43 16 63 8 97 48 23 33 1 98 58 64 21 27 85 47 36 73 8 43 91 84 7 16 59 5 76 89 79 42 30 
28 18 75 7 58 58 7 90 0 21 57 92 80 5 92 3 37 92 100 94 7 21 73 43 67 8 15 26 50 58 62 9 73 72 65 100 60 44 93 89 
67 52 69 11 65 43 12 43 21 0 16 50 80 96 6 23 50 43 14 1 88 72 21 60 15 39 67 81 17 69 38 78 29 63 49 45 62 60 88 55 
64 84 89 85 49 25 69 16 57 16 0 48 56 56 79 3 61 2 52 55 67 52 43 91 25 2 5 15 21 85 31 41 75 60 69 37 8 65 50 19 
32 52 71 46 22 56 50 63 92 50 48 0 5 56 18 60 63 49 62 24 50 13 30 68 16 72 58 40 26 14 55 98 51 37 38 25 97 58 13 56 
3 4 6 17 17 45 22 8 80 80 56 5 0 22 62 75 26 70 92 85 32 40 98 7 41 62 37 61 78 60 18 69 85 32 23 82 34 12 19 58 
71 20 56 63 49 44 66 97 5 96 56 56 22 0 8 28 22 63 50 83 89 27 4 33 12 36 72 61 42 65 23 30 25 100 90 94 68 26 77 43 
12 66 46 91 47 11 81 48 92 6 79 18 62 8 0 8 10 54 78 19 13 58 40 75 7 75 16 33 78 48 96 65 71 57 59 35 31 88 11 30 
19 96 58 64 51 46 86 23 3 23 3 60 75 28 8 0 29 5 49 55 81 43 14 43 48 43 61 60 100 1 87 6 75 2 91 52 49 38 69 71 
65 75 88 53 68 32 64 33 37 50 61 63 26 22 10 29 0 46 27 6 76 14 68 57 43 72 6 49 5 100 62 47 48 4 59 7 4 59 45 61 
83 45 7 48 56 64 85 1 92 43 2 49 70 63 54 5 46 0 33 46 3 37 46 41 5 17 38 83 74 14 96 93 70 90 17 27 90 21 27 51 
35 86 79 74 2 99 1 98 100 14 52 62 92 50 78 49 27 33 0 19 26 7 77 84 10 88 29 22 72 26 77 8 24 69 64 92 6 98 17 19 
53 16 46 82 89 52 24 58 94 1 55 24 85 83 19 55 6 46 19 0 94 9 41 35 25 19 25 97 97 27 15 22 33 44 6 94 31 86 68 2 
84 75 96 20 54 64 26 64 7 88 67 50 32 89 13 81 76 3 26 94 0 11 44 62 86 12 77 77 69 75 93 88 20 2 80 6 78 50 82 75 
63 53 39 57 2 60 12 21 21 72 52 13 40 27 58 43 14 37 7 9 11 0 47 9 41 68 93 84 25 39 66 62 6 68 25 1 81 10 64 57 
41 80 58 100 21 90 72 27 73 21 43 30 98 4 40 14 68 46 77 41 44 47 0 87 32 83 31 71 2 84 2 60 62 52 41 36 98 1 76 17 
56 10 11 70 1 59 70 85 43 60 91 68 7 33 75 43 57 41 84 35 62 9 87 0 46 12 42 84 77 55 41 44 79 93 76 89 56 85 27 39 
79 22 30 47 62 97 22 47 67 15 25 16 41 12 7 48 43 5 10 25 86 41 32 46 0 67 57 10 21 93 63 80 54 14 72 89 11 25 16 80 
91 7 20 1 86 45 74 36 8 39 2 72 62 36 75 43 72 17 88 19 12 68 83 12 67 0 70 27 21 5 4 27 97 99 6 89 27 46 96 11 
41 37 32 33 44 59 9 73 15 67 5 58 37 72 16 61 6 38 29 25 77 93 31 42 57 70 0 72 86 29 80 47 49 72 10 80 77 23 4 65 
79 60 66 48 37 51 36 8 26 81 15 40 61 61 33 60 49 83 22 97 77 84 71 84 10 27 72 0 86 28 33 65 97 11 37 53 14 63 49 65 
15 61 99 8 4 88 62 43 50 17 21 26 78 42 78 100 5 74 72 97 69 25 2 77 21 21 86 86 0 20 89 91 65 84 53 36 21 81 68 68 
65 16 90 14 49 15 56 91 58 69 85 14 60 65 48 1 100 14 26 27 75 39 84 55 93 5 29 28 20 0 82 91 77 61 68 51 16 84 36 43 
36 40 2 44 55 37 67 84 62 38 31 55 18 23 96 87 62 96 77 15 93 66 2 41 63 4 80 33 89 82 0 16 52 91 27 88 43 92 3 91 
70 63 64 24 43 48 77 7 9 78 41 98 69 30 65 6 47 93 8 22 88 62 60 44 80 27 47 65 91 91 16 0 8 22 79 98 87 14 2 74 
75 70 50 67 4 32 65 16 73 29 75 51 85 25 71 75 48 70 24 33 20 6 62 79 54 97 49 97 65 77 52 8 0 35 83 93 54 64 84 82 
28 85 8 54 34 63 26 59 72 63 60 37 32 100 57 2 4 90 69 44 2 68 52 93 14 99 72 11 84 61 91 22 35 0 76 51 32 92 34 20 
39 27 81 67 9 57 23 5 65 49 69 38 23 90 59 91 59 17 64 6 80 25 41 76 72 6 10 37 53 68 27 79 83 76 0 34 50 71 25 28 
55 59 45 40 18 7 47 76 100 45 37 25 82 94 35 52 7 27 92 94 6 1 36 89 89 89 80 53 36 51 88 98 93 51 34 0 11 19 19 13 
27 37 17 4 75 47 8 89 60 62 8 97 34 68 31 49 4 90 6 31 78 81 98 56 11 27 77 14 21 16 43 87 54 32 50 11 0 10 27 86 
28 14 2 80 10 83 79 79 44 60 65 58 12 26 88 38 59 21 98 86 50 10 1 85 25 46 23 63 81 84 92 14 64 92 71 19 10 0 40 76 
50 60 11 66 76 83 23 42 93 88 50 13 19 77 11 69 45 27 17 68 82 64 76 27 16 96 4 49 68 36 3 2 84 34 25 19 27 40 0 24 
55 54 91 62 85 4 15 30 89 55 19 56 58 43 30 71 61 51 19 2 75 57 17 39 80 11 65 65 68 43 91 74 82 20 28 13 86 76 24 0 
