20
0 420 783 440 633 538 815 452 610 682 243 297 219 313 82 499 513 845 591 880 
420 0 111 459 813 826 114 611 849 386 885 679 777 83 450 911 874 82 448 41 
783 111 0 885 57 74 479 354 292 792 787 142 304 983 732 536 445 542 348 271 
440 459 885 0 655 958 471 392 194 149 520 276 599 430 502 680 878 894 917 286 
633 813 57 655 0 967 395 991 258 186 777 751 490 760 834 377 204 727 724 474 
538 826 74 958 967 0 733 33 944 125 226 445 644 854 395 426 707 426 655 600 
815 114 479 471 395 733 0 342 940 566 737 931 175 922 59 925 763 170 110 139 
452 611 354 392 991 33 342 0 374 836 214 199 568 246 495 44 824 291 688 29 
610 849 292 194 258 944 940 374 0 685 465 735 110 119 686 452 58 603 188 340 
682 386 792 149 186 125 566 836 685 0 777 461 399 53 224 920 162 362 293 349 
243 885 787 520 777 226 737 214 465 777 0 576 844 916 173 690 960 348 980 999 
297 679 142 276 751 445 931 199 735 461 576 0 376 16 463 462 125 933 147 928 
219 777 304 599 490 644 175 568 110 399 844 376 0 990 749 467 682 877 928 432 
313 83 983 430 760 854 922 246 119 53 916 16 990 0 281 151 351 794 864 996 
82 450 732 502 834 395 59 495 686 224 173 463 749 281 0 142 791 191 410 316 
499 911 536 680 377 426 925 44 452 920 690 462 467 151 142 0 880 369 663 211 
513 874 445 878 204 707 763 824 58 162 960 125 682 351 791 880 0 719 391 226 
845 82 542 894 727 426 170 291 603 362 348 933 877 794 191 369 719 0 181 852 
591 448 348 917 724 655 110 688 188 293 980 147 928 864 410 663 391 181 0 702 
880 41 271 286 474 600 139 29 340 349 999 928 432 996 316 211 226 852 702 0 
