20
0 68 78 19 70 27 95 47 65 6 25 73 61 80 28 38 26 65 65 37 
68 0 16 67 16 22 85 10 96 53 58 2 28 61 21 57 32 91 83 26 
78 16 0 89 47 84 13 71 44 92 50 33 17 67 98 5 82 64 72 55 
19 67 89 0 100 82 2 52 91 3 32 3 76 88 34 66 71 12 6 69 
70 16 47 100 0 47 18 92 90 61 93 74 30 59 71 34 92 86 58 98 
27 22 84 82 47 0 38 91 100 89 81 54 72 35 29 60 21 46 82 84 
95 85 13 2 18 38 0 51 2 30 20 93 71 81 38 44 10 48 67 95 
47 10 71 52 92 91 51 0 40 4 4 89 41 94 88 82 26 42 53 13 
65 96 44 91 90 100 2 40 0 22 64 33 68 45 16 70 47 45 90 91 
6 53 92 3 61 89 30 4 22 0 15 22 28 10 31 76 76 77 67 32 
25 58 50 32 93 81 20 4 64 15 0 81 55 72 26 43 5 4 36 58 
73 2 33 3 74 54 93 89 33 22 81 0 16 57 73 48 76 18 15 46 
61 28 17 76 30 72 71 41 68 28 55 16 0 64 59 87 54 25 8 82 
80 61 67 88 59 35 81 94 45 10 72 57 64 0 34 90 9 62 18 75 
28 21 98 34 71 29 38 88 16 31 26 73 59 34 0 93 50 29 16 76 
38 57 5 66 34 60 44 82 70 76 43 48 87 90 93 0 23 73 31 58 
26 32 82 71 92 21 10 26 47 76 5 76 54 9 50 23 0 82 46 67 
65 91 64 12 86 46 48 42 45 77 4 18 25 62 29 73 82 0 54 93 
65 83 72 6 58 82 67 53 90 67 36 15 8 18 16 31 46 54 0 42 
37 26 55 69 98 84 95 13 91 32 58 46 82 75 76 58 67 93 42 0 
