30
0 94 60 29 39 75 80 5 68 7 79 32 62 74 80 78 18 48 88 3 57 38 85 58 72 11 81 56 12 95 
94 0 22 60 40 82 88 30 8 20 35 75 78 13 59 39 39 38 69 56 38 56 10 46 46 94 3 69 56 83 
60 22 0 24 67 29 98 79 69 31 18 98 38 37 84 65 14 97 23 5 87 12 73 42 1 80 51 46 77 96 
29 60 24 0 100 45 4 82 21 22 63 18 100 83 100 18 32 37 6 16 53 20 64 27 76 50 39 48 43 91 
39 40 67 100 0 27 45 37 56 92 36 100 95 70 72 17 84 41 16 66 40 85 97 29 91 64 81 62 27 8 
75 82 29 45 27 0 37 28 98 36 70 40 14 14 76 69 6 64 21 52 85 92 68 68 33 36 85 72 20 33 
80 88 98 4 45 37 0 100 62 97 33 23 75 40 11 3 89 46 24 28 60 90 56 28 95 71 48 46 55 92 
5 30 79 82 37 28 100 0 66 74 24 1 10 47 72 42 47 34 90 31 56 65 70 19 19 10 64 42 37 23 
68 8 69 21 56 98 62 66 0 83 44 3 77 14 2 75 20 93 92 93 68 92 2 15 63 96 13 48 85 43 
7 20 31 22 92 36 97 74 83 0 56 1 64 74 19 73 37 13 61 12 95 5 66 24 18 19 50 38 12 41 
79 35 18 63 36 70 33 24 44 56 0 82 31 84 84 45 98 79 57 46 15 99 1 16 62 26 86 86 14 50 
32 75 98 18 100 40 23 1 3 1 82 0 47 25 97 51 42 20 68 61 21 57 24 61 39 54 44 74 99 41 
62 78 38 100 95 14 75 10 77 64 31 47 0 4 7 38 18 58 38 85 71 63 71 57 77 72 3 53 68 5 
74 13 37 83 70 14 40 47 14 74 84 25 4 0 95 39 72 7 59 81 30 71 19 35 66 44 33 7 47 92 
80 59 84 100 72 76 11 72 2 19 84 97 7 95 0 96 16 49 34 1 19 48 23 75 76 94 29 29 62 33 
78 39 65 18 17 69 3 42 75 73 45 51 38 39 96 0 75 100 57 33 11 37 62 81 7 96 99 50 81 57 
18 39 14 32 84 6 89 47 20 37 98 42 18 72 16 75 0 48 24 52 63 72 85 63 42 85 85 69 60 79 
48 38 97 37 41 64 46 34 93 13 79 20 58 7 49 100 48 0 97 40 92 30 66 43 38 98 5 74 11 38 
88 69 23 6 16 21 24 90 92 61 57 68 38 59 34 57 24 97 0 32 59 36 33 91 92 80 14 43 42 85 
3 56 5 16 66 52 28 31 93 12 46 61 85 81 1 33 52 40 32 0 80 5 78 64 41 46 75 71 43 67 
57 38 87 53 40 85 60 56 68 95 15 21 71 30 19 11 63 92 59 80 0 62 24 32 57 61 30 61 86 92 
38 56 12 20 85 92 90 65 92 5 99 57 63 71 48 37 72 30 36 5 62 0 98 17 50 33 49 40 24 28 
85 10 73 64 97 68 56 70 2 66 1 24 71 19 23 62 85 66 33 78 24 98 0 53 19 21 89 98 25 67 
58 46 42 27 29 68 28 19 15 24 16 61 57 35 75 81 63 43 91 64 32 17 53 0 13 18 12 87 88 6 
72 46 1 76 91 33 95 19 63 18 62 39 77 66 76 7 42 38 92 41 57 50 19 13 0 53 2 29 37 58 
11 94 80 50 64 36 71 10 96 19 26 54 72 44 94 96 85 98 80 46 61 33 21 18 53 0 41 66 18 26 
81 3 51 39 81 85 48 64 13 50 86 44 3 33 29 99 85 5 14 75 30 49 89 12 2 41 0 57 68 94 
56 69 46 48 62 72 46 42 48 38 86 74 53 7 29 50 69 74 43 71 61 40 98 87 29 66 57 0 59 100 
12 56 77 43 27 20 55 37 85 12 14 99 68 47 62 81 60 11 42 43 86 24 25 88 37 18 68 59 0 94 
95 83 96 91 8 33 92 23 43 41 50 41 5 92 33 57 79 38 85 67 92 28 67 6 58 26 94 100 94 0 
