60
0 2 31 14 50 71 10 77 95 57 32 36 23 29 73 98 49 28 28 20 20 36 74 42 12 8 31 79 37 21 24 66 74 55 31 24 77 40 52 23 96 35 58 71 64 82 20 64 9 47 83 29 82 56 22 46 16 4 24 4 
2 0 24 99 21 97 5 51 72 34 43 76 56 90 10 66 12 25 47 31 88 8 77 23 88 59 30 61 56 45 64 79 1 39 29 73 35 34 76 59 67 18 34 74 59 43 39 71 20 38 1 7 45 78 29 32 88 59 92 95 
31 24 0 55 7 73 7 45 53 80 31 38 7 89 4 24 74 78 34 69 68 4 88 57 57 46 1 86 75 84 25 85 27 19 91 33 91 98 77 95 29 60 33 35 48 88 10 22 17 43 90 85 99 29 41 55 74 94 92 48 
14 99 55 0 29 16 84 56 34 27 40 76 76 69 70 4 28 2 90 75 90 51 48 6 45 89 42 43 17 35 49 91 28 40 90 56 7 26 63 40 52 3 15 27 71 85 82 50 38 71 24 79 73 24 37 17 12 30 12 81 
50 21 7 29 0 64 60 71 43 52 12 99 10 37 61 50 88 15 16 14 37 52 47 86 90 17 62 20 89 85 8 58 48 38 69 28 1 80 50 44 83 62 94 93 98 6 42 38 21 57 3 9 9 50 95 50 18 56 21 7 
71 97 73 16 64 0 92 29 16 39 66 84 19 18 63 68 13 46 29 6 38 79 64 31 16 36 39 70 44 99 19 90 100 37 97 21 95 88 49 10 79 66 93 97 35 7 64 48 4 45 5 93 23 68 23 90 3 14 59 99 
10 5 7 84 60 92 0 64 78 88 64 66 85 84 12 24 84 21 2 1 65 50 35 23 66 82 27 62 39 19 84 6 94 25 61 7 83 59 70 12 98 85 29 82 68 40 6 3 12 59 3 28 61 38 51 26 71 29 87 61 
77 51 45 56 71 29 64 0 47 22 19 40 46 31 98 80 89 20 44 38 4 72 20 24 12 77 26 75 87 29 3 99 18 5 24 40 33 62 53 79 35 71 71 32 1 68 64 41 39 7 78 43 78 49 66 41 77 91 16 16 
95 72 53 34 43 16 78 47 0 71 70 14 40 26 90 32 58 51 84 88 38 6 10 21 6 30 84 46 68 90 75 10 68 76 75 8 52 18 75 67 40 44 81 80 69 70 63 78 72 46 18 61 51 27 82 8 56 17 5 24 
57 34 80 27 52 39 88 22 71 0 7 79 85 74 6 12 33 58 29 60 76 68 55 8 99 76 29 61 53 53 58 22 13 60 49 46 67 56 63 71 31 21 2 16 46 59 27 78 16 7 89 44 26 44 3 25 19 32 37 23 
32 43 31 40 12 66 64 19 70 7 0 84 95 45 48 6 45 46 73 100 8 95 83 80 48 98 25 7 76 54 74 82 43 69 7 86 72 83 56 3 20 78 38 66 74 85 71 18 30 95 70 89 42 4 68 89 1 44 47 28 
36 76 38 76 99 84 66 40 14 79 84 0 98 21 61 40 41 19 25 12 2 80 14 73 9 51 90 35 88 12 52 69 59 73 10 100 76 29 40 28 73 87 55 70 59 67 9 99 86 85 11 39 16 76 63 76 79 4 10 66 
23 56 7 76 10 19 85 46 40 85 95 98 0 15 14 86 73 86 95 24 14 76 64 41 48 2 48 69 60 66 29 10 51 13 72 41 80 100 3 55 78 6 17 95 73 30 80 45 15 27 69 80 54 84 73 53 85 20 21 96 
29 90 89 69 37 18 84 31 26 74 45 21 15 0 85 49 57 88 13 29 28 44 28 83 50 57 88 66 51 60 95 82 57 62 60 77 93 13 12 65 65 96 36 85 43 73 85 99 60 49 79 39 44 6 21 94 14 61 11 64 
73 10 4 70 61 63 12 98 90 6 48 61 14 85 0 72 6 46 28 19 5 56 11 70 67 76 34 14 11 71 56 83 7 7 94 8 85 33 51 43 5 44 56 17 55 20 89 12 17 68 82 73 24 92 42 42 19 28 56 82 
98 66 24 4 50 68 24 80 32 12 6 40 86 49 72 0 98 63 16 56 69 62 63 54 46 14 96 50 9 3 67 15 74 7 78 90 74 59 15 49 3 8 91 73 87 98 6 84 60 22 92 29 83 54 34 80 19 81 29 28 
49 12 74 28 88 13 84 89 58 33 45 41 73 57 6 98 0 83 47 42 57 53 72 46 79 30 12 27 84 72 69 57 58 66 62 94 78 35 85 6 69 38 91 48 57 71 29 36 53 75 29 9 80 100 7 58 30 70 36 13 
28 25 78 2 15 46 21 20 51 58 46 19 86 88 46 63 83 0 41 5 21 99 70 35 92 47 69 76 4 38 65 94 85 21 16 13 56 69 40 85 29 71 36 35 28 65 57 15 30 97 19 2 95 89 36 38 87 5 13 43 
28 47 34 90 16 29 2 44 84 29 73 25 95 13 28 16 47 41 0 94 30 88 30 2 4 43 10 24 34 46 52 4 81 39 83 98 95 97 79 43 16 80 90 56 16 27 94 72 92 36 65 21 24 94 22 79 88 31 2 73 
20 31 69 75 14 6 1 38 88 60 100 12 24 29 19 56 42 5 94 0 76 53 28 9 43 10 6 89 59 84 32 26 63 21 33 30 99 26 53 90 62 69 62 37 15 84 15 54 66 16 27 94 20 54 2 15 16 7 3 26 
20 88 68 90 37 38 65 4 38 76 8 2 14 28 5 69 57 21 30 76 0 90 86 51 4 58 35 86 57 60 38 46 73 7 8 9 73 43 75 26 60 90 4 53 62 10 54 76 25 12 30 2 53 68 4 57 25 38 42 81 
36 8 4 51 52 79 50 72 6 68 95 80 76 44 56 62 53 99 88 53 90 0 97 31 79 22 89 38 82 61 80 57 87 39 98 42 44 59 51 97 86 27 61 68 28 13 35 31 69 11 20 62 44 69 93 22 90 33 59 71 
74 77 88 48 47 64 35 20 10 55 83 14 64 28 11 63 72 70 30 28 86 97 0 94 90 27 32 28 77 73 23 87 24 72 25 2 32 92 30 44 78 12 65 88 32 78 83 100 22 4 89 55 62 11 100 3 90 31 83 66 
42 23 57 6 86 31 23 24 21 8 80 73 41 83 70 54 46 35 2 9 51 31 94 0 55 5 52 30 76 76 32 7 19 13 3 48 24 67 88 55 44 70 54 18 74 94 72 87 5 71 90 94 53 72 11 7 76 62 89 4 
12 88 57 45 90 16 66 12 6 99 48 9 48 50 67 46 79 92 4 43 4 79 90 55 0 90 72 10 8 84 12 56 7 30 43 62 26 12 67 43 37 61 14 24 17 36 65 10 88 88 72 46 15 33 86 18 74 57 80 34 
8 59 46 89 17 36 82 77 30 76 98 51 2 57 76 14 30 47 43 10 58 22 27 5 90 0 40 91 41 47 73 35 60 50 98 78 92 35 38 57 10 54 44 74 15 31 61 86 28 27 71 14 45 44 22 24 29 62 66 69 
31 30 1 42 62 39 27 26 84 29 25 90 48 88 34 96 12 69 10 6 35 89 32 52 72 40 0 60 38 3 71 87 53 48 30 87 38 38 48 91 81 73 58 63 85 43 91 11 65 56 55 61 29 78 89 42 96 10 1 85 
79 61 86 43 20 70 62 75 46 61 7 35 69 66 14 50 27 76 24 89 86 38 28 30 10 91 60 0 64 23 24 16 23 53 54 60 43 1 2 23 25 59 86 9 54 28 20 70 35 26 30 63 56 71 5 51 80 57 35 43 
37 56 75 17 89 44 39 87 68 53 76 88 60 51 11 9 84 4 34 59 57 82 77 76 8 41 38 64 0 32 58 11 54 63 64 13 5 17 66 27 41 25 64 2 30 43 73 99 77 98 81 92 5 51 48 55 30 56 42 24 
21 45 84 35 85 99 19 29 90 53 54 12 66 60 71 3 72 38 46 84 60 61 73 76 84 47 3 23 32 0 87 51 34 92 13 50 4 69 18 70 48 10 46 11 11 27 6 83 25 82 33 57 25 37 7 24 44 88 80 37 
24 64 25 49 8 19 84 3 75 58 74 52 29 95 56 67 69 65 52 32 38 80 23 32 12 73 71 24 58 87 0 64 18 87 49 10 100 98 13 20 67 34 67 77 31 78 87 57 83 22 34 16 6 90 93 94 97 16 89 36 
66 79 85 91 58 90 6 99 10 22 82 69 10 82 83 15 57 94 4 26 46 57 87 7 56 35 87 16 11 51 64 0 95 25 99 13 12 48 22 63 97 86 82 64 72 49 40 54 78 78 11 12 51 96 79 8 37 71 2 33 
74 1 27 28 48 100 94 18 68 13 43 59 51 57 7 74 58 85 81 63 73 87 24 19 7 60 53 23 54 34 18 95 0 39 42 21 85 67 19 49 78 18 22 92 15 8 25 78 31 73 69 36 2 46 98 65 49 93 44 56 
55 39 19 40 38 37 25 5 76 60 69 73 13 62 7 7 66 21 39 21 7 39 72 13 30 50 48 53 63 92 87 25 39 0 30 66 9 14 4 51 34 41 17 5 89 46 22 11 89 88 70 13 17 100 38 85 87 91 83 85 
31 29 91 90 69 97 61 24 75 49 7 10 72 60 94 78 62 16 83 33 8 98 25 3 43 98 30 54 64 13 49 99 42 30 0 56 31 77 51 38 58 16 47 72 72 49 57 12 17 13 100 14 87 10 2 74 79 66 91 30 
24 73 33 56 28 21 7 40 8 46 86 100 41 77 8 90 94 13 98 30 9 42 2 48 62 78 87 60 13 50 10 13 21 66 56 0 3 75 17 94 9 1 1 91 29 51 29 87 66 27 10 89 27 18 100 43 31 52 8 17 
77 35 91 7 1 95 83 33 52 67 72 76 80 93 85 74 78 56 95 99 73 44 32 24 26 92 38 43 5 4 100 12 85 9 31 3 0 13 61 90 44 26 32 73 81 59 41 26 67 93 26 58 74 76 38 12 93 16 21 82 
40 34 98 26 80 88 59 62 18 56 83 29 100 13 33 59 35 69 97 26 43 59 92 67 12 35 38 1 17 69 98 48 67 14 77 75 13 0 42 38 33 36 20 84 43 36 97 3 78 92 28 9 64 8 67 57 33 86 1 10 
52 76 77 63 50 49 70 53 75 63 56 40 3 12 51 15 85 40 79 53 75 51 30 88 67 38 48 2 66 18 13 22 19 4 51 17 61 42 0 43 74 85 32 85 78 47 57 11 88 95 43 23 66 79 65 54 27 19 31 18 
23 59 95 40 44 10 12 79 67 71 3 28 55 65 43 49 6 85 43 90 26 97 44 55 43 57 91 23 27 70 20 63 49 51 38 94 90 38 43 0 46 91 33 6 10 89 90 95 42 100 89 15 36 20 52 65 66 8 75 53 
96 67 29 52 83 79 98 35 40 31 20 73 78 65 5 3 69 29 16 62 60 86 78 44 37 10 81 25 41 48 67 97 78 34 58 9 44 33 74 46 0 54 70 27 20 48 43 73 26 61 55 43 58 45 75 15 54 16 57 100 
35 18 60 3 62 66 85 71 44 21 78 87 6 96 44 8 38 71 80 69 90 27 12 70 61 54 73 59 25 10 34 86 18 41 16 1 26 36 85 91 54 0 9 56 88 23 43 7 74 8 24 34 34 28 87 3 54 6 2 96 
58 34 33 15 94 93 29 71 81 2 38 55 17 36 56 91 91 36 90 62 4 61 65 54 14 44 58 86 64 46 67 82 22 17 47 1 32 20 32 33 70 9 0 78 79 8 32 21 66 29 48 32 34 15 88 34 23 95 21 97 
71 74 35 27 93 97 82 32 80 16 66 70 95 85 17 73 48 35 56 37 53 68 88 18 24 74 63 9 2 11 77 64 92 5 72 91 73 84 85 6 27 56 78 0 38 80 23 97 3 56 82 31 42 85 36 100 38 84 77 17 
64 59 48 71 98 35 68 1 69 46 74 59 73 43 55 87 57 28 16 15 62 28 32 74 17 15 85 54 30 11 31 72 15 89 72 29 81 43 78 10 20 88 79 38 0 91 61 89 8 41 88 40 74 2 27 7 76 22 28 73 
82 43 88 85 6 7 40 68 70 59 85 67 30 73 20 98 71 65 27 84 10 13 78 94 36 31 43 28 43 27 78 49 8 46 49 51 59 36 47 89 48 23 8 80 91 0 59 59 47 7 61 2 88 43 95 24 79 94 14 62 
20 39 10 82 42 64 6 64 63 27 71 9 80 85 89 6 29 57 94 15 54 35 83 72 65 61 91 20 73 6 87 40 25 22 57 29 41 97 57 90 43 43 32 23 61 59 0 23 30 52 35 70 12 75 58 51 48 11 77 55 
64 71 22 50 38 48 3 41 78 78 18 99 45 99 12 84 36 15 72 54 76 31 100 87 10 86 11 70 99 83 57 54 78 11 12 87 26 3 11 95 73 7 21 97 89 59 23 0 87 98 34 11 8 92 57 14 4 10 54 47 
9 20 17 38 21 4 12 39 72 16 30 86 15 60 17 60 53 30 92 66 25 69 22 5 88 28 65 35 77 25 83 78 31 89 17 66 67 78 88 42 26 74 66 3 8 47 30 87 0 4 77 77 98 90 38 20 71 41 54 41 
47 38 43 71 57 45 59 7 46 7 95 85 27 49 68 22 75 97 36 16 12 11 4 71 88 27 56 26 98 82 22 78 73 88 13 27 93 92 95 100 61 8 29 56 41 7 52 98 4 0 52 28 98 2 27 8 79 33 46 28 
83 1 90 24 3 5 3 78 18 89 70 11 69 79 82 92 29 19 65 27 30 20 89 90 72 71 55 30 81 33 34 11 69 70 100 10 26 28 43 89 55 24 48 82 88 61 35 34 77 52 0 66 56 88 9 64 53 65 73 6 
29 7 85 79 9 93 28 43 61 44 89 39 80 39 73 29 9 2 21 94 2 62 55 94 46 14 61 63 92 57 16 12 36 13 14 89 58 9 23 15 43 34 32 31 40 2 70 11 77 28 66 0 63 77 83 39 26 24 76 45 
82 45 99 73 9 23 61 78 51 26 42 16 54 44 24 83 80 95 24 20 53 44 62 53 15 45 29 56 5 25 6 51 2 17 87 27 74 64 66 36 58 34 34 42 74 88 12 8 98 98 56 63 0 95 16 50 35 68 29 84 
56 78 29 24 50 68 38 49 27 44 4 76 84 6 92 54 100 89 94 54 68 69 11 72 33 44 78 71 51 37 90 96 46 100 10 18 76 8 79 20 45 28 15 85 2 43 75 92 90 2 88 77 95 0 21 55 43 51 88 89 
22 29 41 37 95 23 51 66 82 3 68 63 73 21 42 34 7 36 22 2 4 93 100 11 86 22 89 5 48 7 93 79 98 38 2 100 38 67 65 52 75 87 88 36 27 95 58 57 38 27 9 83 16 21 0 79 5 96 18 66 
46 32 55 17 50 90 26 41 8 25 89 76 53 94 42 80 58 38 79 15 57 22 3 7 18 24 42 51 55 24 94 8 65 85 74 43 12 57 54 65 15 3 34 100 7 24 51 14 20 8 64 39 50 55 79 0 60 70 30 84 
16 88 74 12 18 3 71 77 56 19 1 79 85 14 19 19 30 87 88 16 25 90 90 76 74 29 96 80 30 44 97 37 49 87 79 31 93 33 27 66 54 54 23 38 76 79 48 4 71 79 53 26 35 43 5 60 0 76 92 12 
4 59 94 30 56 14 29 91 17 32 44 4 20 61 28 81 70 5 31 7 38 33 31 62 57 62 10 57 56 88 16 71 93 91 66 52 16 86 19 8 16 6 95 84 22 94 11 10 41 33 65 24 68 51 96 70 76 0 10 82 
24 92 92 12 21 59 87 16 5 37 47 10 21 11 56 29 36 13 2 3 42 59 83 89 80 66 1 35 42 80 89 2 44 83 91 8 21 1 31 75 57 2 21 77 28 14 77 54 54 46 73 76 29 88 18 30 92 10 0 37 
4 95 48 81 7 99 61 16 24 23 28 66 96 64 82 28 13 43 73 26 81 71 66 4 34 69 85 43 24 37 36 33 56 85 30 17 82 10 18 53 100 96 97 17 73 62 55 47 41 28 6 45 84 89 66 84 12 82 37 0 
