60
0 81 36 21 89 80 51 7 15 96 97 6 65 88 100 16 69 4 46 31 36 88 57 1 2 64 21 68 94 89 56 47 21 91 68 9 22 70 16 88 18 64 45 34 4 44 49 72 100 46 2 35 85 11 35 87 26 55 6 20 
81 0 43 13 18 15 55 37 76 77 59 91 16 76 6 61 9 9 56 9 33 55 55 34 90 91 96 76 77 74 31 35 45 25 47 62 40 2 99 15 30 57 57 97 84 14 57 44 75 65 52 7 71 58 92 60 49 40 88 25 
36 43 0 13 18 11 57 94 10 18 85 63 68 51 44 76 7 40 59 73 49 2 47 13 54 53 83 11 96 95 11 35 82 88 47 51 98 3 96 7 73 81 21 40 31 64 68 90 4 26 14 52 80 60 16 33 64 50 95 59 
21 13 13 0 96 6 46 77 93 44 79 42 47 75 1 71 7 21 62 89 85 29 78 88 55 43 91 86 2 58 18 17 7 64 28 3 21 73 31 65 16 10 59 14 36 59 36 94 79 98 82 15 78 12 2 84 54 44 69 8 
89 18 18 96 0 1 38 24 60 54 3 62 74 27 92 91 95 53 49 8 40 7 96 33 37 45 67 52 22 78 5 58 83 49 26 90 1 64 14 60 17 68 73 42 95 65 32 89 69 80 48 61 38 43 45 75 87 11 26 61 
80 15 11 6 1 0 40 30 18 23 30 95 12 31 58 77 42 26 45 15 20 39 31 51 27 51 83 26 11 20 69 56 94 7 18 71 19 58 53 88 80 82 83 91 64 92 68 6 18 64 72 37 2 2 39 80 52 21 5 63 
51 55 57 46 38 40 0 93 25 70 38 84 87 61 2 44 13 90 23 94 72 66 58 63 85 15 32 48 86 20 1 87 59 80 90 31 36 4 75 13 73 65 96 60 25 97 55 37 38 30 30 61 95 39 76 31 5 7 78 42 
7 37 94 77 24 30 93 0 79 78 80 89 9 70 19 96 73 46 8 46 10 55 57 34 4 63 70 41 92 51 54 38 42 29 68 46 35 97 88 13 26 67 1 34 88 72 82 61 69 41 58 78 96 66 63 99 28 32 91 72 
15 76 10 93 60 18 25 79 0 34 44 9 75 72 29 73 59 25 12 23 51 30 76 36 18 47 69 30 67 10 87 44 5 4 58 55 31 41 45 54 74 41 63 1 12 43 25 70 19 36 93 69 17 68 57 86 66 25 15 84 
96 77 18 44 54 23 70 78 34 0 86 53 79 90 56 36 96 39 76 93 44 1 33 58 1 44 100 77 66 19 64 10 39 81 77 95 66 94 72 33 29 57 37 7 99 45 42 94 83 69 86 78 69 70 36 22 14 35 98 79 
97 59 85 79 3 30 38 80 44 86 0 5 62 88 44 42 16 90 59 61 61 43 89 70 80 95 20 24 88 13 58 56 51 35 76 20 70 97 85 57 95 15 61 56 54 4 49 69 94 59 81 6 2 21 75 33 67 94 56 54 
6 91 63 42 62 95 84 89 9 53 5 0 59 65 61 61 99 37 32 21 33 17 77 27 83 37 34 37 41 34 57 86 93 38 91 46 10 66 78 77 11 85 82 21 49 43 81 99 79 65 19 63 81 95 42 15 32 27 51 24 
65 16 68 47 74 12 87 9 75 79 62 59 0 61 8 9 5 97 99 50 6 16 79 82 79 63 64 99 63 6 32 61 36 96 80 50 28 26 43 42 9 70 93 32 30 100 40 34 96 91 35 53 58 13 35 36 27 98 87 89 
88 76 51 75 27 31 61 70 72 90 88 65 61 0 55 18 1 42 13 32 43 40 58 86 81 66 55 73 50 84 24 41 69 71 31 3 24 41 67 10 76 93 59 62 33 13 31 33 6 43 65 48 82 22 85 15 39 39 39 88 
100 6 44 1 92 58 2 19 29 56 44 61 8 55 0 74 63 29 94 85 11 96 60 51 14 69 79 6 27 92 38 91 23 23 96 65 87 96 99 8 32 13 98 71 51 86 96 65 14 90 50 76 37 9 27 51 78 5 8 56 
16 61 76 71 91 77 44 96 73 36 42 61 9 18 74 0 96 98 47 18 20 94 35 6 41 33 65 73 97 62 95 47 99 90 64 64 31 13 40 20 73 66 22 2 22 29 58 69 78 56 39 97 49 73 54 42 57 70 14 53 
69 9 7 7 95 42 13 73 59 96 16 99 5 1 63 96 0 84 8 99 82 49 14 98 32 78 37 51 51 54 24 4 27 4 13 95 82 68 33 30 69 5 84 10 61 5 75 65 88 34 16 22 34 29 19 65 7 7 67 9 
4 9 40 21 53 26 90 46 25 39 90 37 97 42 29 98 84 0 60 90 12 38 94 25 32 27 44 65 56 64 21 91 25 34 96 51 98 35 84 13 8 70 94 78 34 100 84 53 8 95 94 19 32 39 95 64 65 91 80 73 
46 56 59 62 49 45 23 8 12 76 59 32 99 13 94 47 8 60 0 6 52 63 31 37 10 33 35 97 17 99 4 86 92 82 71 43 17 75 50 12 21 21 95 59 67 10 76 9 89 48 15 93 62 97 29 24 81 15 20 97 
31 9 73 89 8 15 94 46 23 93 61 21 50 32 85 18 99 90 6 0 66 75 34 57 8 57 52 25 31 53 88 51 25 82 62 44 92 37 52 32 36 18 24 49 66 53 72 47 19 43 95 84 18 81 93 25 37 44 49 19 
36 33 49 85 40 20 72 10 51 44 61 33 6 43 11 20 82 12 52 66 0 96 88 22 73 70 83 16 61 71 19 92 58 89 68 6 54 72 78 52 90 20 47 74 89 79 66 14 15 9 14 85 56 2 6 80 71 40 95 83 
88 55 2 29 7 39 66 55 30 1 43 17 16 40 96 94 49 38 63 75 96 0 62 14 26 19 2 45 25 7 16 2 11 6 73 9 31 62 87 96 27 53 56 40 37 63 93 43 43 15 34 89 49 96 54 75 14 7 19 38 
57 55 47 78 96 31 58 57 76 33 89 77 79 58 60 35 14 94 31 34 88 62 0 14 87 91 76 44 16 84 74 77 70 69 55 22 76 46 58 90 39 52 32 5 86 21 54 81 74 80 94 33 50 84 46 36 74 73 79 41 
1 34 13 88 33 51 63 34 36 58 70 27 82 86 51 6 98 25 37 57 22 14 14 0 56 52 17 77 72 23 98 99 69 7 89 59 11 72 63 96 92 68 28 18 47 73 50 49 56 47 84 82 19 15 22 26 18 91 2 42 
2 90 54 55 37 27 85 4 18 1 80 83 79 81 14 41 32 32 10 8 73 26 87 56 0 13 51 40 33 57 80 91 67 52 54 14 95 21 93 64 20 66 13 68 73 11 3 54 81 17 28 58 87 70 59 28 34 9 19 67 
64 91 53 43 45 51 15 63 47 44 95 37 63 66 69 33 78 27 33 57 70 19 91 52 13 0 18 99 57 36 50 62 50 96 35 94 60 54 59 24 73 32 35 75 37 67 44 16 25 30 37 35 9 71 44 27 37 61 25 45 
21 96 83 91 67 83 32 70 69 100 20 34 64 55 79 65 37 44 35 52 83 2 76 17 51 18 0 96 26 7 97 22 41 91 81 46 1 4 18 84 90 44 73 9 87 88 85 16 25 19 24 47 62 3 83 74 79 79 70 5 
68 76 11 86 52 26 48 41 30 77 24 37 99 73 6 73 51 65 97 25 16 45 44 77 40 99 96 0 85 18 78 77 60 10 22 61 65 91 44 55 35 16 15 21 56 99 89 32 17 64 78 79 66 12 52 45 90 73 1 27 
94 77 96 2 22 11 86 92 67 66 88 41 63 50 27 97 51 56 17 31 61 25 16 72 33 57 26 85 0 43 30 3 2 39 25 62 3 15 58 9 49 25 23 22 80 21 10 63 38 25 92 68 43 3 71 39 45 96 39 71 
89 74 95 58 78 20 20 51 10 19 13 34 6 84 92 62 54 64 99 53 71 7 84 23 57 36 7 18 43 0 38 20 73 39 58 49 53 60 64 10 21 64 34 43 85 66 64 46 80 53 23 72 20 65 74 42 3 18 37 93 
56 31 11 18 5 69 1 54 87 64 58 57 32 24 38 95 24 21 4 88 19 16 74 98 80 50 97 78 30 38 0 40 74 12 13 65 69 61 17 80 76 26 100 92 11 95 28 28 10 26 8 62 48 79 33 12 4 74 66 74 
47 35 35 17 58 56 87 38 44 10 56 86 61 41 91 47 4 91 86 51 92 2 77 99 91 62 22 77 3 20 40 0 11 58 13 36 69 77 100 89 90 68 20 65 45 72 56 8 66 36 35 75 61 42 36 8 72 20 71 76 
21 45 82 7 83 94 59 42 5 39 51 93 36 69 23 99 27 25 92 25 58 11 70 69 67 50 41 60 2 73 74 11 0 93 36 49 55 45 13 43 65 90 94 53 79 62 24 95 6 95 3 13 12 38 100 86 98 41 73 57 
91 25 88 64 49 7 80 29 4 81 35 38 96 71 23 90 4 34 82 82 89 6 69 7 52 96 91 10 39 39 12 58 93 0 65 92 27 40 37 14 40 43 58 4 85 22 93 79 26 23 40 49 18 97 96 72 62 7 9 61 
68 47 47 28 26 18 90 68 58 77 76 91 80 31 96 64 13 96 71 62 68 73 55 89 54 35 81 22 25 58 13 13 36 65 0 45 58 1 69 14 17 13 40 8 1 53 47 43 62 3 28 83 95 58 60 70 49 60 39 45 
9 62 51 3 90 71 31 46 55 95 20 46 50 3 65 64 95 51 43 44 6 9 22 59 14 94 46 61 62 49 65 36 49 92 45 0 55 10 6 14 18 66 10 75 19 78 40 35 90 31 95 90 35 41 85 96 95 64 30 90 
22 40 98 21 1 19 36 35 31 66 70 10 28 24 87 31 82 98 17 92 54 31 76 11 95 60 1 65 3 53 69 69 55 27 58 55 0 21 89 11 69 48 49 65 3 58 71 68 27 88 77 53 6 54 92 93 96 22 87 37 
70 2 3 73 64 58 4 97 41 94 97 66 26 41 96 13 68 35 75 37 72 62 46 72 21 54 4 91 15 60 61 77 45 40 1 10 21 0 56 79 21 51 74 84 80 15 56 20 77 24 67 25 89 21 82 11 88 8 98 64 
16 99 96 31 14 53 75 88 45 72 85 78 43 67 99 40 33 84 50 52 78 87 58 63 93 59 18 44 58 64 17 100 13 37 69 6 89 56 0 60 56 70 3 100 17 24 86 53 31 16 26 33 41 61 12 7 17 83 83 40 
88 15 7 65 60 88 13 13 54 33 57 77 42 10 8 20 30 13 12 32 52 96 90 96 64 24 84 55 9 10 80 89 43 14 14 14 11 79 60 0 49 7 80 70 40 90 57 99 40 73 10 47 94 12 46 10 87 83 62 17 
18 30 73 16 17 80 73 26 74 29 95 11 9 76 32 73 69 8 21 36 90 27 39 92 20 73 90 35 49 21 76 90 65 40 17 18 69 21 56 49 0 98 39 49 91 100 12 97 16 94 80 7 43 38 39 64 78 80 72 28 
64 57 81 10 68 82 65 67 41 57 15 85 70 93 13 66 5 70 21 18 20 53 52 68 66 32 44 16 25 64 26 68 90 43 13 66 48 51 70 7 98 0 19 44 38 65 37 49 10 98 36 44 12 4 42 50 53 84 49 16 
45 57 21 59 73 83 96 1 63 37 61 82 93 59 98 22 84 94 95 24 47 56 32 28 13 35 73 15 23 34 100 20 94 58 40 10 49 74 3 80 39 19 0 80 16 62 11 23 56 1 61 19 78 92 90 57 11 34 94 27 
34 97 40 14 42 91 60 34 1 7 56 21 32 62 71 2 10 78 59 49 74 40 5 18 68 75 9 21 22 43 92 65 53 4 8 75 65 84 100 70 49 44 80 0 22 43 89 20 30 32 31 33 25 32 37 8 81 5 40 48 
4 84 31 36 95 64 25 88 12 99 54 49 30 33 51 22 61 34 67 66 89 37 86 47 73 37 87 56 80 85 11 45 79 85 1 19 3 80 17 40 91 38 16 22 0 66 50 70 21 2 82 39 31 26 80 88 36 65 81 14 
44 14 64 59 65 92 97 72 43 45 4 43 100 13 86 29 5 100 10 53 79 63 21 73 11 67 88 99 21 66 95 72 62 22 53 78 58 15 24 90 100 65 62 43 66 0 87 75 54 58 56 86 40 89 62 71 77 22 3 33 
49 57 68 36 32 68 55 82 25 42 49 81 40 31 96 58 75 84 76 72 66 93 54 50 3 44 85 89 10 64 28 56 24 93 47 40 71 56 86 57 12 37 11 89 50 87 0 61 51 98 62 72 70 64 6 8 94 31 88 81 
72 44 90 94 89 6 37 61 70 94 69 99 34 33 65 69 65 53 9 47 14 43 81 49 54 16 16 32 63 46 28 8 95 79 43 35 68 20 53 99 97 49 23 20 70 75 61 0 18 52 14 83 90 88 37 99 44 74 38 84 
100 75 4 79 69 18 38 69 19 83 94 79 96 6 14 78 88 8 89 19 15 43 74 56 81 25 25 17 38 80 10 66 6 26 62 90 27 77 31 40 16 10 56 30 21 54 51 18 0 35 61 12 56 63 45 68 65 94 82 37 
46 65 26 98 80 64 30 41 36 69 59 65 91 43 90 56 34 95 48 43 9 15 80 47 17 30 19 64 25 53 26 36 95 23 3 31 88 24 16 73 94 98 1 32 2 58 98 52 35 0 64 45 94 71 90 24 10 23 93 14 
2 52 14 82 48 72 30 58 93 86 81 19 35 65 50 39 16 94 15 95 14 34 94 84 28 37 24 78 92 23 8 35 3 40 28 95 77 67 26 10 80 36 61 31 82 56 62 14 61 64 0 36 75 55 75 11 54 18 84 91 
35 7 52 15 61 37 61 78 69 78 6 63 53 48 76 97 22 19 93 84 85 89 33 82 58 35 47 79 68 72 62 75 13 49 83 90 53 25 33 47 7 44 19 33 39 86 72 83 12 45 36 0 53 71 3 65 78 66 9 46 
85 71 80 78 38 2 95 96 17 69 2 81 58 82 37 49 34 32 62 18 56 49 50 19 87 9 62 66 43 20 48 61 12 18 95 35 6 89 41 94 43 12 78 25 31 40 70 90 56 94 75 53 0 30 2 27 18 65 23 11 
11 58 60 12 43 2 39 66 68 70 21 95 13 22 9 73 29 39 97 81 2 96 84 15 70 71 3 12 3 65 79 42 38 97 58 41 54 21 61 12 38 4 92 32 26 89 64 88 63 71 55 71 30 0 88 64 86 49 86 78 
35 92 16 2 45 39 76 63 57 36 75 42 35 85 27 54 19 95 29 93 6 54 46 22 59 44 83 52 71 74 33 36 100 96 60 85 92 82 12 46 39 42 90 37 80 62 6 37 45 90 75 3 2 88 0 62 21 53 17 48 
87 60 33 84 75 80 31 99 86 22 33 15 36 15 51 42 65 64 24 25 80 75 36 26 28 27 74 45 39 42 12 8 86 72 70 96 93 11 7 10 64 50 57 8 88 71 8 99 68 24 11 65 27 64 62 0 63 22 65 99 
26 49 64 54 87 52 5 28 66 14 67 32 27 39 78 57 7 65 81 37 71 14 74 18 34 37 79 90 45 3 4 72 98 62 49 95 96 88 17 87 78 53 11 81 36 77 94 44 65 10 54 78 18 86 21 63 0 64 18 69 
55 40 50 44 11 21 7 32 25 35 94 27 98 39 5 70 7 91 15 44 40 7 73 91 9 61 79 73 96 18 74 20 41 7 60 64 22 8 83 83 80 84 34 5 65 22 31 74 94 23 18 66 65 49 53 22 64 0 67 34 
6 88 95 69 26 5 78 91 15 98 56 51 87 39 8 14 67 80 20 49 95 19 79 2 19 25 70 1 39 37 66 71 73 9 39 30 87 98 83 62 72 49 94 40 81 3 88 38 82 93 84 9 23 86 17 65 18 67 0 46 
20 25 59 8 61 63 42 72 84 79 54 24 89 88 56 53 9 73 97 19 83 38 41 42 67 45 5 27 71 93 74 76 57 61 45 90 37 64 40 17 28 16 27 48 14 33 81 84 37 14 91 46 11 78 48 99 69 34 46 0 
