70
0 514 323 652 251 321 210 285 799 472 84 326 323 681 940 100 668 169 125 902 148 672 195 867 651 252 219 443 846 743 336 492 256 10 495 858 330 704 495 481 175 578 158 849 258 98 300 277 618 424 178 765 448 724 983 98 976 553 892 173 295 227 16 902 237 510 111 918 565 605 
514 0 398 739 182 556 940 792 5 239 68 622 15 598 738 462 321 720 559 648 272 450 172 918 29 187 171 265 696 281 182 260 886 932 351 419 839 642 210 843 880 630 816 246 227 553 707 899 272 617 547 895 419 718 812 447 257 982 63 952 614 244 564 499 527 266 270 365 907 479 
323 398 0 207 138 460 374 384 686 926 442 585 549 59 483 443 477 552 606 923 808 939 337 112 553 580 27 403 107 644 672 823 550 503 382 39 962 755 774 1000 681 216 936 581 274 770 24 102 321 981 376 481 920 712 592 472 643 970 226 101 613 898 924 514 752 305 552 65 411 326 
652 739 207 0 64 443 893 351 24 166 120 47 619 793 27 994 273 298 57 864 769 699 833 347 800 445 244 723 958 347 379 861 411 789 538 475 232 430 177 607 947 297 5 565 89 383 910 361 681 966 576 801 665 760 147 816 556 742 890 865 88 268 725 499 408 263 325 991 692 501 
251 182 138 64 0 597 991 149 601 555 237 984 817 949 664 782 876 816 798 987 963 965 542 704 854 406 144 473 131 642 881 745 966 223 788 818 820 778 967 772 685 555 107 501 856 122 634 731 938 784 718 900 748 611 955 602 17 98 74 499 739 306 595 56 881 382 874 700 512 192 
321 556 460 443 597 0 823 196 746 930 48 601 51 681 684 988 464 753 239 564 363 194 165 731 643 590 229 734 248 823 141 128 557 14 179 420 205 1 615 303 282 14 903 333 46 938 672 862 690 911 425 53 456 941 783 450 530 364 183 777 538 324 256 94 689 434 513 246 435 479 
210 940 374 893 991 823 0 548 716 844 802 400 890 740 72 103 429 334 527 833 789 467 968 238 348 683 773 477 220 448 732 666 488 166 530 733 952 361 632 19 204 434 419 445 525 842 547 305 175 425 138 315 243 457 904 591 139 28 67 358 475 150 375 963 315 905 47 618 265 679 
285 792 384 351 149 196 548 0 989 820 464 407 617 988 600 163 292 126 940 781 440 182 237 695 124 727 723 190 85 197 692 811 511 358 715 910 976 331 940 964 503 403 722 119 742 673 633 385 798 572 518 237 754 106 931 877 833 5 419 269 202 110 79 64 467 146 973 794 476 912 
799 5 686 24 601 746 716 989 0 109 330 666 830 448 759 502 81 144 299 652 13 887 757 118 170 986 302 174 756 570 727 865 1 143 683 498 115 829 973 379 937 303 396 767 102 155 620 182 650 271 186 662 509 942 131 678 279 433 204 34 354 282 898 706 424 933 203 891 761 528 
472 239 926 166 555 930 844 820 109 0 621 697 182 16 815 283 522 435 817 171 57 2 184 565 295 315 595 574 99 150 607 452 431 857 510 207 789 712 449 901 239 421 597 772 788 764 55 310 550 223 480 606 224 664 522 518 978 116 91 428 617 50 879 400 906 388 958 694 452 758 
84 68 442 120 237 48 802 464 330 621 0 594 42 178 542 814 965 657 220 274 206 442 754 163 17 769 685 534 98 152 977 525 769 26 755 520 931 143 477 976 946 234 921 987 411 814 152 727 471 371 1 676 164 106 839 180 226 523 66 323 26 42 847 146 419 601 665 349 95 141 
326 622 585 47 984 601 400 407 666 697 594 0 676 40 726 596 379 488 409 882 215 879 605 567 907 768 24 745 300 249 619 365 571 996 406 417 142 176 369 806 524 464 299 551 855 24 146 233 512 906 467 78 137 71 644 43 838 667 139 137 915 109 853 837 104 258 253 245 785 621 
323 15 549 619 817 51 890 617 830 182 42 676 0 403 308 436 701 210 291 76 355 875 939 613 341 16 749 411 11 791 601 29 281 89 295 389 942 131 492 551 735 89 336 708 843 995 143 543 205 785 970 911 12 261 523 704 628 623 115 639 765 67 19 45 507 314 433 448 796 277 
681 598 59 793 949 681 740 988 448 16 178 40 403 0 351 531 717 686 238 559 680 732 453 236 517 774 147 528 34 21 231 662 644 697 652 408 115 22 453 622 335 237 69 483 865 419 13 933 456 602 491 488 333 295 723 849 69 221 728 102 594 311 115 237 7 766 996 474 788 448 
940 738 483 27 664 684 72 600 759 815 542 726 308 351 0 95 474 37 515 956 253 286 320 186 741 921 676 580 254 971 655 454 391 875 534 492 820 844 959 56 202 76 52 675 215 851 121 689 239 636 996 492 273 668 677 365 940 704 945 193 26 599 999 768 825 884 260 645 727 570 
100 462 443 994 782 988 103 163 502 283 814 596 436 531 95 0 52 280 645 103 307 860 306 427 548 544 414 895 35 686 914 63 51 854 119 995 398 496 945 396 264 769 631 875 765 709 444 817 989 88 919 295 947 224 721 846 120 135 93 506 172 6 569 222 859 39 216 257 534 160 
668 321 477 273 876 464 429 292 81 522 965 379 701 717 474 52 0 4 149 281 987 23 45 695 818 861 683 906 132 329 204 355 50 402 826 536 494 332 707 851 252 929 62 290 496 670 175 8 25 324 288 11 698 684 706 516 545 740 773 676 69 328 382 470 729 208 5 574 539 63 
169 720 552 298 816 753 334 126 144 435 657 488 210 686 37 280 4 0 777 790 343 838 431 839 859 605 198 883 280 485 894 330 520 951 845 64 690 969 91 110 648 473 579 377 32 583 302 570 998 430 711 340 267 141 530 125 97 727 360 729 563 605 58 83 555 254 498 596 222 589 
125 559 606 57 798 239 527 940 299 817 220 409 291 238 515 645 149 777 0 706 221 61 636 949 444 219 251 13 568 680 75 907 299 567 789 775 15 867 134 743 782 90 800 216 996 53 713 592 626 301 649 847 713 284 795 156 854 397 520 773 429 946 32 79 864 820 853 879 38 339 
902 648 923 864 987 564 833 781 652 171 274 882 76 559 956 103 281 790 706 0 621 819 428 773 34 424 177 747 367 155 399 367 353 464 2 147 971 856 896 491 980 324 788 11 754 652 830 606 530 220 296 502 38 724 626 72 499 803 170 865 309 920 583 661 383 584 159 706 791 54 
148 272 808 769 963 363 789 440 13 57 206 215 355 680 253 307 987 343 221 621 0 196 771 729 335 781 482 986 963 440 867 182 735 369 571 810 346 994 308 500 163 524 808 435 458 468 169 42 979 874 832 32 421 954 113 756 87 946 741 401 737 608 582 472 328 504 633 673 498 941 
672 450 939 699 965 194 467 182 887 2 442 879 875 732 286 860 23 838 61 819 196 0 173 660 816 980 446 274 800 615 315 778 488 498 161 909 804 625 664 890 923 756 290 659 363 223 130 42 726 763 715 575 55 239 587 222 570 32 495 369 646 161 498 486 11 11 746 814 635 409 
195 172 337 833 542 165 968 237 757 184 754 605 939 453 320 306 45 431 636 428 771 173 0 55 557 516 696 216 879 270 697 272 347 811 986 922 217 224 508 439 794 891 285 514 537 446 12 374 808 374 119 973 8 879 379 917 394 74 484 624 695 180 896 41 343 233 962 559 809 821 
867 918 112 347 704 731 238 695 118 565 163 567 613 236 186 427 695 839 949 773 729 660 55 0 349 602 712 634 467 600 431 830 973 238 203 443 210 563 321 588 479 66 13 962 42 707 493 289 747 835 521 61 746 329 233 94 282 296 727 749 895 157 930 219 746 133 661 307 695 333 
651 29 553 800 854 643 348 124 170 295 17 907 341 517 741 548 818 859 444 34 335 816 557 349 0 246 525 751 258 486 792 964 978 432 63 165 952 475 910 633 59 3 914 355 82 14 249 590 944 820 688 428 832 994 122 165 240 998 267 497 483 410 813 812 841 227 976 144 53 237 
252 187 580 445 406 590 683 727 986 315 769 768 16 774 921 544 861 605 219 424 781 980 516 602 246 0 776 111 592 690 465 673 55 66 614 998 237 301 425 68 295 898 584 886 895 850 382 729 611 546 893 451 124 868 595 176 457 722 639 48 763 455 72 818 872 685 167 108 338 944 
219 171 27 244 144 229 773 723 302 595 685 24 749 147 676 414 683 198 251 177 482 446 696 712 525 776 0 176 632 841 759 869 88 961 602 168 571 148 60 22 623 280 968 799 736 689 789 135 804 243 206 621 467 890 787 574 227 730 749 210 923 860 78 362 820 32 881 390 179 293 
443 265 403 723 473 734 477 190 174 574 534 745 411 528 580 895 906 883 13 747 986 274 216 634 751 111 176 0 763 153 572 730 303 659 771 91 793 574 686 350 546 152 239 332 77 818 414 826 379 688 37 809 401 856 840 281 597 370 573 360 522 496 89 825 506 211 267 650 784 952 
846 696 107 958 131 248 220 85 756 99 98 300 11 34 254 35 132 280 568 367 963 800 879 467 258 592 632 763 0 999 329 103 590 13 180 407 778 357 137 465 745 945 217 600 136 849 196 505 774 907 379 269 996 203 127 206 469 776 342 773 775 22 227 364 34 758 122 811 466 610 
743 281 644 347 642 823 448 197 570 150 152 249 791 21 971 686 329 485 680 155 440 615 270 600 486 690 841 153 999 0 627 210 907 195 161 42 44 709 899 817 615 277 437 962 831 563 520 651 691 861 423 817 882 2 532 268 759 653 430 225 614 57 434 520 603 947 562 646 655 460 
336 182 672 379 881 141 732 692 727 607 977 619 601 231 655 914 204 894 75 399 867 315 697 431 792 465 759 572 329 627 0 814 269 88 251 231 270 165 750 920 855 962 695 671 195 696 554 462 454 206 892 30 172 300 464 691 902 762 252 900 416 63 713 684 502 963 266 771 480 367 
492 260 823 861 745 128 666 811 865 452 525 365 29 662 454 63 355 330 907 367 182 778 272 830 964 673 869 730 103 210 814 0 691 686 680 737 709 875 432 262 688 237 820 579 267 991 230 82 681 484 843 285 383 258 699 447 293 201 762 911 971 241 277 13 926 957 101 634 183 532 
256 886 550 411 966 557 488 511 1 431 769 571 281 644 391 51 50 520 299 353 735 488 347 973 978 55 88 303 590 907 269 691 0 896 870 769 67 801 35 57 30 468 737 865 310 21 599 567 720 46 211 272 807 121 594 399 750 959 676 706 59 662 240 591 557 109 711 975 909 97 
10 932 503 789 223 14 166 358 143 857 26 996 89 697 875 854 402 951 567 464 369 498 811 238 432 66 961 659 13 195 88 686 896 0 31 291 564 767 507 873 140 106 791 211 503 353 834 309 474 427 59 223 385 734 280 444 395 871 386 303 979 448 277 240 544 307 530 459 426 36 
495 351 382 538 788 179 530 715 683 510 755 406 295 652 534 119 826 845 789 2 571 161 986 203 63 614 602 771 180 161 251 680 870 31 0 683 917 493 825 479 995 177 312 655 2 738 65 224 475 799 855 270 545 725 7 848 56 454 476 295 349 783 176 807 560 563 841 476 56 665 
858 419 39 475 818 420 733 910 498 207 520 417 389 408 492 995 536 64 775 147 810 909 922 443 165 998 168 91 407 42 231 737 769 291 683 0 306 402 841 617 57 843 706 121 418 180 271 625 449 816 701 807 15 756 260 490 50 960 624 225 118 183 140 958 10 195 622 315 596 463 
330 839 962 232 820 205 952 976 115 789 931 142 942 115 820 398 494 690 15 971 346 804 217 210 952 237 571 793 778 44 270 709 67 564 917 306 0 283 4 657 989 477 426 168 747 50 969 914 751 775 928 858 387 770 908 698 393 484 816 928 975 773 289 169 747 956 117 561 238 472 
704 642 755 430 778 1 361 331 829 712 143 176 131 22 844 496 332 969 867 856 994 625 224 563 475 301 148 574 357 709 165 875 801 767 493 402 283 0 217 226 948 642 746 47 44 714 312 794 840 592 651 578 361 910 628 753 746 443 680 720 567 321 241 313 276 709 873 513 180 441 
495 210 774 177 967 615 632 940 973 449 477 369 492 453 959 945 707 91 134 896 308 664 508 321 910 425 60 686 137 899 750 432 35 507 825 841 4 217 0 91 480 83 836 878 478 901 189 271 92 780 273 670 140 535 297 245 632 91 276 703 657 596 295 322 871 3 194 736 183 987 
481 843 1000 607 772 303 19 964 379 901 976 806 551 622 56 396 851 110 743 491 500 890 439 588 633 68 22 350 465 817 920 262 57 873 479 617 657 226 91 0 826 14 421 13 891 898 913 79 520 4 211 792 25 350 678 673 946 309 115 222 364 124 817 658 445 40 661 638 127 195 
175 880 681 947 685 282 204 503 937 239 946 524 735 335 202 264 252 648 782 980 163 923 794 479 59 295 623 546 745 615 855 688 30 140 995 57 989 948 480 826 0 976 952 208 396 316 98 293 580 528 812 583 738 956 960 440 633 984 385 294 99 958 657 574 775 666 18 166 678 7 
578 630 216 297 555 14 434 403 303 421 234 464 89 237 76 769 929 473 90 324 524 756 891 66 3 898 280 152 945 277 962 237 468 106 177 843 477 642 83 14 976 0 292 872 983 595 431 378 910 528 671 489 408 482 423 145 789 734 936 422 70 673 67 520 630 75 93 756 740 110 
158 816 936 5 107 903 419 722 396 597 921 299 336 69 52 631 62 579 800 788 808 290 285 13 914 584 968 239 217 437 695 820 737 791 312 706 426 746 836 421 952 292 0 273 418 116 564 641 450 510 72 828 771 951 850 611 358 683 386 855 472 471 790 245 540 814 311 411 796 385 
849 246 581 565 501 333 445 119 767 772 987 551 708 483 675 875 290 377 216 11 435 659 514 962 355 886 799 332 600 962 671 579 865 211 655 121 168 47 878 13 208 872 273 0 503 551 476 964 176 893 432 91 886 881 601 957 60 371 907 909 334 265 592 719 471 415 541 612 659 81 
258 227 274 89 856 46 525 742 102 788 411 855 843 865 215 765 496 32 996 754 458 363 537 42 82 895 736 77 136 831 195 267 310 503 2 418 747 44 478 891 396 983 418 503 0 426 969 843 221 353 346 123 828 661 298 73 92 741 958 325 341 266 384 63 172 645 748 788 588 466 
98 553 770 383 122 938 842 673 155 764 814 24 995 419 851 709 670 583 53 652 468 223 446 707 14 850 689 818 849 563 696 991 21 353 738 180 50 714 901 898 316 595 116 551 426 0 610 2 7 222 660 439 999 980 281 219 684 978 693 511 991 343 935 434 83 244 758 775 509 494 
300 707 24 910 634 672 547 633 620 55 152 146 143 13 121 444 175 302 713 830 169 130 12 493 249 382 789 414 196 520 554 230 599 834 65 271 969 312 189 913 98 431 564 476 969 610 0 189 33 490 937 172 77 402 782 78 760 3 89 550 1 68 183 571 751 512 615 613 502 309 
277 899 102 361 731 862 305 385 182 310 727 233 543 933 689 817 8 570 592 606 42 42 374 289 590 729 135 826 505 651 462 82 567 309 224 625 914 794 271 79 293 378 641 964 843 2 189 0 900 936 391 143 45 517 4 890 706 388 379 642 559 455 395 692 884 507 46 324 56 398 
618 272 321 681 938 690 175 798 650 550 471 512 205 456 239 989 25 998 626 530 979 726 808 747 944 611 804 379 774 691 454 681 720 474 475 449 751 840 92 520 580 910 450 176 221 7 33 900 0 743 590 968 493 102 935 458 955 243 357 242 986 851 287 502 206 528 207 593 907 200 
424 617 981 966 784 911 425 572 271 223 371 906 785 602 636 88 324 430 301 220 874 763 374 835 820 546 243 688 907 861 206 484 46 427 799 816 775 592 780 4 528 528 510 893 353 222 490 936 743 0 152 713 595 843 949 101 889 272 508 286 15 98 606 859 551 540 316 857 134 24 
178 547 376 576 718 425 138 518 186 480 1 467 970 491 996 919 288 711 649 296 832 715 119 521 688 893 206 37 379 423 892 843 211 59 855 701 928 651 273 211 812 671 72 432 346 660 937 391 590 152 0 99 119 227 737 973 432 264 531 25 522 731 528 235 325 370 535 425 610 806 
765 895 481 801 900 53 315 237 662 606 676 78 911 488 492 295 11 340 847 502 32 575 973 61 428 451 621 809 269 817 30 285 272 223 270 807 858 578 670 792 583 489 828 91 123 439 172 143 968 713 99 0 284 248 172 733 853 31 283 744 698 492 229 74 942 700 300 678 672 731 
448 419 920 665 748 456 243 754 509 224 164 137 12 333 273 947 698 267 713 38 421 55 8 746 832 124 467 401 996 882 172 383 807 385 545 15 387 361 140 25 738 408 771 886 828 999 77 45 493 595 119 284 0 293 202 107 167 932 634 753 608 356 287 32 965 92 668 564 264 400 
724 718 712 760 611 941 457 106 942 664 106 71 261 295 668 224 684 141 284 724 954 239 879 329 994 868 890 856 203 2 300 258 121 734 725 756 770 910 535 350 956 482 951 881 661 980 402 517 102 843 227 248 293 0 416 646 35 511 343 526 92 416 819 791 67 848 462 798 140 15 
983 812 592 147 955 783 904 931 131 522 839 644 523 723 677 721 706 530 795 626 113 587 379 233 122 595 787 840 127 532 464 699 594 280 7 260 908 628 297 678 960 423 850 601 298 281 782 4 935 949 737 172 202 416 0 904 658 947 890 410 554 245 696 938 209 140 605 773 403 356 
98 447 472 816 602 450 591 877 678 518 180 43 704 849 365 846 516 125 156 72 756 222 917 94 165 176 574 281 206 268 691 447 399 444 848 490 698 753 245 673 440 145 611 957 73 219 78 890 458 101 973 733 107 646 904 0 540 400 390 403 94 267 494 510 85 284 928 932 97 725 
976 257 643 556 17 530 139 833 279 978 226 838 628 69 940 120 545 97 854 499 87 570 394 282 240 457 227 597 469 759 902 293 750 395 56 50 393 746 632 946 633 789 358 60 92 684 760 706 955 889 432 853 167 35 658 540 0 424 111 981 81 57 870 843 963 114 538 252 674 677 
553 982 970 742 98 364 28 5 433 116 523 667 623 221 704 135 740 727 397 803 946 32 74 296 998 722 730 370 776 653 762 201 959 871 454 960 484 443 91 309 984 734 683 371 741 978 3 388 243 272 264 31 932 511 947 400 424 0 208 798 431 563 690 830 305 444 276 923 937 137 
892 63 226 890 74 183 67 419 204 91 66 139 115 728 945 93 773 360 520 170 741 495 484 727 267 639 749 573 342 430 252 762 676 386 476 624 816 680 276 115 385 936 386 907 958 693 89 379 357 508 531 283 634 343 890 390 111 208 0 360 572 64 643 668 789 418 130 121 851 187 
173 952 101 865 499 777 358 269 34 428 323 137 639 102 193 506 676 729 773 865 401 369 624 749 497 48 210 360 773 225 900 911 706 303 295 225 928 720 703 222 294 422 855 909 325 511 550 642 242 286 25 744 753 526 410 403 981 798 360 0 342 693 501 455 230 752 480 259 959 630 
295 614 613 88 739 538 475 202 354 617 26 915 765 594 26 172 69 563 429 309 737 646 695 895 483 763 923 522 775 614 416 971 59 979 349 118 975 567 657 364 99 70 472 334 341 991 1 559 986 15 522 698 608 92 554 94 81 431 572 342 0 41 873 319 223 529 762 498 452 50 
227 244 898 268 306 324 150 110 282 50 42 109 67 311 599 6 328 605 946 920 608 161 180 157 410 455 860 496 22 57 63 241 662 448 783 183 773 321 596 124 958 673 471 265 266 343 68 455 851 98 731 492 356 416 245 267 57 563 64 693 41 0 634 163 621 697 805 640 837 223 
16 564 924 725 595 256 375 79 898 879 847 853 19 115 999 569 382 58 32 583 582 498 896 930 813 72 78 89 227 434 713 277 240 277 176 140 289 241 295 817 657 67 790 592 384 935 183 395 287 606 528 229 287 819 696 494 870 690 643 501 873 634 0 769 957 73 307 298 765 807 
902 499 514 499 56 94 963 64 706 400 146 837 45 237 768 222 470 83 79 661 472 486 41 219 812 818 362 825 364 520 684 13 591 240 807 958 169 313 322 658 574 520 245 719 63 434 571 692 502 859 235 74 32 791 938 510 843 830 668 455 319 163 769 0 104 346 910 936 956 220 
237 527 752 408 881 689 315 467 424 906 419 104 507 7 825 859 729 555 864 383 328 11 343 746 841 872 820 506 34 603 502 926 557 544 560 10 747 276 871 445 775 630 540 471 172 83 751 884 206 551 325 942 965 67 209 85 963 305 789 230 223 621 957 104 0 565 997 445 235 219 
510 266 305 263 382 434 905 146 933 388 601 258 314 766 884 39 208 254 820 584 504 11 233 133 227 685 32 211 758 947 963 957 109 307 563 195 956 709 3 40 666 75 814 415 645 244 512 507 528 540 370 700 92 848 140 284 114 444 418 752 529 697 73 346 565 0 973 996 716 776 
111 270 552 325 874 513 47 973 203 958 665 253 433 996 260 216 5 498 853 159 633 746 962 661 976 167 881 267 122 562 266 101 711 530 841 622 117 873 194 661 18 93 311 541 748 758 615 46 207 316 535 300 668 462 605 928 538 276 130 480 762 805 307 910 997 973 0 397 349 938 
918 365 65 991 700 246 618 794 891 694 349 245 448 474 645 257 574 596 879 706 673 814 559 307 144 108 390 650 811 646 771 634 975 459 476 315 561 513 736 638 166 756 411 612 788 775 613 324 593 857 425 678 564 798 773 932 252 923 121 259 498 640 298 936 445 996 397 0 17 45 
565 907 411 692 512 435 265 476 761 452 95 785 796 788 727 534 539 222 38 791 498 635 809 695 53 338 179 784 466 655 480 183 909 426 56 596 238 180 183 127 678 740 796 659 588 509 502 56 907 134 610 672 264 140 403 97 674 937 851 959 452 837 765 956 235 716 349 17 0 743 
605 479 326 501 192 479 679 912 528 758 141 621 277 448 570 160 63 589 339 54 941 409 821 333 237 944 293 952 610 460 367 532 97 36 665 463 472 441 987 195 7 110 385 81 466 494 309 398 200 24 806 731 400 15 356 725 677 137 187 630 50 223 807 220 219 776 938 45 743 0 
