80
0 893 392 537 601 966 33 291 499 721 188 877 266 938 736 381 107 568 610 927 686 915 96 753 784 412 196 823 744 955 716 15 199 107 552 151 424 936 442 923 8 629 151 273 919 886 5 25 805 614 951 491 881 398 595 664 809 143 486 552 97 553 919 296 659 822 446 435 757 887 357 116 868 507 388 786 744 392 810 549 
893 0 358 112 391 238 510 337 253 318 479 90 222 576 642 140 223 652 961 668 86 69 907 794 184 774 652 923 559 396 314 368 296 23 831 38 612 340 374 864 658 205 953 231 132 946 370 354 598 682 373 35 750 631 829 933 404 480 855 314 227 520 33 522 895 864 911 506 203 637 370 212 841 674 442 324 620 163 29 569 
392 358 0 844 401 603 945 32 431 229 787 263 435 101 489 955 485 363 201 348 273 706 551 909 427 114 101 101 908 424 72 70 452 640 266 205 594 562 588 377 791 374 639 225 826 127 531 311 841 731 10 466 437 912 374 863 26 827 315 933 602 386 354 406 377 971 610 971 533 549 347 323 274 337 899 100 463 430 762 656 
537 112 844 0 160 771 121 948 683 846 163 60 672 829 992 626 215 697 31 943 668 640 913 200 188 611 874 461 947 772 912 762 553 25 417 65 148 537 364 182 734 526 241 406 355 584 31 921 280 61 863 299 52 128 850 591 90 723 403 389 847 667 150 399 691 918 463 838 806 827 19 539 704 611 296 410 546 678 330 178 
601 391 401 160 0 90 545 476 493 24 326 83 113 400 486 501 246 504 2 997 194 919 459 32 724 637 402 615 341 365 910 102 910 940 432 87 29 328 915 522 351 592 956 463 991 793 316 589 296 317 585 490 588 395 873 663 32 626 277 724 990 539 825 252 478 608 690 858 935 604 731 285 195 687 100 186 479 415 126 775 
966 238 603 771 90 0 83 710 616 670 104 488 333 487 465 609 210 807 499 387 58 328 346 747 186 281 703 916 917 897 602 16 434 433 782 559 559 865 268 174 886 724 13 218 210 477 179 772 635 677 510 692 5 855 791 542 487 493 809 404 741 411 771 527 195 905 85 753 121 705 926 6 780 290 224 989 118 402 112 753 
33 510 945 121 545 83 0 430 621 796 786 828 586 327 314 430 136 69 171 898 192 49 92 96 133 196 216 189 121 221 968 410 796 309 879 197 420 631 979 393 427 764 220 364 443 885 794 930 954 316 827 145 364 270 592 848 465 807 37 937 379 356 698 175 664 576 723 84 207 701 476 985 817 47 348 611 931 493 540 884 
291 337 32 948 476 710 430 0 808 718 380 523 987 971 371 803 129 759 91 508 114 788 682 778 715 404 213 273 457 40 257 625 86 605 235 368 97 774 604 257 491 983 131 829 306 501 631 434 611 73 941 725 860 974 854 926 730 418 199 186 457 455 810 894 411 44 261 860 169 864 468 659 199 598 839 504 99 821 289 61 
499 253 431 683 493 616 621 808 0 893 230 137 104 555 342 29 284 759 227 821 567 34 630 460 444 25 73 655 193 288 122 203 486 720 41 341 170 861 630 230 753 211 367 856 765 60 237 49 819 463 869 385 496 851 197 292 227 269 946 420 556 420 974 394 139 15 734 660 227 363 241 332 573 959 539 338 19 775 738 837 
721 318 229 846 24 670 796 718 893 0 238 958 573 85 808 769 376 35 389 674 806 297 93 779 690 583 145 423 594 724 138 834 55 710 793 593 399 811 720 488 999 309 446 571 393 605 340 121 639 80 146 796 376 590 927 65 524 71 840 117 146 977 950 200 686 94 145 437 904 216 924 902 524 369 473 916 326 164 388 964 
188 479 787 163 326 104 786 380 230 238 0 243 533 112 971 474 38 35 997 460 226 113 606 202 415 157 240 508 301 676 412 516 951 665 391 672 489 659 997 652 46 312 247 931 423 569 404 460 955 401 272 181 865 877 382 279 33 621 139 686 648 902 553 599 566 944 270 55 602 266 58 999 577 656 929 352 224 685 811 531 
877 90 263 60 83 488 828 523 137 958 243 0 437 82 711 653 310 444 284 695 65 422 380 64 323 284 662 888 579 283 294 532 900 352 883 829 359 163 180 935 847 990 465 635 424 175 288 733 618 571 779 34 992 158 98 314 794 111 553 724 394 847 256 645 550 138 473 260 300 652 194 499 994 10 133 417 536 420 501 154 
266 222 435 672 113 333 586 987 104 573 533 437 0 342 280 539 333 789 988 998 934 99 903 658 844 101 265 488 2 754 313 261 405 964 807 255 957 816 388 725 352 159 578 857 501 209 747 185 349 735 535 283 185 789 292 380 241 908 219 242 661 531 854 417 847 12 672 155 828 59 232 531 569 809 739 421 369 837 958 69 
938 576 101 829 400 487 327 971 555 85 112 82 342 0 571 844 703 107 632 994 838 872 901 57 465 913 939 318 330 785 330 1 940 509 411 171 391 331 331 481 752 51 317 709 119 888 904 822 346 535 815 184 758 68 592 222 332 530 539 661 315 220 13 606 728 775 776 470 106 458 950 857 508 267 917 626 506 820 447 851 
736 642 489 992 486 465 314 371 342 808 971 711 280 571 0 706 614 386 463 33 977 36 364 507 926 377 173 146 389 778 225 164 905 695 269 362 996 477 221 262 745 846 119 564 645 322 621 610 707 83 642 36 470 357 542 395 733 66 540 122 843 117 637 99 163 257 460 158 85 680 420 829 877 538 744 521 211 364 482 918 
381 140 955 626 501 609 430 803 29 769 474 653 539 844 706 0 798 123 953 267 480 846 661 212 911 553 685 105 669 673 203 831 281 14 340 365 45 111 193 921 1 936 794 211 651 275 128 800 750 432 66 229 629 79 792 539 983 829 995 3 853 549 833 134 914 172 498 958 283 691 231 283 978 376 845 981 2 973 780 751 
107 223 485 215 246 210 136 129 284 376 38 310 333 703 614 798 0 404 198 331 33 628 475 923 610 303 270 612 155 170 796 288 84 319 138 393 953 180 975 587 157 702 432 489 704 404 269 454 159 818 137 543 445 611 818 54 265 439 665 771 608 812 411 43 130 548 788 83 727 114 669 235 816 100 724 519 855 344 324 14 
568 652 363 697 504 807 69 759 759 35 35 444 789 107 386 123 404 0 161 812 908 605 422 77 658 38 515 674 809 475 485 219 869 966 118 656 48 844 122 717 430 937 168 505 807 23 848 482 388 8 294 295 964 67 724 973 105 238 998 265 712 482 835 581 448 952 588 847 147 709 563 576 997 83 81 155 105 280 637 844 
610 961 201 31 2 499 171 91 227 389 997 284 988 632 463 953 198 161 0 640 282 490 603 700 213 576 156 451 573 420 514 407 254 94 206 205 34 52 351 94 967 279 91 49 711 245 505 990 233 348 629 514 837 232 214 402 159 369 852 731 141 365 489 394 811 46 951 196 98 301 289 416 931 379 816 641 624 672 631 856 
927 668 348 943 997 387 898 508 821 674 460 695 998 994 33 267 331 812 640 0 19 259 722 207 842 287 608 1000 7 811 83 147 528 571 541 690 617 491 885 66 143 173 833 426 552 648 66 527 319 696 734 689 307 807 247 148 93 207 148 100 369 582 598 896 504 490 585 472 980 469 537 475 994 721 900 545 368 317 423 38 
686 86 273 668 194 58 192 114 567 806 226 65 934 838 977 480 33 908 282 19 0 13 156 78 671 315 325 818 407 883 317 858 251 898 456 499 402 945 83 873 277 904 762 103 897 482 354 793 202 670 215 239 34 722 317 704 388 993 522 795 875 838 4 477 88 811 975 841 108 410 713 384 313 826 838 561 308 191 353 861 
915 69 706 640 919 328 49 788 34 297 113 422 99 872 36 846 628 605 490 259 13 0 212 919 99 246 992 767 949 380 111 822 526 337 12 529 814 99 692 140 939 799 549 3 182 213 829 371 125 488 561 477 348 124 747 798 369 91 917 670 470 27 843 347 364 854 227 529 304 918 20 594 716 569 949 249 133 777 619 258 
96 907 551 913 459 346 92 682 630 93 606 380 903 901 364 661 475 422 603 722 156 212 0 616 531 86 315 655 833 112 375 275 380 44 96 407 239 442 122 92 668 2 748 586 21 341 653 941 289 902 74 417 520 331 384 51 768 698 57 952 162 431 226 541 827 321 299 65 114 420 156 782 773 255 719 146 596 371 86 236 
753 794 909 200 32 747 96 778 460 779 202 64 658 57 507 212 923 77 700 207 78 919 616 0 624 159 5 144 841 388 546 609 86 602 560 599 32 138 139 210 458 438 274 572 209 782 705 982 36 775 127 983 497 564 219 121 75 575 264 267 962 161 875 399 762 787 997 145 924 136 707 733 925 980 656 133 113 360 466 501 
784 184 427 188 724 186 133 715 444 690 415 323 844 465 926 911 610 658 213 842 671 99 531 624 0 486 944 483 983 508 53 103 934 627 718 200 941 878 427 339 991 213 336 487 488 823 193 572 99 525 228 583 637 939 49 137 425 344 972 759 203 24 861 136 3 930 336 943 159 114 281 149 678 968 987 165 142 180 88 240 
412 774 114 611 637 281 196 404 25 583 157 284 101 913 377 553 303 38 576 287 315 246 86 159 486 0 56 667 823 692 958 223 181 734 566 152 492 121 527 704 256 529 633 943 471 791 56 752 291 733 71 277 249 213 456 689 452 511 355 274 555 312 848 87 45 766 238 888 886 764 591 493 293 223 436 115 13 843 866 303 
196 652 101 874 402 703 216 213 73 145 240 662 265 939 173 685 270 515 156 608 325 992 315 5 944 56 0 928 289 580 528 501 387 216 952 250 923 578 156 234 777 242 631 542 479 518 427 594 109 920 238 331 707 353 696 901 570 350 828 858 281 708 358 668 923 662 269 845 591 424 431 367 17 61 909 847 930 335 440 38 
823 923 101 461 615 916 189 273 655 423 508 888 488 318 146 105 612 674 451 1000 818 767 655 144 483 667 928 0 606 30 721 312 382 768 565 303 117 392 161 398 99 870 417 374 883 37 570 473 812 1000 192 828 412 100 674 342 786 113 731 744 494 803 55 875 570 619 178 39 363 690 788 813 911 556 538 794 592 108 266 403 
744 559 908 947 341 917 121 457 193 594 301 579 2 330 389 669 155 809 573 7 407 949 833 841 983 823 289 606 0 459 457 230 223 908 903 564 46 367 646 789 861 449 195 87 370 166 616 760 880 657 547 692 568 102 582 361 693 689 626 447 499 435 28 721 694 930 636 739 649 282 879 861 82 74 299 803 239 915 563 118 
955 396 424 772 365 897 221 40 288 724 676 283 754 785 778 673 170 475 420 811 883 380 112 388 508 692 580 30 459 0 571 461 161 138 563 742 850 607 782 828 406 281 614 433 1 307 715 989 398 715 270 276 575 703 349 225 857 939 139 419 408 62 232 569 551 794 662 401 752 444 228 509 76 193 942 428 499 656 416 896 
716 314 72 912 910 602 968 257 122 138 412 294 313 330 225 203 796 485 514 83 317 111 375 546 53 958 528 721 457 571 0 370 37 524 296 739 224 520 596 163 11 366 922 424 597 490 326 742 152 78 846 947 657 354 22 849 295 801 348 302 217 595 23 253 470 670 344 694 190 291 208 552 8 129 327 957 619 652 698 122 
15 368 70 762 102 16 410 625 203 834 516 532 261 1 164 831 288 219 407 147 858 822 275 609 103 223 501 312 230 461 370 0 730 895 420 386 249 793 587 895 593 286 549 161 880 571 766 350 241 109 395 782 751 602 685 758 730 11 66 700 662 764 173 743 10 592 481 610 736 67 857 329 352 405 841 583 327 606 284 567 
199 296 452 553 910 434 796 86 486 55 951 900 405 940 905 281 84 869 254 528 251 526 380 86 934 181 387 382 223 161 37 730 0 714 678 700 816 279 384 574 361 394 639 60 408 754 585 502 116 528 982 725 264 400 581 944 103 985 784 686 312 390 321 230 455 999 282 271 629 665 196 989 411 186 401 170 292 985 671 407 
107 23 640 25 940 433 309 605 720 710 665 352 964 509 695 14 319 966 94 571 898 337 44 602 627 734 216 768 908 138 524 895 714 0 512 653 483 127 404 64 70 507 400 854 544 63 595 864 645 401 214 926 671 843 942 218 183 704 756 583 873 47 919 544 805 431 548 287 557 951 702 979 809 454 184 704 868 778 920 864 
552 831 266 417 432 782 879 235 41 793 391 883 807 411 269 340 138 118 206 541 456 12 96 560 718 566 952 565 903 563 296 420 678 512 0 178 133 141 201 327 83 418 510 138 173 444 11 571 363 554 375 145 453 14 701 403 67 31 564 872 214 267 92 343 186 955 873 671 448 73 997 882 842 858 19 367 302 29 937 16 
151 38 205 65 87 559 197 368 341 593 672 829 255 171 362 365 393 656 205 690 499 529 407 599 200 152 250 303 564 742 739 386 700 653 178 0 934 664 160 386 29 212 141 447 243 704 671 456 322 762 151 860 68 23 530 515 95 878 396 288 88 415 654 741 795 943 756 729 958 267 114 338 478 254 784 72 309 806 880 631 
424 612 594 148 29 559 420 97 170 399 489 359 957 391 996 45 953 48 34 617 402 814 239 32 941 492 923 117 46 850 224 249 816 483 133 934 0 567 30 490 987 52 371 501 498 600 249 785 39 663 791 779 457 85 886 537 42 152 651 731 982 904 866 53 213 672 932 195 238 313 36 576 364 406 77 213 357 325 998 396 
936 340 562 537 328 865 631 774 861 811 659 163 816 331 477 111 180 844 52 491 945 99 442 138 878 121 578 392 367 607 520 793 279 127 141 664 567 0 339 140 526 147 224 764 684 617 267 334 347 248 589 212 653 153 883 936 347 473 249 382 48 612 139 476 177 496 800 526 243 490 665 120 637 240 235 320 856 502 5 554 
442 374 588 364 915 268 979 604 630 720 997 180 388 331 221 193 975 122 351 885 83 692 122 139 427 527 156 161 646 782 596 587 384 404 201 160 30 339 0 749 593 765 753 746 1000 689 92 824 937 826 223 900 964 51 76 811 202 601 405 692 617 877 328 856 111 999 63 612 3 968 713 595 85 465 692 84 153 784 259 441 
923 864 377 182 522 174 393 257 230 488 652 935 725 481 262 921 587 717 94 66 873 140 92 210 339 704 234 398 789 828 163 895 574 64 327 386 490 140 749 0 961 833 341 924 883 768 87 85 721 843 776 337 719 455 545 830 453 959 793 807 927 505 401 11 970 93 446 474 228 56 915 540 888 607 815 123 374 901 207 94 
8 658 791 734 351 886 427 491 753 999 46 847 352 752 745 1 157 430 967 143 277 939 668 458 991 256 777 99 861 406 11 593 361 70 83 29 987 526 593 961 0 744 334 783 814 788 327 995 592 637 788 398 563 292 150 925 613 242 370 87 821 777 353 360 665 959 175 787 684 427 345 778 522 678 560 688 817 238 682 408 
629 205 374 526 592 724 764 983 211 309 312 990 159 51 846 936 702 937 279 173 904 799 2 438 213 529 242 870 449 281 366 286 394 507 418 212 52 147 765 833 744 0 874 469 805 789 761 954 713 725 548 435 163 720 211 515 432 227 825 958 365 509 384 709 286 258 738 197 945 554 786 626 961 659 447 117 799 559 423 864 
151 953 639 241 956 13 220 131 367 446 247 465 578 317 119 794 432 168 91 833 762 549 748 274 336 633 631 417 195 614 922 549 639 400 510 141 371 224 753 341 334 874 0 283 322 650 446 41 212 312 472 439 137 429 155 645 165 216 282 422 953 478 718 859 615 343 171 625 141 640 424 699 62 287 982 383 936 779 775 499 
273 231 225 406 463 218 364 829 856 571 931 635 857 709 564 211 489 505 49 426 103 3 586 572 487 943 542 374 87 433 424 161 60 854 138 447 501 764 746 924 783 469 283 0 90 599 937 226 27 444 222 543 659 503 316 963 332 33 173 946 728 344 571 868 983 346 567 396 984 900 130 271 678 904 769 767 854 58 993 233 
919 132 826 355 991 210 443 306 765 393 423 424 501 119 645 651 704 807 711 552 897 182 21 209 488 471 479 883 370 1 597 880 408 544 173 243 498 684 1000 883 814 805 322 90 0 501 214 775 511 69 91 825 400 123 998 698 850 341 620 70 675 965 636 70 300 535 551 570 212 806 338 330 660 395 322 892 247 888 18 757 
886 946 127 584 793 477 885 501 60 605 569 175 209 888 322 275 404 23 245 648 482 213 341 782 823 791 518 37 166 307 490 571 754 63 444 704 600 617 689 768 788 789 650 599 501 0 308 108 582 59 583 579 756 432 271 727 853 945 691 840 366 990 374 268 911 937 73 249 267 84 995 940 975 242 179 993 998 486 452 931 
5 370 531 31 316 179 794 631 237 340 404 288 747 904 621 128 269 848 505 66 354 829 653 705 193 56 427 570 616 715 326 766 585 595 11 671 249 267 92 87 327 761 446 937 214 308 0 897 34 509 652 818 779 731 670 75 773 510 792 115 235 59 25 524 484 273 142 567 620 433 894 861 612 886 210 449 689 141 345 723 
25 354 311 921 589 772 930 434 49 121 460 733 185 822 610 800 454 482 990 527 793 371 941 982 572 752 594 473 760 989 742 350 502 864 571 456 785 334 824 85 995 954 41 226 775 108 897 0 1 349 540 132 79 561 206 203 422 350 317 657 408 342 532 891 966 673 810 585 105 703 797 716 940 7 517 628 499 213 350 499 
805 598 841 280 296 635 954 611 819 639 955 618 349 346 707 750 159 388 233 319 202 125 289 36 99 291 109 812 880 398 152 241 116 645 363 322 39 347 937 721 592 713 212 27 511 582 34 1 0 913 241 982 991 154 188 546 575 889 862 583 648 203 114 891 521 786 700 457 891 402 254 958 341 612 474 320 462 39 22 312 
614 682 731 61 317 677 316 73 463 80 401 571 735 535 83 432 818 8 348 696 670 488 902 775 525 733 920 1000 657 715 78 109 528 401 554 762 663 248 826 843 637 725 312 444 69 59 509 349 913 0 951 262 294 294 415 481 839 342 721 700 924 368 255 38 258 775 823 957 231 65 710 836 23 402 799 848 722 260 238 743 
951 373 10 863 585 510 827 941 869 146 272 779 535 815 642 66 137 294 629 734 215 561 74 127 228 71 238 192 547 270 846 395 982 214 375 151 791 589 223 776 788 548 472 222 91 583 652 540 241 951 0 572 189 356 865 482 123 697 320 464 417 371 387 136 977 776 394 751 951 702 334 15 412 521 389 165 320 237 886 931 
491 35 466 299 490 692 145 725 385 796 181 34 283 184 36 229 543 295 514 689 239 477 417 983 583 277 331 828 692 276 947 782 725 926 145 860 779 212 900 337 398 435 439 543 825 579 818 132 982 262 572 0 826 980 502 14 336 718 495 458 414 166 921 182 889 659 318 865 435 63 968 385 764 653 751 527 173 140 692 844 
881 750 437 52 588 5 364 860 496 376 865 992 185 758 470 629 445 964 837 307 34 348 520 497 637 249 707 412 568 575 657 751 264 671 453 68 457 653 964 719 563 163 137 659 400 756 779 79 991 294 189 826 0 728 929 775 553 909 628 567 244 346 413 701 759 931 973 293 171 983 610 35 769 672 354 505 787 6 256 314 
398 631 912 128 395 855 270 974 851 590 877 158 789 68 357 79 611 67 232 807 722 124 331 564 939 213 353 100 102 703 354 602 400 843 14 23 85 153 51 455 292 720 429 503 123 432 731 561 154 294 356 980 728 0 531 395 357 374 474 285 148 26 545 128 944 788 473 709 840 583 639 164 875 809 147 484 195 915 507 549 
595 829 374 850 873 791 592 854 197 927 382 98 292 592 542 792 818 724 214 247 317 747 384 219 49 456 696 674 582 349 22 685 581 942 701 530 886 883 76 545 150 211 155 316 998 271 670 206 188 415 865 502 929 531 0 772 294 906 27 607 436 773 315 810 246 599 309 623 496 436 567 283 260 627 475 843 265 638 717 425 
664 933 863 591 663 542 848 926 292 65 279 314 380 222 395 539 54 973 402 148 704 798 51 121 137 689 901 342 361 225 849 758 944 218 403 515 537 936 811 830 925 515 645 963 698 727 75 203 546 481 482 14 775 395 772 0 136 201 971 403 59 519 174 352 425 552 310 212 324 624 373 921 575 682 543 70 469 461 704 729 
809 404 26 90 32 487 465 730 227 524 33 794 241 332 733 983 265 105 159 93 388 369 768 75 425 452 570 786 693 857 295 730 103 183 67 95 42 347 202 453 613 432 165 332 850 853 773 422 575 839 123 336 553 357 294 136 0 87 530 571 703 168 639 479 655 191 450 409 250 320 582 953 96 133 263 308 808 238 680 80 
143 480 827 723 626 493 807 418 269 71 621 111 908 530 66 829 439 238 369 207 993 91 698 575 344 511 350 113 689 939 801 11 985 704 31 878 152 473 601 959 242 227 216 33 341 945 510 350 889 342 697 718 909 374 906 201 87 0 164 713 975 585 534 787 641 614 874 170 536 928 689 174 759 344 365 208 752 966 879 686 
486 855 315 403 277 809 37 199 946 840 139 553 219 539 540 995 665 998 852 148 522 917 57 264 972 355 828 731 626 139 348 66 784 756 564 396 651 249 405 793 370 825 282 173 620 691 792 317 862 721 320 495 628 474 27 971 530 164 0 918 975 170 532 634 330 122 313 409 285 378 383 222 263 170 862 876 395 383 411 674 
552 314 933 389 724 404 937 186 420 117 686 724 242 661 122 3 771 265 731 100 795 670 952 267 759 274 858 744 447 419 302 700 686 583 872 288 731 382 692 807 87 958 422 946 70 840 115 657 583 700 464 458 567 285 607 403 571 713 918 0 72 936 432 767 652 991 870 617 870 907 887 196 77 418 829 758 891 493 166 528 
97 227 602 847 990 741 379 457 556 146 648 394 661 315 843 853 608 712 141 369 875 470 162 962 203 555 281 494 499 408 217 662 312 873 214 88 982 48 617 927 821 365 953 728 675 366 235 408 648 924 417 414 244 148 436 59 703 975 975 72 0 870 549 749 132 70 962 359 464 696 121 489 767 57 921 885 60 911 107 29 
553 520 386 667 539 411 356 455 420 977 902 847 531 220 117 549 812 482 365 582 838 27 431 161 24 312 708 803 435 62 595 764 390 47 267 415 904 612 877 505 777 509 478 344 965 990 59 342 203 368 371 166 346 26 773 519 168 585 170 936 870 0 132 13 915 327 441 684 155 198 927 648 716 454 869 264 202 353 685 515 
919 33 354 150 825 771 698 810 974 950 553 256 854 13 637 833 411 835 489 598 4 843 226 875 861 848 358 55 28 232 23 173 321 919 92 654 866 139 328 401 353 384 718 571 636 374 25 532 114 255 387 921 413 545 315 174 639 534 532 432 549 132 0 711 500 210 184 988 329 240 908 565 651 171 671 679 654 36 945 981 
296 522 406 399 252 527 175 894 394 200 599 645 417 606 99 134 43 581 394 896 477 347 541 399 136 87 668 875 721 569 253 743 230 544 343 741 53 476 856 11 360 709 859 868 70 268 524 891 891 38 136 182 701 128 810 352 479 787 634 767 749 13 711 0 828 981 487 26 907 486 741 360 355 356 913 59 392 779 769 891 
659 895 377 691 478 195 664 411 139 686 566 550 847 728 163 914 130 448 811 504 88 364 827 762 3 45 923 570 694 551 470 10 455 805 186 795 213 177 111 970 665 286 615 983 300 911 484 966 521 258 977 889 759 944 246 425 655 641 330 652 132 915 500 828 0 988 952 878 668 543 138 233 194 308 255 224 961 290 521 293 
822 864 971 918 608 905 576 44 15 94 944 138 12 775 257 172 548 952 46 490 811 854 321 787 930 766 662 619 930 794 670 592 999 431 955 943 672 496 999 93 959 258 343 346 535 937 273 673 786 775 776 659 931 788 599 552 191 614 122 991 70 327 210 981 988 0 118 501 780 495 759 265 587 118 971 294 382 29 685 160 
446 911 610 463 690 85 723 261 734 145 270 473 672 776 460 498 788 588 951 585 975 227 299 997 336 238 269 178 636 662 344 481 282 548 873 756 932 800 63 446 175 738 171 567 551 73 142 810 700 823 394 318 973 473 309 310 450 874 313 870 962 441 184 487 952 118 0 150 575 499 453 804 167 996 941 399 541 600 653 116 
435 506 971 838 858 753 84 860 660 437 55 260 155 470 158 958 83 847 196 472 841 529 65 145 943 888 845 39 739 401 694 610 271 287 671 729 195 526 612 474 787 197 625 396 570 249 567 585 457 957 751 865 293 709 623 212 409 170 409 617 359 684 988 26 878 501 150 0 913 295 636 205 764 488 336 610 246 953 196 715 
757 203 533 806 935 121 207 169 227 904 602 300 828 106 85 283 727 147 98 980 108 304 114 924 159 886 591 363 649 752 190 736 629 557 448 958 238 243 3 228 684 945 141 984 212 267 620 105 891 231 951 435 171 840 496 324 250 536 285 870 464 155 329 907 668 780 575 913 0 923 841 96 304 877 607 453 451 106 905 606 
887 637 549 827 604 705 701 864 363 216 266 652 59 458 680 691 114 709 301 469 410 918 420 136 114 764 424 690 282 444 291 67 665 951 73 267 313 490 968 56 427 554 640 900 806 84 433 703 402 65 702 63 983 583 436 624 320 928 378 907 696 198 240 486 543 495 499 295 923 0 272 252 547 670 144 146 674 260 58 320 
357 370 347 19 731 926 476 468 241 924 58 194 232 950 420 231 669 563 289 537 713 20 156 707 281 591 431 788 879 228 208 857 196 702 997 114 36 665 713 915 345 786 424 130 338 995 894 797 254 710 334 968 610 639 567 373 582 689 383 887 121 927 908 741 138 759 453 636 841 272 0 247 615 83 735 950 692 980 254 239 
116 212 323 539 285 6 985 659 332 902 999 499 531 857 829 283 235 576 416 475 384 594 782 733 149 493 367 813 861 509 552 329 989 979 882 338 576 120 595 540 778 626 699 271 330 940 861 716 958 836 15 385 35 164 283 921 953 174 222 196 489 648 565 360 233 265 804 205 96 252 247 0 695 529 431 142 832 307 749 636 
868 841 274 704 195 780 817 199 573 524 577 994 569 508 877 978 816 997 931 994 313 716 773 925 678 293 17 911 82 76 8 352 411 809 842 478 364 637 85 888 522 961 62 678 660 975 612 940 341 23 412 764 769 875 260 575 96 759 263 77 767 716 651 355 194 587 167 764 304 547 615 695 0 109 854 892 715 477 496 613 
507 674 337 611 687 290 47 598 959 369 656 10 809 267 538 376 100 83 379 721 826 569 255 980 968 223 61 556 74 193 129 405 186 454 858 254 406 240 465 607 678 659 287 904 395 242 886 7 612 402 521 653 672 809 627 682 133 344 170 418 57 454 171 356 308 118 996 488 877 670 83 529 109 0 498 639 110 171 250 168 
388 442 899 296 100 224 348 839 539 473 929 133 739 917 744 845 724 81 816 900 838 949 719 656 987 436 909 538 299 942 327 841 401 184 19 784 77 235 692 815 560 447 982 769 322 179 210 517 474 799 389 751 354 147 475 543 263 365 862 829 921 869 671 913 255 971 941 336 607 144 735 431 854 498 0 491 497 134 925 231 
786 324 100 410 186 989 611 504 338 916 352 417 421 626 521 981 519 155 641 545 561 249 146 133 165 115 847 794 803 428 957 583 170 704 367 72 213 320 84 123 688 117 383 767 892 993 449 628 320 848 165 527 505 484 843 70 308 208 876 758 885 264 679 59 224 294 399 610 453 146 950 142 892 639 491 0 435 969 562 689 
744 620 463 546 479 118 931 99 19 326 224 536 369 506 211 2 855 105 624 368 308 133 596 113 142 13 930 592 239 499 619 327 292 868 302 309 357 856 153 374 817 799 936 854 247 998 689 499 462 722 320 173 787 195 265 469 808 752 395 891 60 202 654 392 961 382 541 246 451 674 692 832 715 110 497 435 0 559 608 569 
392 163 430 678 415 402 493 821 775 164 685 420 837 820 364 973 344 280 672 317 191 777 371 360 180 843 335 108 915 656 652 606 985 778 29 806 325 502 784 901 238 559 779 58 888 486 141 213 39 260 237 140 6 915 638 461 238 966 383 493 911 353 36 779 290 29 600 953 106 260 980 307 477 171 134 969 559 0 990 750 
810 29 762 330 126 112 540 289 738 388 811 501 958 447 482 780 324 637 631 423 353 619 86 466 88 866 440 266 563 416 698 284 671 920 937 880 998 5 259 207 682 423 775 993 18 452 345 350 22 238 886 692 256 507 717 704 680 879 411 166 107 685 945 769 521 685 653 196 905 58 254 749 496 250 925 562 608 990 0 400 
549 569 656 178 775 753 884 61 837 964 531 154 69 851 918 751 14 844 856 38 861 258 236 501 240 303 38 403 118 896 122 567 407 864 16 631 396 554 441 94 408 864 499 233 757 931 723 499 312 743 931 844 314 549 425 729 80 686 674 528 29 515 981 891 293 160 116 715 606 320 239 636 613 168 231 689 569 750 400 0 
