100
0 91 74 100 41 43 30 86 30 93 12 81 27 94 86 63 19 5 62 25 45 82 6 29 98 50 96 62 68 77 10 55 67 83 54 59 77 35 45 59 27 56 39 5 1 24 67 19 81 81 44 25 14 1 53 12 2 100 25 69 76 34 75 42 68 29 52 45 63 96 3 42 3 93 98 4 16 17 22 96 97 17 72 10 18 76 73 19 75 50 40 50 83 14 43 3 94 95 99 9 
91 0 42 53 2 45 45 99 100 12 15 73 8 63 90 79 25 59 7 97 29 81 46 20 31 81 86 73 35 31 19 33 39 61 85 40 57 81 91 56 92 57 28 99 20 69 30 96 27 88 92 8 68 90 27 50 22 12 75 56 43 93 40 33 5 76 25 61 56 15 68 47 71 96 98 42 64 79 37 43 66 81 50 85 22 28 35 43 92 9 50 86 1 41 18 58 16 42 18 23 
74 42 0 8 86 21 31 33 70 24 48 100 61 90 65 93 91 2 14 71 36 8 62 44 9 47 96 49 16 5 16 10 23 38 17 60 10 99 92 80 23 91 79 35 33 96 27 23 97 40 93 84 99 6 79 7 52 74 7 20 79 22 29 53 11 97 64 20 96 7 51 18 97 30 52 29 77 78 4 73 69 48 8 67 54 86 25 57 11 83 76 89 4 4 93 66 1 56 37 48 
100 53 8 0 14 88 65 11 69 16 39 97 45 42 21 65 90 28 83 95 13 7 51 23 89 79 64 44 34 56 61 34 64 97 33 77 36 97 39 56 64 78 52 60 71 72 24 12 99 6 6 11 64 9 86 4 87 49 47 20 4 59 6 19 8 38 48 43 87 86 51 50 15 54 10 38 26 85 49 76 91 7 39 6 67 24 10 53 72 8 24 27 67 81 46 74 19 45 68 57 
41 2 86 14 0 30 18 6 97 24 67 34 49 52 82 24 94 40 14 99 6 37 60 10 8 68 34 87 86 66 32 59 36 28 78 92 9 48 50 5 71 16 38 71 19 72 94 64 11 60 15 69 96 74 78 56 93 63 42 78 29 25 88 64 52 66 56 60 13 57 65 35 72 54 5 43 25 50 58 36 9 72 4 5 98 33 12 42 48 53 20 76 29 7 91 80 24 98 91 88 
43 45 21 88 30 0 54 55 22 78 61 26 72 85 28 29 72 36 53 27 92 2 60 3 43 7 7 62 34 35 21 24 66 96 74 57 84 27 63 57 4 23 83 75 8 62 56 79 97 8 6 41 9 17 43 51 75 2 65 8 36 37 83 2 32 56 10 15 83 72 24 38 95 58 65 54 19 20 84 15 27 41 7 35 57 50 37 31 3 53 38 90 89 73 91 21 28 52 87 62 
30 45 31 65 18 54 0 24 10 100 70 19 64 75 37 83 58 4 61 99 10 47 7 11 35 38 13 88 27 3 76 99 45 48 79 97 87 40 72 48 91 93 67 6 67 55 40 76 58 100 26 68 46 33 78 33 70 91 20 48 45 47 47 89 47 77 37 85 16 8 32 59 100 50 64 18 5 4 94 14 3 19 81 1 51 59 33 72 1 4 20 45 50 18 85 96 46 22 32 13 
86 99 33 11 6 55 24 0 81 64 71 81 65 35 50 21 38 95 35 92 66 67 44 68 77 28 40 77 31 11 73 33 80 58 80 25 31 12 89 11 27 60 43 43 94 45 64 83 39 50 26 4 16 22 72 93 49 63 21 32 73 94 64 4 3 43 80 85 6 68 47 32 79 90 75 72 34 90 6 24 39 84 28 54 5 99 98 53 61 19 84 85 64 99 40 18 94 19 54 99 
30 100 70 69 97 22 10 81 0 38 100 83 17 89 57 40 74 46 98 98 36 81 25 41 85 75 91 89 87 9 25 23 24 23 62 93 16 32 46 67 21 45 49 89 86 57 29 59 54 26 56 89 58 32 81 94 58 71 34 44 31 58 18 54 33 79 98 100 62 43 66 83 88 66 23 73 22 51 83 75 28 39 63 37 22 44 30 80 66 16 75 97 73 93 50 57 23 48 9 85 
93 12 24 16 24 78 100 64 38 0 42 26 19 81 92 41 5 13 44 88 40 23 78 2 60 99 97 41 30 63 56 5 11 29 49 60 37 71 59 45 7 53 71 77 33 14 70 38 78 13 77 17 35 54 71 94 4 67 87 34 81 42 90 43 22 38 55 59 60 13 55 67 17 77 43 50 90 64 39 68 76 15 84 63 20 54 8 23 73 94 8 5 36 97 48 57 86 2 67 46 
12 15 48 39 67 61 70 71 100 42 0 66 22 64 35 50 58 36 40 22 74 59 97 40 94 11 59 48 19 33 72 64 41 28 99 37 75 8 23 28 74 20 46 47 83 80 97 92 15 36 13 40 46 62 79 39 72 89 38 42 21 9 6 61 89 56 50 63 63 24 43 89 43 88 35 77 19 83 68 33 70 33 72 15 94 2 54 65 42 43 59 62 52 64 75 40 71 24 54 86 
81 73 100 97 34 26 19 81 83 26 66 0 47 48 74 41 87 60 69 5 43 88 89 12 20 12 27 13 65 32 30 6 74 88 68 77 3 94 68 73 17 74 58 15 73 83 7 60 43 27 16 37 14 57 48 86 68 26 98 33 57 79 90 83 66 57 59 20 50 79 45 18 52 54 84 76 37 90 35 31 16 3 67 82 59 14 67 78 92 16 10 48 95 52 82 12 8 41 32 10 
27 8 61 45 49 72 64 65 17 19 22 47 0 71 28 79 74 81 63 49 69 4 84 99 72 38 17 53 96 31 71 73 74 86 35 21 32 86 3 44 45 95 27 6 65 54 85 90 86 99 38 55 2 73 53 73 10 22 25 57 52 47 30 77 33 16 97 64 1 51 59 97 97 85 3 13 90 39 2 76 37 40 82 38 64 86 63 74 7 39 82 10 86 11 86 70 78 83 33 78 
94 63 90 42 52 85 75 35 89 81 64 48 71 0 85 44 27 82 28 81 46 70 19 48 97 55 39 78 44 2 63 58 27 70 97 9 31 34 71 17 3 49 51 87 78 35 30 4 68 10 84 14 79 54 61 27 60 51 4 56 4 18 13 31 39 61 91 70 94 61 86 96 9 88 83 39 22 12 42 42 21 78 55 51 83 67 77 43 69 80 98 72 50 10 2 88 71 44 9 16 
86 90 65 21 82 28 37 50 57 92 35 74 28 85 0 5 46 12 65 33 94 3 7 57 97 48 30 26 54 80 8 72 57 50 40 88 99 11 37 9 65 77 31 8 85 46 12 83 9 29 15 54 31 21 11 79 20 40 4 73 71 64 44 27 13 83 15 12 94 3 72 10 79 54 17 16 51 81 98 12 9 64 65 91 37 27 70 56 18 25 29 89 40 24 67 53 7 81 16 52 
63 79 93 65 24 29 83 21 40 41 50 41 79 44 5 0 36 39 13 66 44 29 81 94 9 30 57 69 46 22 60 82 100 81 89 18 57 69 58 97 93 24 1 51 57 68 54 92 6 66 57 1 94 90 46 55 71 3 23 68 24 82 49 75 14 90 92 71 58 49 67 50 25 67 52 81 86 5 72 43 70 80 43 16 21 88 22 92 42 44 59 17 78 60 92 91 49 83 13 58 
19 25 91 90 94 72 58 38 74 5 58 87 74 27 46 36 0 84 79 8 8 97 11 88 82 16 11 76 37 90 18 4 63 58 25 54 99 69 64 16 98 75 7 40 23 41 53 81 24 83 40 83 32 50 70 65 17 32 41 6 74 58 9 36 15 34 41 14 54 4 81 3 79 87 42 53 27 94 85 3 29 76 85 60 26 7 24 94 38 64 99 63 74 60 98 40 45 38 53 50 
5 59 2 28 40 36 4 95 46 13 36 60 81 82 12 39 84 0 94 33 52 72 71 93 76 98 39 61 52 67 36 36 78 13 42 1 59 32 17 57 94 90 68 44 81 12 81 34 61 26 18 12 49 41 57 25 90 95 37 41 13 72 76 42 37 70 94 95 53 10 51 46 51 19 41 32 82 22 17 43 99 86 54 48 26 62 72 15 56 8 7 20 31 35 61 67 4 55 61 8 
62 7 14 83 14 53 61 35 98 44 40 69 63 28 65 13 79 94 0 16 64 53 19 34 46 50 15 67 18 57 17 3 63 64 81 24 35 95 32 94 54 3 25 88 16 91 91 70 52 50 37 67 2 55 100 99 56 14 17 73 23 34 28 37 97 8 60 32 54 43 25 7 46 49 94 61 92 36 82 95 85 18 61 39 25 60 37 80 25 54 5 99 87 32 35 83 91 95 66 44 
25 97 71 95 99 27 99 92 98 88 22 5 49 81 33 66 8 33 16 0 89 43 3 34 43 48 94 34 84 27 80 20 97 40 10 21 51 47 52 28 52 8 26 90 91 61 24 81 7 42 77 95 84 79 81 78 26 74 12 61 53 43 81 49 83 42 21 85 88 24 12 91 32 38 32 74 98 56 55 56 97 83 2 32 13 82 9 90 8 72 51 60 15 83 60 97 24 80 81 64 
45 29 36 13 6 92 10 66 36 40 74 43 69 46 94 44 8 52 64 89 0 3 93 6 86 82 38 12 31 93 66 86 41 100 39 72 12 21 80 1 28 52 3 87 66 85 46 14 61 77 46 24 31 90 81 69 71 18 80 1 10 97 38 50 96 77 21 59 49 53 59 76 4 62 14 21 98 11 86 58 87 31 33 69 21 14 37 43 31 16 96 93 12 85 94 59 61 67 17 9 
82 81 8 7 37 2 47 67 81 23 59 88 4 70 3 29 97 72 53 43 3 0 19 76 36 74 89 49 46 38 11 31 48 97 61 80 66 33 45 2 76 28 70 71 72 81 55 65 40 68 83 56 28 53 83 16 26 23 16 23 61 27 53 8 23 14 39 40 98 36 94 73 63 63 95 86 95 2 2 86 21 85 94 100 37 76 15 15 51 31 37 11 57 42 70 31 7 8 23 4 
6 46 62 51 60 60 7 44 25 78 97 89 84 19 7 81 11 71 19 3 93 19 0 43 16 29 57 30 23 42 24 76 44 62 48 80 55 48 68 82 14 82 32 44 71 94 52 12 63 35 18 23 57 73 65 72 1 74 53 76 15 28 51 10 89 99 89 95 98 57 77 11 90 60 7 12 54 10 23 68 44 92 90 100 17 7 23 17 80 27 92 94 55 95 56 43 45 96 38 42 
29 20 44 23 10 3 11 68 41 2 40 12 99 48 57 94 88 93 34 34 6 76 43 0 52 66 4 94 25 10 5 30 20 80 50 15 23 39 15 39 97 89 56 76 16 99 22 70 45 77 64 89 72 53 82 76 18 38 21 95 47 25 76 18 56 77 33 79 16 99 17 64 87 24 40 54 23 61 75 67 89 39 8 12 43 41 39 61 78 59 7 25 36 34 94 91 11 26 69 78 
98 31 9 89 8 43 35 77 85 60 94 20 72 97 97 9 82 76 46 43 86 36 16 52 0 24 38 41 63 61 32 68 35 44 43 2 32 33 61 96 75 1 86 87 31 97 45 7 32 79 100 74 89 78 95 66 53 32 58 15 44 90 35 79 33 77 32 17 9 44 12 35 44 97 22 26 93 66 32 76 96 32 2 84 61 96 1 13 79 59 80 22 48 14 52 80 90 83 96 50 
50 81 47 79 68 7 38 28 75 99 11 12 38 55 48 30 16 98 50 48 82 74 29 66 24 0 26 59 36 22 8 57 99 52 75 31 28 70 14 29 6 74 76 6 86 54 16 65 27 63 30 31 95 71 13 42 20 91 53 56 64 60 64 62 11 90 44 90 12 57 70 17 30 45 74 68 50 90 32 29 4 14 59 50 84 23 92 4 65 44 11 80 55 26 94 17 68 37 7 79 
96 86 96 64 34 7 13 40 91 97 59 27 17 39 30 57 11 39 15 94 38 89 57 4 38 26 0 94 28 47 75 25 20 42 26 9 26 54 65 39 64 14 22 39 57 77 3 52 39 35 6 17 28 23 84 16 81 62 61 8 8 36 32 79 29 58 40 54 63 4 44 27 69 66 17 26 94 19 77 33 5 83 1 32 57 84 100 89 97 60 96 4 95 80 34 24 89 73 29 51 
62 73 49 44 87 62 88 77 89 41 48 13 53 78 26 69 76 61 67 34 12 49 30 94 41 59 94 0 28 73 29 97 90 45 74 35 16 50 19 20 84 19 4 40 2 3 80 98 62 76 53 9 7 39 84 95 63 12 97 91 36 78 39 77 22 12 64 89 61 82 9 97 1 64 88 54 66 68 4 79 43 8 39 49 46 22 95 9 86 91 99 73 68 89 50 42 100 13 30 12 
68 35 16 34 86 34 27 31 87 30 19 65 96 44 54 46 37 52 18 84 31 46 23 25 63 36 28 28 0 46 90 8 98 5 96 52 22 63 55 1 57 62 39 57 60 13 51 68 98 93 18 70 13 6 71 54 5 35 35 68 81 77 76 78 81 23 81 3 85 87 55 93 1 45 49 60 57 51 27 54 95 44 76 7 49 46 12 5 81 99 72 13 75 99 90 7 21 71 9 5 
77 31 5 56 66 35 3 11 9 63 33 32 31 2 80 22 90 67 57 27 93 38 42 10 61 22 47 73 46 0 9 15 49 9 60 97 68 68 99 46 22 94 41 97 100 41 94 64 45 74 62 69 38 36 67 28 94 88 50 55 44 58 69 93 19 80 41 38 48 40 84 21 33 24 69 84 65 62 47 61 88 8 81 25 95 48 4 89 87 53 43 82 63 63 74 33 43 67 70 42 
10 19 16 61 32 21 76 73 25 56 72 30 71 63 8 60 18 36 17 80 66 11 24 5 32 8 75 29 90 9 0 6 53 62 90 29 30 73 45 43 72 5 30 31 86 7 78 85 10 18 71 15 12 52 29 74 78 61 68 96 30 9 53 83 22 42 63 51 66 7 94 89 63 75 20 48 33 97 84 43 14 54 9 77 58 37 50 87 49 18 82 78 78 86 12 100 27 74 2 44 
55 33 10 34 59 24 99 33 23 5 64 6 73 58 72 82 4 36 3 20 86 31 76 30 68 57 25 97 8 15 6 0 32 47 33 95 74 4 94 6 100 78 100 65 83 60 41 40 96 42 78 44 11 11 74 41 96 85 40 74 11 93 18 42 40 2 36 13 5 30 70 56 7 70 72 89 29 64 81 77 5 10 72 68 21 45 8 68 82 47 94 92 39 11 33 30 64 21 94 68 
67 39 23 64 36 66 45 80 24 11 41 74 74 27 57 100 63 78 63 97 41 48 44 20 35 99 20 90 98 49 53 32 0 50 64 23 8 85 94 48 65 9 28 93 13 90 65 80 62 61 87 29 42 85 22 33 76 84 18 5 47 38 51 66 39 14 88 46 50 33 45 14 41 25 7 6 14 23 37 75 83 24 55 77 60 77 61 35 12 78 92 59 67 42 76 5 7 64 2 56 
83 61 38 97 28 96 48 58 23 29 28 88 86 70 50 81 58 13 64 40 100 97 62 80 44 52 42 45 5 9 62 47 50 0 48 47 21 41 23 79 98 36 1 34 10 36 9 64 64 69 92 24 55 4 54 46 14 20 39 41 77 45 56 30 52 4 28 73 96 50 51 93 37 4 78 46 91 87 62 54 7 5 29 61 60 82 59 25 54 97 66 82 94 21 63 45 24 91 69 71 
54 85 17 33 78 74 79 80 62 49 99 68 35 97 40 89 25 42 81 10 39 61 48 50 43 75 26 74 96 60 90 33 64 48 0 92 20 15 29 75 93 26 65 79 87 70 37 44 98 97 3 32 7 28 37 4 93 70 49 13 32 45 89 74 14 59 66 85 74 46 59 18 23 75 48 62 96 84 5 45 80 7 76 87 34 64 42 78 33 42 91 65 86 79 38 99 89 55 35 14 
59 40 60 77 92 57 97 25 93 60 37 77 21 9 88 18 54 1 24 21 72 80 80 15 2 31 9 35 52 97 29 95 23 47 92 0 52 93 31 75 19 78 36 14 13 40 59 93 98 86 31 84 50 24 61 82 65 51 98 2 81 36 1 22 42 87 87 46 80 18 20 50 47 7 16 60 98 26 4 95 11 86 78 12 61 91 94 25 41 91 26 74 78 78 47 72 65 33 17 96 
77 57 10 36 9 84 87 31 16 37 75 3 32 31 99 57 99 59 35 51 12 66 55 23 32 28 26 16 22 68 30 74 8 21 20 52 0 2 88 97 1 46 12 60 43 37 15 89 100 52 19 11 12 9 56 88 1 47 13 74 76 43 20 99 59 5 67 6 6 54 2 6 99 66 17 93 2 83 82 1 34 100 64 45 8 19 32 8 17 97 34 93 91 5 43 49 9 10 6 67 
35 81 99 97 48 27 40 12 32 71 8 94 86 34 11 69 69 32 95 47 21 33 48 39 33 70 54 50 63 68 73 4 85 41 15 93 2 0 15 7 72 66 24 41 58 26 23 91 78 57 90 41 53 49 60 85 9 76 33 94 20 23 98 15 23 59 24 28 77 38 86 48 55 10 40 13 87 63 55 64 19 45 57 23 45 68 7 5 95 39 98 67 61 48 81 35 58 4 62 34 
45 91 92 39 50 63 72 89 46 59 23 68 3 71 37 58 64 17 32 52 80 45 68 15 61 14 65 19 55 99 45 94 94 23 29 31 88 15 0 93 48 33 48 9 73 12 95 35 66 10 5 62 18 27 59 37 86 63 32 76 13 98 89 60 30 23 69 85 85 2 77 84 86 76 44 58 39 38 44 5 99 100 18 69 27 76 5 64 39 36 39 3 85 27 14 14 50 82 50 86 
59 56 80 56 5 57 48 11 67 45 28 73 44 17 9 97 16 57 94 28 1 2 82 39 96 29 39 20 1 46 43 6 48 79 75 75 97 7 93 0 35 79 21 20 54 64 78 93 53 73 49 51 73 66 19 51 42 24 14 32 11 4 34 48 31 47 13 32 80 63 17 14 41 37 33 94 100 62 38 4 35 38 54 7 4 25 9 97 100 22 80 62 25 65 9 7 63 22 38 42 
27 92 23 64 71 4 91 27 21 7 74 17 45 3 65 93 98 94 54 52 28 76 14 97 75 6 64 84 57 22 72 100 65 98 93 19 1 72 48 35 0 36 54 55 76 42 39 21 41 1 11 96 35 48 50 93 3 26 1 99 77 74 30 90 98 94 99 57 8 72 94 49 59 48 55 34 41 94 6 34 46 16 29 80 16 78 24 18 55 24 69 83 97 98 73 46 44 23 2 51 
56 57 91 78 16 23 93 60 45 53 20 74 95 49 77 24 75 90 3 8 52 28 82 89 1 74 14 19 62 94 5 78 9 36 26 78 46 66 33 79 36 0 46 96 52 4 95 6 89 35 51 94 68 96 10 97 27 25 26 50 94 33 25 62 15 21 12 39 19 55 61 20 57 58 67 8 61 61 66 49 48 68 43 67 16 4 15 42 80 41 44 73 25 68 87 91 41 98 30 59 
39 28 79 52 38 83 67 43 49 71 46 58 27 51 31 1 7 68 25 26 3 70 32 56 86 76 22 4 39 41 30 100 28 1 65 36 12 24 48 21 54 46 0 52 42 30 8 52 97 68 12 9 33 13 8 100 7 75 15 62 89 9 93 81 4 17 57 23 3 48 63 100 29 73 3 22 55 63 73 3 30 37 11 14 1 71 13 7 45 80 20 85 40 12 18 43 28 74 65 31 
5 99 35 60 71 75 6 43 89 77 47 15 6 87 8 51 40 44 88 90 87 71 44 76 87 6 39 40 57 97 31 65 93 34 79 14 60 41 9 20 55 96 52 0 73 80 82 1 4 85 75 58 99 99 60 28 87 23 41 87 93 5 45 89 36 64 73 75 75 42 69 55 16 34 85 88 65 18 41 68 2 67 78 100 65 37 79 4 11 19 90 3 76 35 91 11 50 16 38 77 
1 20 33 71 19 8 67 94 86 33 83 73 65 78 85 57 23 81 16 91 66 72 71 16 31 86 57 2 60 100 86 83 13 10 87 13 43 58 73 54 76 52 42 73 0 57 6 31 24 91 67 64 55 84 4 75 38 22 4 89 38 40 68 41 3 38 83 5 13 69 48 76 18 63 13 94 71 18 76 95 61 42 58 67 26 13 93 63 34 96 51 71 88 70 64 90 8 46 94 72 
24 69 96 72 72 62 55 45 57 14 80 83 54 35 46 68 41 12 91 61 85 81 94 99 97 54 77 3 13 41 7 60 90 36 70 40 37 26 12 64 42 4 30 80 57 0 14 41 47 83 55 11 29 26 81 4 20 41 46 77 7 23 41 100 37 74 47 87 96 34 57 11 23 16 56 17 87 21 9 86 56 16 96 84 41 76 87 12 68 84 40 27 58 80 78 94 53 24 81 100 
67 30 27 24 94 56 40 64 29 70 97 7 85 30 12 54 53 81 91 24 46 55 52 22 45 16 3 80 51 94 78 41 65 9 37 59 15 23 95 78 39 95 8 82 6 14 0 58 89 11 80 56 18 48 42 91 9 79 46 24 75 29 16 2 67 27 22 3 66 48 60 45 77 6 49 100 86 48 9 26 10 41 33 80 88 26 70 48 5 15 23 31 95 38 84 13 64 5 67 81 
19 96 23 12 64 79 76 83 59 38 92 60 90 4 83 92 81 34 70 81 14 65 12 70 7 65 52 98 68 64 85 40 80 64 44 93 89 91 35 93 21 6 52 1 31 41 58 0 4 79 25 80 84 25 80 21 25 40 98 86 80 30 65 20 55 34 67 59 100 90 89 46 79 73 11 95 29 77 75 33 55 52 12 90 76 43 10 52 83 7 38 62 88 2 33 43 88 100 1 87 
81 27 97 99 11 97 58 39 54 78 15 43 86 68 9 6 24 61 52 7 61 40 63 45 32 27 39 62 98 45 10 96 62 64 98 98 100 78 66 53 41 89 97 4 24 47 89 4 0 41 42 33 71 66 43 65 94 71 40 78 78 91 90 67 18 84 77 70 66 35 59 80 23 60 12 65 47 63 17 86 55 10 70 26 27 12 90 73 34 81 50 11 23 91 78 41 75 6 62 92 
81 88 40 6 60 8 100 50 26 13 36 27 99 10 29 66 83 26 50 42 77 68 35 77 79 63 35 76 93 74 18 42 61 69 97 86 52 57 10 73 1 35 68 85 91 83 11 79 41 0 92 72 23 14 31 35 30 30 49 99 67 56 60 36 33 87 99 22 11 32 55 60 43 77 3 72 69 29 77 30 20 20 53 43 86 84 29 67 65 29 65 83 84 77 18 16 15 16 90 25 
44 92 93 6 15 6 26 26 56 77 13 16 38 84 15 57 40 18 37 77 46 83 18 64 100 30 6 53 18 62 71 78 87 92 3 31 19 90 5 49 11 51 12 75 67 55 80 25 42 92 0 99 44 36 41 72 38 64 41 66 92 22 86 12 75 80 97 10 60 63 26 88 80 8 24 56 25 39 70 92 80 46 90 75 81 83 47 19 98 39 84 90 12 21 53 86 52 49 47 11 
25 8 84 11 69 41 68 4 89 17 40 37 55 14 54 1 83 12 67 95 24 56 23 89 74 31 17 9 70 69 15 44 29 24 32 84 11 41 62 51 96 94 9 58 64 11 56 80 33 72 99 0 63 72 51 94 31 74 49 7 64 70 98 44 67 40 70 48 74 16 66 23 6 1 12 18 74 16 55 25 64 2 88 79 25 38 72 56 11 73 62 74 94 12 69 61 3 39 60 28 
14 68 99 64 96 9 46 16 58 35 46 14 2 79 31 94 32 49 2 84 31 28 57 72 89 95 28 7 13 38 12 11 42 55 7 50 12 53 18 73 35 68 33 99 55 29 18 84 71 23 44 63 0 6 77 50 12 77 14 81 2 29 35 27 45 88 66 75 13 3 46 20 65 70 81 38 64 44 59 76 98 49 35 77 54 11 79 17 39 44 49 41 24 84 19 68 71 84 42 35 
1 90 6 9 74 17 33 22 32 54 62 57 73 54 21 90 50 41 55 79 90 53 73 53 78 71 23 39 6 36 52 11 85 4 28 24 9 49 27 66 48 96 13 99 84 26 48 25 66 14 36 72 6 0 86 40 54 50 9 87 39 72 30 49 99 80 97 33 56 3 43 34 19 82 29 68 22 53 3 40 20 25 75 14 60 60 5 13 61 13 99 51 37 81 100 35 60 96 68 67 
53 27 79 86 78 43 78 72 81 71 79 48 53 61 11 46 70 57 100 81 81 83 65 82 95 13 84 84 71 67 29 74 22 54 37 61 56 60 59 19 50 10 8 60 4 81 42 80 43 31 41 51 77 86 0 98 62 53 69 43 81 88 16 33 42 7 5 66 81 18 25 92 74 38 52 86 88 3 74 68 54 61 79 49 80 46 99 41 50 19 36 30 58 51 63 99 58 67 64 38 
12 50 7 4 56 51 33 93 94 94 39 86 73 27 79 55 65 25 99 78 69 16 72 76 66 42 16 95 54 28 74 41 33 46 4 82 88 85 37 51 93 97 100 28 75 4 91 21 65 35 72 94 50 40 98 0 36 41 82 61 30 33 98 17 87 72 37 92 84 15 93 63 12 91 3 61 61 38 43 18 41 5 16 98 23 31 87 10 71 68 70 100 53 19 17 91 90 5 83 25 
2 22 52 87 93 75 70 49 58 4 72 68 10 60 20 71 17 90 56 26 71 26 1 18 53 20 81 63 5 94 78 96 76 14 93 65 1 9 86 42 3 27 7 87 38 20 9 25 94 30 38 31 12 54 62 36 0 71 27 87 83 69 42 95 29 31 37 98 71 93 13 20 67 95 59 28 66 78 49 17 30 68 85 73 9 89 7 34 60 33 20 94 1 13 88 29 44 77 26 66 
100 12 74 49 63 2 91 63 71 67 89 26 22 51 40 3 32 95 14 74 18 23 74 38 32 91 62 12 35 88 61 85 84 20 70 51 47 76 63 24 26 25 75 23 22 41 79 40 71 30 64 74 77 50 53 41 71 0 69 90 86 88 36 96 15 1 73 64 70 55 31 54 27 39 43 85 72 54 17 44 47 69 56 86 49 99 62 26 17 83 15 2 22 2 97 36 55 21 51 24 
25 75 7 47 42 65 20 21 34 87 38 98 25 4 4 23 41 37 17 12 80 16 53 21 58 53 61 97 35 50 68 40 18 39 49 98 13 33 32 14 1 26 15 41 4 46 46 98 40 49 41 49 14 9 69 82 27 69 0 75 81 77 53 72 71 37 43 24 53 38 22 73 94 8 21 44 21 46 60 55 60 13 76 62 61 64 16 82 14 91 56 95 67 61 18 38 97 12 13 2 
69 56 20 20 78 8 48 32 44 34 42 33 57 56 73 68 6 41 73 61 1 23 76 95 15 56 8 91 68 55 96 74 5 41 13 2 74 94 76 32 99 50 62 87 89 77 24 86 78 99 66 7 81 87 43 61 87 90 75 0 50 35 74 95 42 95 38 14 40 50 69 52 62 96 65 23 59 32 56 73 22 63 19 40 23 36 29 20 47 42 73 48 76 46 42 69 92 80 34 32 
76 43 79 4 29 36 45 73 31 81 21 57 52 4 71 24 74 13 23 53 10 61 15 47 44 64 8 36 81 44 30 11 47 77 32 81 76 20 13 11 77 94 89 93 38 7 75 80 78 67 92 64 2 39 81 30 83 86 81 50 0 29 2 83 42 98 99 64 56 30 71 80 3 34 98 42 56 33 71 27 32 12 99 79 39 97 21 59 88 52 44 19 32 46 53 73 95 3 89 2 
34 93 22 59 25 37 47 94 58 42 9 79 47 18 64 82 58 72 34 43 97 27 28 25 90 60 36 78 77 58 9 93 38 45 45 36 43 23 98 4 74 33 9 5 40 23 29 30 91 56 22 70 29 72 88 33 69 88 77 35 29 0 32 59 82 86 92 31 28 100 64 50 78 47 13 77 25 3 25 45 13 12 48 56 83 79 53 87 52 47 90 40 1 73 50 34 59 94 64 38 
75 40 29 6 88 83 47 64 18 90 6 90 30 13 44 49 9 76 28 81 38 53 51 76 35 64 32 39 76 69 53 18 51 56 89 1 20 98 89 34 30 25 93 45 68 41 16 65 90 60 86 98 35 30 16 98 42 36 53 74 2 32 0 93 79 87 22 77 51 98 2 53 22 98 65 86 46 20 68 24 73 54 27 71 43 18 71 68 68 56 26 13 72 15 57 2 53 78 79 3 
42 33 53 19 64 2 89 4 54 43 61 83 77 31 27 75 36 42 37 49 50 8 10 18 79 62 79 77 78 93 83 42 66 30 74 22 99 15 60 48 90 62 81 89 41 100 2 20 67 36 12 44 27 49 33 17 95 96 72 95 83 59 93 0 28 80 55 49 29 19 86 74 90 53 50 62 59 76 85 1 46 7 20 65 63 97 77 86 11 33 87 63 10 65 65 37 96 71 38 25 
68 5 11 8 52 32 47 3 33 22 89 66 33 39 13 14 15 37 97 83 96 23 89 56 33 11 29 22 81 19 22 40 39 52 14 42 59 23 30 31 98 15 4 36 3 37 67 55 18 33 75 67 45 99 42 87 29 15 71 42 42 82 79 28 0 41 23 50 31 28 99 92 86 27 76 38 72 83 58 36 97 54 64 82 17 96 68 79 57 85 96 46 80 66 35 56 7 9 6 37 
29 76 97 38 66 56 77 43 79 38 56 57 16 61 83 90 34 70 8 42 77 14 99 77 77 90 58 12 23 80 42 2 14 4 59 87 5 59 23 47 94 21 17 64 38 74 27 34 84 87 80 40 88 80 7 72 31 1 37 95 98 86 87 80 41 0 36 56 80 73 34 8 11 5 42 20 92 90 73 7 71 89 2 90 20 11 26 15 8 6 80 42 13 38 2 70 74 90 26 6 
52 25 64 48 56 10 37 80 98 55 50 59 97 91 15 92 41 94 60 21 21 39 89 33 32 44 40 64 81 41 63 36 88 28 66 87 67 24 69 13 99 12 57 73 83 47 22 67 77 99 97 70 66 97 5 37 37 73 43 38 99 92 22 55 23 36 0 62 59 13 24 16 6 43 59 95 68 66 17 8 19 6 27 81 32 93 88 89 25 81 53 62 83 23 88 72 100 93 85 10 
45 61 20 43 60 15 85 85 100 59 63 20 64 70 12 71 14 95 32 85 59 40 95 79 17 90 54 89 3 38 51 13 46 73 85 46 6 28 85 32 57 39 23 75 5 87 3 59 70 22 10 48 75 33 66 92 98 64 24 14 64 31 77 49 50 56 62 0 57 9 25 14 51 36 8 18 53 24 78 71 81 4 52 12 49 91 52 73 24 5 34 6 27 73 29 78 17 13 87 73 
63 56 96 87 13 83 16 6 62 60 63 50 1 94 94 58 54 53 54 88 49 98 98 16 9 12 63 61 85 48 66 5 50 96 74 80 6 77 85 80 8 19 3 75 13 96 66 100 66 11 60 74 13 56 81 84 71 70 53 40 56 28 51 29 31 80 59 57 0 21 64 86 24 99 45 41 51 68 18 73 49 74 76 12 22 19 16 46 42 20 31 47 98 4 27 27 20 91 13 45 
96 15 7 86 57 72 8 68 43 13 24 79 51 61 3 49 4 10 43 24 53 36 57 99 44 57 4 82 87 40 7 30 33 50 46 18 54 38 2 63 72 55 48 42 69 34 48 90 35 32 63 16 3 3 18 15 93 55 38 50 30 100 98 19 28 73 13 9 21 0 12 76 30 87 26 27 27 28 94 97 1 94 22 28 58 95 46 25 40 87 44 70 85 93 25 11 19 45 54 83 
3 68 51 51 65 24 32 47 66 55 43 45 59 86 72 67 81 51 25 12 59 94 77 17 12 70 44 9 55 84 94 70 45 51 59 20 2 86 77 17 94 61 63 69 48 57 60 89 59 55 26 66 46 43 25 93 13 31 22 69 71 64 2 86 99 34 24 25 64 12 0 41 65 59 70 3 36 48 29 64 42 77 16 87 50 43 96 44 89 20 35 75 15 5 12 59 81 74 29 77 
42 47 18 50 35 38 59 32 83 67 89 18 97 96 10 50 3 46 7 91 76 73 11 64 35 17 27 97 93 21 89 56 14 93 18 50 6 48 84 14 49 20 100 55 76 11 45 46 80 60 88 23 20 34 92 63 20 54 73 52 80 50 53 74 92 8 16 14 86 76 41 0 27 12 17 43 22 39 45 57 86 26 72 79 2 87 18 4 30 13 47 70 85 82 96 99 38 7 10 70 
3 71 97 15 72 95 100 79 88 17 43 52 97 9 79 25 79 51 46 32 4 63 90 87 44 30 69 1 1 33 63 7 41 37 23 47 99 55 86 41 59 57 29 16 18 23 77 79 23 43 80 6 65 19 74 12 67 27 94 62 3 78 22 90 86 11 6 51 24 30 65 27 0 81 38 47 7 49 63 50 22 1 94 79 39 19 2 17 73 89 34 76 70 99 74 39 35 7 34 33 
93 96 30 54 54 58 50 90 66 77 88 54 85 88 54 67 87 19 49 38 62 63 60 24 97 45 66 64 45 24 75 70 25 4 75 7 66 10 76 37 48 58 73 34 63 16 6 73 60 77 8 1 70 82 38 91 95 39 8 96 34 47 98 53 27 5 43 36 99 87 59 12 81 0 96 41 94 66 73 32 12 79 32 26 80 54 79 26 84 17 44 85 33 68 73 19 95 42 69 21 
98 98 52 10 5 65 64 75 23 43 35 84 3 83 17 52 42 41 94 32 14 95 7 40 22 74 17 88 49 69 20 72 7 78 48 16 17 40 44 33 55 67 3 85 13 56 49 11 12 3 24 12 81 29 52 3 59 43 21 65 98 13 65 50 76 42 59 8 45 26 70 17 38 96 0 80 3 27 66 87 23 58 81 88 30 12 51 8 95 76 88 48 54 65 83 70 60 68 55 28 
4 42 29 38 43 54 18 72 73 50 77 76 13 39 16 81 53 32 61 74 21 86 12 54 26 68 26 54 60 84 48 89 6 46 62 60 93 13 58 94 34 8 22 88 94 17 100 95 65 72 56 18 38 68 86 61 28 85 44 23 42 77 86 62 38 20 95 18 41 27 3 43 47 41 80 0 40 25 74 34 93 94 65 95 73 30 81 47 39 61 34 68 24 36 76 71 11 15 18 17 
16 64 77 26 25 19 5 34 22 90 19 37 90 22 51 86 27 82 92 98 98 95 54 23 93 50 94 66 57 65 33 29 14 91 96 98 2 87 39 100 41 61 55 65 71 87 86 29 47 69 25 74 64 22 88 61 66 72 21 59 56 25 46 59 72 92 68 53 51 27 36 22 7 94 3 40 0 79 1 86 38 20 92 17 11 16 43 44 8 88 61 2 60 42 35 6 81 47 91 48 
17 79 78 85 50 20 4 90 51 64 83 90 39 12 81 5 94 22 36 56 11 2 10 61 66 90 19 68 51 62 97 64 23 87 84 26 83 63 38 62 94 61 63 18 18 21 48 77 63 29 39 16 44 53 3 38 78 54 46 32 33 3 20 76 83 90 66 24 68 28 48 39 49 66 27 25 79 0 23 26 75 93 89 41 10 5 71 62 90 61 81 82 77 44 49 71 87 57 59 99 
22 37 4 49 58 84 94 6 83 39 68 35 2 42 98 72 85 17 82 55 86 2 23 75 32 32 77 4 27 47 84 81 37 62 5 4 82 55 44 38 6 66 73 41 76 9 9 75 17 77 70 55 59 3 74 43 49 17 60 56 71 25 68 85 58 73 17 78 18 94 29 45 63 73 66 74 1 23 0 10 70 41 44 76 73 91 18 20 13 44 47 5 84 87 66 88 58 80 29 18 
96 43 73 76 36 15 14 24 75 68 33 31 76 42 12 43 3 43 95 56 58 86 68 67 76 29 33 79 54 61 43 77 75 54 45 95 1 64 5 4 34 49 3 68 95 86 26 33 86 30 92 25 76 40 68 18 17 44 55 73 27 45 24 1 36 7 8 71 73 97 64 57 50 32 87 34 86 26 10 0 12 62 46 55 11 69 94 67 27 92 76 96 84 72 23 56 62 93 76 26 
97 66 69 91 9 27 3 39 28 76 70 16 37 21 9 70 29 99 85 97 87 21 44 89 96 4 5 43 95 88 14 5 83 7 80 11 34 19 99 35 46 48 30 2 61 56 10 55 55 20 80 64 98 20 54 41 30 47 60 22 32 13 73 46 97 71 19 81 49 1 42 86 22 12 23 93 38 75 70 12 0 36 22 30 19 60 47 58 17 26 86 86 38 48 84 44 58 52 37 76 
17 81 48 7 72 41 19 84 39 15 33 3 40 78 64 80 76 86 18 83 31 85 92 39 32 14 83 8 44 8 54 10 24 5 7 86 100 45 100 38 16 68 37 67 42 16 41 52 10 20 46 2 49 25 61 5 68 69 13 63 12 12 54 7 54 89 6 4 74 94 77 26 1 79 58 94 20 93 41 62 36 0 30 29 3 77 12 74 100 20 35 92 95 60 79 68 41 49 27 40 
72 50 8 39 4 7 81 28 63 84 72 67 82 55 65 43 85 54 61 2 33 94 90 8 2 59 1 39 76 81 9 72 55 29 76 78 64 57 18 54 29 43 11 78 58 96 33 12 70 53 90 88 35 75 79 16 85 56 76 19 99 48 27 20 64 2 27 52 76 22 16 72 94 32 81 65 92 89 44 46 22 30 0 58 96 65 43 81 54 90 16 98 99 67 86 74 96 66 77 25 
10 85 67 6 5 35 1 54 37 63 15 82 38 51 91 16 60 48 39 32 69 100 100 12 84 50 32 49 7 25 77 68 77 61 87 12 45 23 69 7 80 67 14 100 67 84 80 90 26 43 75 79 77 14 49 98 73 86 62 40 79 56 71 65 82 90 81 12 12 28 87 79 79 26 88 95 17 41 76 55 30 29 58 0 30 2 24 49 37 67 95 48 97 62 41 97 40 80 54 35 
18 22 54 67 98 57 51 5 22 20 94 59 64 83 37 21 26 26 25 13 21 37 17 43 61 84 57 46 49 95 58 21 60 60 34 61 8 45 27 4 16 16 1 65 26 41 88 76 27 86 81 25 54 60 80 23 9 49 61 23 39 83 43 63 17 20 32 49 22 58 50 2 39 80 30 73 11 10 73 11 19 3 96 30 0 96 48 16 50 38 31 99 88 50 84 14 97 2 42 21 
76 28 86 24 33 50 59 99 44 54 2 14 86 67 27 88 7 62 60 82 14 76 7 41 96 23 84 22 46 48 37 45 77 82 64 91 19 68 76 25 78 4 71 37 13 76 26 43 12 84 83 38 11 60 46 31 89 99 64 36 97 79 18 97 96 11 93 91 19 95 43 87 19 54 12 30 16 5 91 69 60 77 65 2 96 0 31 43 96 79 31 14 73 31 62 34 71 58 25 2 
73 35 25 10 12 37 33 98 30 8 54 67 63 77 70 22 24 72 37 9 37 15 23 39 1 92 100 95 12 4 50 8 61 59 42 94 32 7 5 9 24 15 13 79 93 87 70 10 90 29 47 72 79 5 99 87 7 62 16 29 21 53 71 77 68 26 88 52 16 46 96 18 2 79 51 81 43 71 18 94 47 12 43 24 48 31 0 63 60 97 11 27 98 100 9 96 87 58 32 52 
19 43 57 53 42 31 72 53 80 23 65 78 74 43 56 92 94 15 80 90 43 15 17 61 13 4 89 9 5 89 87 68 35 25 78 25 8 5 64 97 18 42 7 4 63 12 48 52 73 67 19 56 17 13 41 10 34 26 82 20 59 87 68 86 79 15 89 73 46 25 44 4 17 26 8 47 44 62 20 67 58 74 81 49 16 43 63 0 7 33 93 27 63 36 23 93 18 88 65 48 
75 92 11 72 48 3 1 61 66 73 42 92 7 69 18 42 38 56 25 8 31 51 80 78 79 65 97 86 81 87 49 82 12 54 33 41 17 95 39 100 55 80 45 11 34 68 5 83 34 65 98 11 39 61 50 71 60 17 14 47 88 52 68 11 57 8 25 24 42 40 89 30 73 84 95 39 8 90 13 27 17 100 54 37 50 96 60 7 0 50 50 18 59 74 71 22 33 68 32 11 
50 9 83 8 53 53 4 19 16 94 43 16 39 80 25 44 64 8 54 72 16 31 27 59 59 44 60 91 99 53 18 47 78 97 42 91 97 39 36 22 24 41 80 19 96 84 15 7 81 29 39 73 44 13 19 68 33 83 91 42 52 47 56 33 85 6 81 5 20 87 20 13 89 17 76 61 88 61 44 92 26 20 90 67 38 79 97 33 50 0 65 31 20 13 69 29 44 21 35 28 
40 50 76 24 20 38 20 84 75 8 59 10 82 98 29 59 99 7 5 51 96 37 92 7 80 11 96 99 72 43 82 94 92 66 91 26 34 98 39 80 69 44 20 90 51 40 23 38 50 65 84 62 49 99 36 70 20 15 56 73 44 90 26 87 96 80 53 34 31 44 35 47 34 44 88 34 61 81 47 76 86 35 16 95 31 31 11 93 50 65 0 13 62 42 100 36 34 70 75 98 
50 86 89 27 76 90 45 85 97 5 62 48 10 72 89 17 63 20 99 60 93 11 94 25 22 80 4 73 13 82 78 92 59 82 65 74 93 67 3 62 83 73 85 3 71 27 31 62 11 83 90 74 41 51 30 100 94 2 95 48 19 40 13 63 46 42 62 6 47 70 75 70 76 85 48 68 2 82 5 96 86 92 98 48 99 14 27 27 18 31 13 0 17 24 99 87 83 72 57 4 
83 1 4 67 29 89 50 64 73 36 52 95 86 50 40 78 74 31 87 15 12 57 55 36 48 55 95 68 75 63 78 39 67 94 86 78 91 61 85 25 97 25 40 76 88 58 95 88 23 84 12 94 24 37 58 53 1 22 67 76 32 1 72 10 80 13 83 27 98 85 15 85 70 33 54 24 60 77 84 84 38 95 99 97 88 73 98 63 59 20 62 17 0 57 24 87 67 41 69 86 
14 41 4 81 7 73 18 99 93 97 64 52 11 10 24 60 60 35 32 83 85 42 95 34 14 26 80 89 99 63 86 11 42 21 79 78 5 48 27 65 98 68 12 35 70 80 38 2 91 77 21 12 84 81 51 19 13 2 61 46 46 73 15 65 66 38 23 73 4 93 5 82 99 68 65 36 42 44 87 72 48 60 67 62 50 31 100 36 74 13 42 24 57 0 53 37 67 48 9 1 
43 18 93 46 91 91 85 40 50 48 75 82 86 2 67 92 98 61 35 60 94 70 56 94 52 94 34 50 90 74 12 33 76 63 38 47 43 81 14 9 73 87 18 91 64 78 84 33 78 18 53 69 19 100 63 17 88 97 18 42 53 50 57 65 35 2 88 29 27 25 12 96 74 73 83 76 35 49 66 23 84 79 86 41 84 62 9 23 71 69 100 99 24 53 0 75 74 14 16 73 
3 58 66 74 80 21 96 18 57 57 40 12 70 88 53 91 40 67 83 97 59 31 43 91 80 17 24 42 7 33 100 30 5 45 99 72 49 35 14 7 46 91 43 11 90 94 13 43 41 16 86 61 68 35 99 91 29 36 38 69 73 34 2 37 56 70 72 78 27 11 59 99 39 19 70 71 6 71 88 56 44 68 74 97 14 34 96 93 22 29 36 87 87 37 75 0 1 49 94 76 
94 16 1 19 24 28 46 94 23 86 71 8 78 71 7 49 45 4 91 24 61 7 45 11 90 68 89 100 21 43 27 64 7 24 89 65 9 58 50 63 44 41 28 50 8 53 64 88 75 15 52 3 71 60 58 90 44 55 97 92 95 59 53 96 7 74 100 17 20 19 81 38 35 95 60 11 81 87 58 62 58 41 96 40 97 71 87 18 33 44 34 83 67 67 74 1 0 98 11 99 
95 42 56 45 98 52 22 19 48 2 24 41 83 44 81 83 38 55 95 80 67 8 96 26 83 37 73 13 71 67 74 21 64 91 55 33 10 4 82 22 23 98 74 16 46 24 5 100 6 16 49 39 84 96 67 5 77 21 12 80 3 94 78 71 9 90 93 13 91 45 74 7 7 42 68 15 47 57 80 93 52 49 66 80 2 58 58 88 68 21 70 72 41 48 14 49 98 0 96 97 
99 18 37 68 91 87 32 54 9 67 54 32 33 9 16 13 53 61 66 81 17 23 38 69 96 7 29 30 9 70 2 94 2 69 35 17 6 62 50 38 2 30 65 38 94 81 67 1 62 90 47 60 42 68 64 83 26 51 13 34 89 64 79 38 6 26 85 87 13 54 29 10 34 69 55 18 91 59 29 76 37 27 77 54 42 25 32 65 32 35 75 57 69 9 16 94 11 96 0 33 
9 23 48 57 88 62 13 99 85 46 86 10 78 16 52 58 50 8 44 64 9 4 42 78 50 79 51 12 5 42 44 68 56 71 14 96 67 34 86 42 51 59 31 77 72 100 81 87 92 25 11 28 35 67 38 25 66 24 2 32 2 38 3 25 37 6 10 73 45 83 77 70 33 21 28 17 48 99 18 26 76 40 25 35 21 2 52 48 11 28 98 4 86 1 73 76 99 97 33 0 
