50
0 19 97 2 40 92 33 24 42 3 17 48 6 80 37 80 15 24 39 23 84 5 5 55 24 58 92 31 92 43 7 43 61 3 44 100 94 77 24 88 31 40 35 37 71 72 16 85 95 7 
19 0 59 30 63 63 84 38 73 28 68 16 70 74 58 30 76 2 29 21 30 4 60 12 96 95 48 66 18 16 3 64 74 61 45 36 76 80 73 100 7 92 15 76 65 73 57 92 26 38 
97 59 0 64 7 41 24 18 88 18 18 54 87 33 8 50 58 20 94 93 95 73 17 94 80 8 61 7 72 33 64 15 10 1 78 16 93 1 85 81 70 2 86 56 86 93 57 43 12 50 
2 30 64 0 87 59 75 3 4 6 62 64 12 85 48 27 99 57 79 29 24 24 81 9 4 51 62 41 58 48 85 15 42 48 16 29 58 42 83 62 47 97 25 11 81 25 89 32 81 68 
40 63 7 87 0 60 57 91 40 17 46 42 78 38 52 77 22 66 19 21 33 99 79 75 33 40 73 29 16 83 62 40 72 93 73 39 4 81 81 43 97 78 37 74 67 88 51 88 5 21 
92 63 41 59 60 0 60 37 71 38 63 3 29 36 84 45 18 97 36 89 89 60 79 92 40 11 86 36 40 22 62 6 61 64 45 65 84 5 2 54 42 16 8 71 51 43 67 21 39 54 
33 84 24 75 57 60 0 61 79 14 92 22 5 54 8 41 94 81 54 51 42 17 96 6 100 52 59 5 45 27 64 67 77 7 33 49 97 39 10 76 52 53 97 56 6 56 48 51 89 1 
24 38 18 3 91 37 61 0 2 82 17 49 39 68 100 50 24 44 76 40 11 4 98 95 53 94 33 14 21 36 66 18 44 23 25 91 74 65 44 75 46 12 75 37 32 74 86 7 69 61 
42 73 88 4 40 71 79 2 0 46 31 64 43 78 68 89 62 33 9 98 50 78 41 73 55 83 98 19 26 24 17 90 98 53 21 23 38 27 91 50 25 74 65 19 3 33 7 64 17 68 
3 28 18 6 17 38 14 82 46 0 61 67 97 53 91 51 88 88 70 65 11 38 54 8 90 26 30 79 53 72 28 77 97 92 47 99 76 54 63 93 73 75 11 69 80 1 20 67 88 41 
17 68 18 62 46 63 92 17 31 61 0 83 98 30 37 57 19 62 38 97 66 61 76 94 58 67 41 8 95 46 22 87 18 97 97 38 28 97 9 46 36 49 28 85 78 16 41 48 78 30 
48 16 54 64 42 3 22 49 64 67 83 0 96 95 90 71 89 47 90 81 7 84 26 28 70 95 76 18 32 3 66 41 100 1 41 28 37 71 43 77 70 72 58 66 19 47 88 7 46 77 
6 70 87 12 78 29 5 39 43 97 98 96 0 87 52 60 64 79 81 58 55 50 89 9 15 81 9 67 74 36 55 44 30 83 13 54 40 30 72 87 18 30 84 94 16 35 6 31 65 38 
80 74 33 85 38 36 54 68 78 53 30 95 87 0 88 19 88 28 80 54 9 88 73 82 75 27 77 56 10 41 9 1 71 32 87 88 61 22 33 28 56 90 58 21 28 45 91 67 25 70 
37 58 8 48 52 84 8 100 68 91 37 90 52 88 0 72 85 9 96 66 83 75 94 39 36 34 99 36 4 31 75 43 43 96 28 71 52 17 80 24 96 77 66 14 1 88 86 85 96 33 
80 30 50 27 77 45 41 50 89 51 57 71 60 19 72 0 2 79 7 95 17 42 80 67 78 84 97 52 78 40 47 5 62 50 22 93 25 69 69 91 83 21 30 20 57 25 52 58 3 59 
15 76 58 99 22 18 94 24 62 88 19 89 64 88 85 2 0 4 71 100 36 38 77 19 86 80 48 77 79 53 38 28 26 83 5 94 51 47 28 24 76 47 80 100 51 90 55 9 45 25 
24 2 20 57 66 97 81 44 33 88 62 47 79 28 9 79 4 0 60 80 14 89 98 100 68 46 28 46 50 18 26 75 100 30 68 2 28 48 25 3 94 5 2 44 94 56 4 38 33 64 
39 29 94 79 19 36 54 76 9 70 38 90 81 80 96 7 71 60 0 70 98 52 19 49 71 16 77 17 65 94 94 39 93 75 59 94 2 6 19 4 51 75 57 47 20 65 50 9 49 13 
23 21 93 29 21 89 51 40 98 65 97 81 58 54 66 95 100 80 70 0 78 46 16 97 95 87 12 71 55 77 16 48 67 8 74 77 53 75 82 23 30 85 49 86 31 68 50 80 77 50 
84 30 95 24 33 89 42 11 50 11 66 7 55 9 83 17 36 14 98 78 0 45 6 96 12 2 90 98 66 12 52 42 79 51 60 86 24 37 90 50 70 13 79 54 61 17 84 81 18 16 
5 4 73 24 99 60 17 4 78 38 61 84 50 88 75 42 38 89 52 46 45 0 9 68 12 14 63 23 68 4 21 33 67 24 26 45 27 85 82 2 21 71 4 91 35 82 96 48 50 80 
5 60 17 81 79 79 96 98 41 54 76 26 89 73 94 80 77 98 19 16 6 9 0 80 20 47 88 87 58 1 1 80 68 56 52 52 74 28 77 70 54 62 51 7 34 73 10 76 60 44 
55 12 94 9 75 92 6 95 73 8 94 28 9 82 39 67 19 100 49 97 96 68 80 0 72 59 93 3 38 12 1 77 50 58 77 2 89 97 9 41 100 82 68 77 51 21 90 53 27 23 
24 96 80 4 33 40 100 53 55 90 58 70 15 75 36 78 86 68 71 95 12 12 20 72 0 26 89 99 37 32 22 95 24 76 32 88 76 8 89 85 36 43 73 84 51 13 84 85 80 12 
58 95 8 51 40 11 52 94 83 26 67 95 81 27 34 84 80 46 16 87 2 14 47 59 26 0 87 52 1 40 31 23 17 19 73 53 2 46 99 25 21 82 64 48 41 5 32 28 47 5 
92 48 61 62 73 86 59 33 98 30 41 76 9 77 99 97 48 28 77 12 90 63 88 93 89 87 0 12 49 69 47 85 1 10 72 52 10 63 34 84 31 4 9 35 5 54 85 82 27 66 
31 66 7 41 29 36 5 14 19 79 8 18 67 56 36 52 77 46 17 71 98 23 87 3 99 52 12 0 97 74 6 1 6 33 99 62 96 48 30 94 32 30 3 55 34 64 69 19 48 51 
92 18 72 58 16 40 45 21 26 53 95 32 74 10 4 78 79 50 65 55 66 68 58 38 37 1 49 97 0 23 56 37 79 61 21 12 87 86 9 13 43 9 18 76 8 31 23 7 60 17 
43 16 33 48 83 22 27 36 24 72 46 3 36 41 31 40 53 18 94 77 12 4 1 12 32 40 69 74 23 0 90 42 71 97 75 35 17 93 34 68 67 41 4 98 1 25 9 40 62 69 
7 3 64 85 62 62 64 66 17 28 22 66 55 9 75 47 38 26 94 16 52 21 1 1 22 31 47 6 56 90 0 52 5 78 21 32 37 51 54 95 62 22 84 3 45 32 29 31 49 74 
43 64 15 15 40 6 67 18 90 77 87 41 44 1 43 5 28 75 39 48 42 33 80 77 95 23 85 1 37 42 52 0 64 16 92 56 71 89 8 47 50 47 9 18 50 65 47 70 48 35 
61 74 10 42 72 61 77 44 98 97 18 100 30 71 43 62 26 100 93 67 79 67 68 50 24 17 1 6 79 71 5 64 0 20 1 29 34 75 13 36 19 44 17 49 44 90 64 59 33 71 
3 61 1 48 93 64 7 23 53 92 97 1 83 32 96 50 83 30 75 8 51 24 56 58 76 19 10 33 61 97 78 16 20 0 82 22 78 28 23 77 88 40 26 52 39 96 99 73 67 52 
44 45 78 16 73 45 33 25 21 47 97 41 13 87 28 22 5 68 59 74 60 26 52 77 32 73 72 99 21 75 21 92 1 82 0 2 100 78 66 88 48 61 56 48 5 45 11 15 77 33 
100 36 16 29 39 65 49 91 23 99 38 28 54 88 71 93 94 2 94 77 86 45 52 2 88 53 52 62 12 35 32 56 29 22 2 0 96 50 10 24 24 86 63 16 12 15 54 59 65 26 
94 76 93 58 4 84 97 74 38 76 28 37 40 61 52 25 51 28 2 53 24 27 74 89 76 2 10 96 87 17 37 71 34 78 100 96 0 77 68 79 77 45 96 16 92 57 71 91 13 67 
77 80 1 42 81 5 39 65 27 54 97 71 30 22 17 69 47 48 6 75 37 85 28 97 8 46 63 48 86 93 51 89 75 28 78 50 77 0 1 79 95 33 75 45 95 50 68 32 12 83 
24 73 85 83 81 2 10 44 91 63 9 43 72 33 80 69 28 25 19 82 90 82 77 9 89 99 34 30 9 34 54 8 13 23 66 10 68 1 0 95 78 88 53 43 66 30 62 44 58 59 
88 100 81 62 43 54 76 75 50 93 46 77 87 28 24 91 24 3 4 23 50 2 70 41 85 25 84 94 13 68 95 47 36 77 88 24 79 79 95 0 92 73 2 100 95 93 12 61 45 90 
31 7 70 47 97 42 52 46 25 73 36 70 18 56 96 83 76 94 51 30 70 21 54 100 36 21 31 32 43 67 62 50 19 88 48 24 77 95 78 92 0 7 30 16 3 24 65 71 55 29 
40 92 2 97 78 16 53 12 74 75 49 72 30 90 77 21 47 5 75 85 13 71 62 82 43 82 4 30 9 41 22 47 44 40 61 86 45 33 88 73 7 0 5 50 6 45 54 100 10 35 
35 15 86 25 37 8 97 75 65 11 28 58 84 58 66 30 80 2 57 49 79 4 51 68 73 64 9 3 18 4 84 9 17 26 56 63 96 75 53 2 30 5 0 62 5 92 20 96 16 73 
37 76 56 11 74 71 56 37 19 69 85 66 94 21 14 20 100 44 47 86 54 91 7 77 84 48 35 55 76 98 3 18 49 52 48 16 16 45 43 100 16 50 62 0 95 10 65 58 22 10 
71 65 86 81 67 51 6 32 3 80 78 19 16 28 1 57 51 94 20 31 61 35 34 51 51 41 5 34 8 1 45 50 44 39 5 12 92 95 66 95 3 6 5 95 0 100 81 91 15 83 
72 73 93 25 88 43 56 74 33 1 16 47 35 45 88 25 90 56 65 68 17 82 73 21 13 5 54 64 31 25 32 65 90 96 45 15 57 50 30 93 24 45 92 10 100 0 14 32 5 20 
16 57 57 89 51 67 48 86 7 20 41 88 6 91 86 52 55 4 50 50 84 96 10 90 84 32 85 69 23 9 29 47 64 99 11 54 71 68 62 12 65 54 20 65 81 14 0 60 62 21 
85 92 43 32 88 21 51 7 64 67 48 7 31 67 85 58 9 38 9 80 81 48 76 53 85 28 82 19 7 40 31 70 59 73 15 59 91 32 44 61 71 100 96 58 91 32 60 0 17 6 
95 26 12 81 5 39 89 69 17 88 78 46 65 25 96 3 45 33 49 77 18 50 60 27 80 47 27 48 60 62 49 48 33 67 77 65 13 12 58 45 55 10 16 22 15 5 62 17 0 27 
7 38 50 68 21 54 1 61 68 41 30 77 38 70 33 59 25 64 13 50 16 80 44 23 12 5 66 51 17 69 74 35 71 52 33 26 67 83 59 90 29 35 73 10 83 20 21 6 27 0 
