50
0 93 31 45 52 23 80 98 46 90 86 16 53 43 47 63 60 4 29 100 7 16 40 21 45 65 3 15 37 77 19 72 22 49 16 73 23 48 70 69 37 7 36 90 49 83 4 61 38 32 
93 0 12 96 100 51 17 44 68 19 10 4 48 80 76 69 28 43 41 51 90 62 71 27 69 6 68 69 40 71 29 77 54 40 25 5 43 41 1 10 11 10 13 58 90 40 26 69 83 18 
31 12 0 71 72 32 41 98 100 47 17 20 38 87 49 15 93 40 91 97 82 31 97 91 41 59 56 51 100 95 28 20 77 98 91 49 29 83 98 80 81 15 99 19 53 99 85 45 39 75 
45 96 71 0 94 72 5 42 63 97 52 18 99 51 64 27 23 41 24 13 41 52 47 38 31 28 4 81 46 9 80 30 5 70 56 50 41 60 92 55 8 95 24 7 98 88 85 20 80 8 
52 100 72 94 0 84 20 11 30 9 93 57 65 73 54 73 4 35 29 73 90 79 66 49 70 20 9 16 96 15 13 83 51 32 62 58 15 33 20 97 41 12 53 57 36 7 29 40 41 58 
23 51 32 72 84 0 64 31 88 29 31 57 1 91 24 96 57 37 78 7 20 91 16 35 75 35 31 67 98 35 24 86 93 4 77 86 13 40 68 100 69 98 8 21 41 32 16 97 68 45 
80 17 41 5 20 64 0 4 87 87 19 73 61 6 55 27 3 42 2 40 34 6 16 19 18 56 86 70 76 36 77 96 76 8 11 72 27 7 27 66 93 46 90 53 3 97 31 5 38 85 
98 44 98 42 11 31 4 0 45 71 90 60 42 59 67 79 28 94 66 57 89 41 16 51 65 43 57 43 60 1 88 49 53 90 45 36 47 82 20 43 5 61 54 98 19 21 76 99 66 94 
46 68 100 63 30 88 87 45 0 7 7 34 22 57 50 64 66 93 75 66 32 24 71 74 20 58 72 54 77 14 58 37 67 7 7 39 34 57 5 27 63 63 13 85 71 14 100 36 6 75 
90 19 47 97 9 29 87 71 7 0 54 90 50 76 63 69 33 34 22 9 47 31 97 65 89 55 56 23 12 12 1 74 74 13 10 44 27 62 32 84 88 37 73 89 12 35 57 96 20 31 
86 10 17 52 93 31 19 90 7 54 0 56 18 13 52 35 54 6 90 76 69 53 28 95 26 41 56 21 19 17 4 54 56 40 27 44 3 13 53 98 33 35 5 2 99 56 36 52 14 25 
16 4 20 18 57 57 73 60 34 90 56 0 79 34 29 7 28 54 99 84 27 69 52 30 22 8 70 48 3 24 13 7 22 97 41 26 98 40 34 34 43 99 10 22 32 39 80 12 44 78 
53 48 38 99 65 1 61 42 22 50 18 79 0 47 70 46 98 52 19 57 21 19 12 44 31 18 17 27 11 95 24 2 80 9 44 30 19 65 13 9 96 24 52 73 22 74 70 72 25 89 
43 80 87 51 73 91 6 59 57 76 13 34 47 0 28 97 7 91 92 89 61 9 15 71 55 90 72 86 99 15 15 69 32 27 77 27 3 28 52 24 53 73 95 77 13 75 73 71 65 65 
47 76 49 64 54 24 55 67 50 63 52 29 70 28 0 59 25 25 25 47 79 15 18 64 65 85 78 33 68 56 9 46 58 88 49 34 41 22 28 69 86 2 42 57 19 6 67 95 82 92 
63 69 15 27 73 96 27 79 64 69 35 7 46 97 59 0 42 60 6 11 75 22 47 4 54 14 59 14 12 69 53 60 2 45 33 81 14 19 35 55 75 53 12 93 47 93 84 40 4 41 
60 28 93 23 4 57 3 28 66 33 54 28 98 7 25 42 0 51 78 62 97 33 67 63 43 80 74 11 33 85 64 29 18 45 42 88 79 48 14 83 11 6 81 3 90 21 58 30 23 35 
4 43 40 41 35 37 42 94 93 34 6 54 52 91 25 60 51 0 44 71 19 10 33 62 42 58 72 26 43 88 54 12 32 96 99 62 43 12 44 54 17 24 8 58 96 66 88 18 52 83 
29 41 91 24 29 78 2 66 75 22 90 99 19 92 25 6 78 44 0 89 23 92 73 84 85 83 7 10 25 94 64 36 77 59 86 38 53 97 33 58 65 57 18 23 4 35 62 22 38 44 
100 51 97 13 73 7 40 57 66 9 76 84 57 89 47 11 62 71 89 0 62 60 87 86 43 72 68 50 81 44 95 44 79 72 54 16 61 59 12 46 68 77 2 85 99 57 71 60 78 9 
7 90 82 41 90 20 34 89 32 47 69 27 21 61 79 75 97 19 23 62 0 55 91 68 41 77 63 12 96 12 45 40 58 40 70 81 46 86 42 4 97 87 23 25 40 60 75 96 30 34 
16 62 31 52 79 91 6 41 24 31 53 69 19 9 15 22 33 10 92 60 55 0 26 38 40 68 58 81 96 20 44 92 83 40 83 40 80 52 21 25 37 14 28 86 100 2 62 91 61 37 
40 71 97 47 66 16 16 16 71 97 28 52 12 15 18 47 67 33 73 87 91 26 0 38 91 22 63 80 62 83 37 42 78 56 37 21 38 77 3 30 56 55 50 32 43 63 11 80 14 12 
21 27 91 38 49 35 19 51 74 65 95 30 44 71 64 4 63 62 84 86 68 38 38 0 42 56 73 30 93 63 51 8 42 12 90 31 5 19 86 42 40 76 70 42 5 77 48 6 8 43 
45 69 41 31 70 75 18 65 20 89 26 22 31 55 65 54 43 42 85 43 41 40 91 42 0 20 18 22 85 29 15 40 1 96 84 15 47 91 9 10 32 39 15 51 76 8 42 3 29 83 
65 6 59 28 20 35 56 43 58 55 41 8 18 90 85 14 80 58 83 72 77 68 22 56 20 0 59 5 83 64 12 25 35 81 98 19 9 65 58 62 60 42 28 58 84 88 68 68 26 34 
3 68 56 4 9 31 86 57 72 56 56 70 17 72 78 59 74 72 7 68 63 58 63 73 18 59 0 18 54 93 11 56 21 45 67 77 27 82 40 51 17 20 1 35 80 65 45 93 76 38 
15 69 51 81 16 67 70 43 54 23 21 48 27 86 33 14 11 26 10 50 12 81 80 30 22 5 18 0 21 34 21 60 1 88 38 86 57 91 30 19 98 50 64 64 78 90 46 17 93 14 
37 40 100 46 96 98 76 60 77 12 19 3 11 99 68 12 33 43 25 81 96 96 62 93 85 83 54 21 0 36 93 48 15 9 44 60 84 81 32 17 54 91 69 93 28 6 2 18 35 20 
77 71 95 9 15 35 36 1 14 12 17 24 95 15 56 69 85 88 94 44 12 20 83 63 29 64 93 34 36 0 68 36 83 31 13 25 28 29 69 41 16 13 41 83 21 84 42 56 17 73 
19 29 28 80 13 24 77 88 58 1 4 13 24 15 9 53 64 54 64 95 45 44 37 51 15 12 11 21 93 68 0 25 70 63 93 62 91 99 63 60 85 35 27 21 17 10 33 93 89 62 
72 77 20 30 83 86 96 49 37 74 54 7 2 69 46 60 29 12 36 44 40 92 42 8 40 25 56 60 48 36 25 0 61 82 77 73 22 59 45 57 52 1 73 24 25 42 39 69 56 29 
22 54 77 5 51 93 76 53 67 74 56 22 80 32 58 2 18 32 77 79 58 83 78 42 1 35 21 1 15 83 70 61 0 19 70 40 4 4 19 24 73 80 56 65 68 69 78 49 98 50 
49 40 98 70 32 4 8 90 7 13 40 97 9 27 88 45 45 96 59 72 40 40 56 12 96 81 45 88 9 31 63 82 19 0 22 8 47 79 60 47 51 35 23 93 73 91 100 1 62 69 
16 25 91 56 62 77 11 45 7 10 27 41 44 77 49 33 42 99 86 54 70 83 37 90 84 98 67 38 44 13 93 77 70 22 0 93 65 73 11 40 97 90 95 13 9 16 90 58 13 92 
73 5 49 50 58 86 72 36 39 44 44 26 30 27 34 81 88 62 38 16 81 40 21 31 15 19 77 86 60 25 62 73 40 8 93 0 31 20 38 9 31 36 60 66 58 4 38 100 55 91 
23 43 29 41 15 13 27 47 34 27 3 98 19 3 41 14 79 43 53 61 46 80 38 5 47 9 27 57 84 28 91 22 4 47 65 31 0 61 23 83 77 47 45 16 43 34 63 56 94 78 
48 41 83 60 33 40 7 82 57 62 13 40 65 28 22 19 48 12 97 59 86 52 77 19 91 65 82 91 81 29 99 59 4 79 73 20 61 0 45 51 90 88 34 61 25 42 92 12 53 9 
70 1 98 92 20 68 27 20 5 32 53 34 13 52 28 35 14 44 33 12 42 21 3 86 9 58 40 30 32 69 63 45 19 60 11 38 23 45 0 21 8 46 21 62 36 33 85 70 62 31 
69 10 80 55 97 100 66 43 27 84 98 34 9 24 69 55 83 54 58 46 4 25 30 42 10 62 51 19 17 41 60 57 24 47 40 9 83 51 21 0 14 77 74 99 39 81 93 68 25 95 
37 11 81 8 41 69 93 5 63 88 33 43 96 53 86 75 11 17 65 68 97 37 56 40 32 60 17 98 54 16 85 52 73 51 97 31 77 90 8 14 0 9 13 28 70 89 22 13 1 74 
7 10 15 95 12 98 46 61 63 37 35 99 24 73 2 53 6 24 57 77 87 14 55 76 39 42 20 50 91 13 35 1 80 35 90 36 47 88 46 77 9 0 73 73 82 18 93 43 6 78 
36 13 99 24 53 8 90 54 13 73 5 10 52 95 42 12 81 8 18 2 23 28 50 70 15 28 1 64 69 41 27 73 56 23 95 60 45 34 21 74 13 73 0 27 27 39 10 93 67 35 
90 58 19 7 57 21 53 98 85 89 2 22 73 77 57 93 3 58 23 85 25 86 32 42 51 58 35 64 93 83 21 24 65 93 13 66 16 61 62 99 28 73 27 0 91 58 15 35 25 91 
49 90 53 98 36 41 3 19 71 12 99 32 22 13 19 47 90 96 4 99 40 100 43 5 76 84 80 78 28 21 17 25 68 73 9 58 43 25 36 39 70 82 27 91 0 82 34 55 9 55 
83 40 99 88 7 32 97 21 14 35 56 39 74 75 6 93 21 66 35 57 60 2 63 77 8 88 65 90 6 84 10 42 69 91 16 4 34 42 33 81 89 18 39 58 82 0 44 30 19 96 
4 26 85 85 29 16 31 76 100 57 36 80 70 73 67 84 58 88 62 71 75 62 11 48 42 68 45 46 2 42 33 39 78 100 90 38 63 92 85 93 22 93 10 15 34 44 0 56 91 68 
61 69 45 20 40 97 5 99 36 96 52 12 72 71 95 40 30 18 22 60 96 91 80 6 3 68 93 17 18 56 93 69 49 1 58 100 56 12 70 68 13 43 93 35 55 30 56 0 37 60 
38 83 39 80 41 68 38 66 6 20 14 44 25 65 82 4 23 52 38 78 30 61 14 8 29 26 76 93 35 17 89 56 98 62 13 55 94 53 62 25 1 6 67 25 9 19 91 37 0 13 
32 18 75 8 58 45 85 94 75 31 25 78 89 65 92 41 35 83 44 9 34 37 12 43 83 34 38 14 20 73 62 29 50 69 92 91 78 9 31 95 74 78 35 91 55 96 68 60 13 0 
