90
0 47 21 21 22 66 44 75 66 13 65 20 82 91 47 13 27 10 60 22 59 85 41 74 81 57 79 25 50 76 62 69 22 82 89 95 99 32 69 16 97 34 36 78 76 34 42 2 43 1 24 54 86 16 27 18 72 57 42 74 32 3 42 5 36 30 100 86 14 20 1 10 53 36 39 28 21 81 82 64 33 5 17 70 20 95 87 43 3 28 
47 0 16 34 82 57 90 69 39 89 54 4 9 7 13 13 94 3 93 15 35 74 30 68 78 46 37 49 92 76 43 94 3 59 79 85 67 68 5 5 9 11 60 17 17 24 81 62 27 73 28 13 98 57 32 27 54 21 75 45 96 70 90 98 28 68 34 46 36 39 51 44 49 62 12 17 86 44 78 12 69 58 24 66 14 56 45 68 76 71 
21 16 0 64 23 40 54 20 67 73 6 13 8 96 15 3 96 76 66 12 61 10 41 24 30 98 100 47 64 7 91 83 34 62 46 56 1 51 27 20 24 32 84 83 79 50 86 74 77 3 37 90 64 30 13 93 79 64 40 42 70 82 24 3 43 22 58 96 72 85 15 47 68 98 30 47 47 67 72 23 69 9 12 85 38 77 29 16 40 68 
21 34 64 0 10 10 2 85 64 44 6 22 39 30 58 5 76 25 2 5 23 100 71 95 75 92 3 86 76 92 14 4 59 54 24 68 15 25 53 78 20 10 51 11 39 8 15 67 85 69 71 59 68 94 53 42 37 7 80 12 98 93 67 9 98 42 76 64 18 80 42 38 42 92 100 32 52 66 98 88 34 21 46 54 66 99 47 2 57 26 
22 82 23 10 0 65 7 71 31 15 20 25 42 84 42 74 77 31 15 20 82 46 71 48 44 10 33 64 56 86 81 6 33 82 62 10 46 20 32 28 34 4 52 28 39 46 1 15 76 15 34 58 60 57 57 55 66 89 70 21 27 50 78 11 31 40 72 28 11 4 8 45 59 59 24 97 56 24 63 84 38 96 93 49 4 49 4 70 37 73 
66 57 40 10 65 0 42 63 23 20 73 5 11 45 33 21 100 40 17 10 50 40 6 58 15 68 41 52 15 33 1 19 81 56 40 69 80 81 32 2 52 56 59 14 52 91 87 51 82 55 60 83 47 17 40 61 36 32 65 51 64 17 21 44 72 60 65 51 92 48 5 96 3 63 9 55 5 47 57 38 2 69 72 48 37 12 60 73 43 24 
44 90 54 2 7 42 0 23 59 40 43 54 63 54 18 66 45 65 70 40 20 84 1 74 88 47 82 77 48 2 48 47 39 11 7 11 54 82 85 12 74 27 17 36 80 35 1 76 99 22 16 18 5 16 43 44 14 77 20 62 78 20 60 16 30 18 78 83 100 62 46 25 40 63 60 19 49 13 47 47 34 62 17 91 29 11 34 42 87 6 
75 69 20 85 71 63 23 0 55 17 25 67 32 54 84 62 89 35 23 86 59 15 100 71 85 48 83 31 47 68 44 15 10 72 25 96 66 64 1 72 80 77 38 63 82 22 24 70 8 99 8 67 13 59 37 97 59 71 28 57 90 71 71 100 95 47 47 60 10 99 31 89 75 21 52 56 42 75 78 49 73 37 67 37 95 55 34 5 77 13 
66 39 67 64 31 23 59 55 0 61 67 35 31 18 81 78 64 40 39 62 23 28 88 43 79 95 36 5 24 36 30 60 3 66 7 57 51 11 34 15 72 52 50 54 21 30 83 36 22 22 49 96 49 36 90 79 82 25 83 6 12 12 17 14 30 23 23 80 34 8 47 57 59 96 10 31 77 93 66 50 14 14 45 14 1 86 92 82 62 74 
13 89 73 44 15 20 40 17 61 0 87 74 38 4 39 67 26 13 98 11 20 44 19 30 91 81 60 68 73 25 69 38 90 66 3 90 51 94 72 13 19 58 38 56 13 28 74 91 41 72 1 60 15 72 90 58 52 1 77 76 78 45 65 67 10 67 57 13 60 80 77 30 37 14 86 2 41 11 92 81 82 44 93 49 15 34 6 66 34 82 
65 54 6 6 20 73 43 25 67 87 0 41 63 78 5 30 88 23 38 52 82 17 28 64 5 93 1 6 33 11 97 66 93 41 10 93 55 43 98 73 28 31 65 91 60 22 72 47 44 9 98 78 77 77 41 33 69 41 39 54 51 87 19 95 79 80 87 86 22 36 58 49 18 74 91 78 95 62 76 39 70 26 16 98 2 8 31 71 48 21 
20 4 13 22 25 5 54 67 35 74 41 0 24 50 7 94 45 86 73 83 71 94 71 80 94 88 53 85 65 48 46 41 86 68 66 53 17 19 12 47 89 11 67 64 60 74 57 56 11 81 91 81 26 61 60 20 48 12 56 65 11 53 57 48 20 22 52 89 40 63 35 81 73 54 44 85 79 53 92 89 33 82 69 59 94 80 30 94 43 85 
82 9 8 39 42 11 63 32 31 38 63 24 0 58 54 37 14 1 9 87 53 97 78 67 31 10 40 36 54 76 14 6 19 2 90 53 22 48 46 53 77 39 96 13 48 1 50 13 1 58 51 5 6 81 24 88 90 63 24 95 90 37 52 8 91 42 60 12 41 58 65 18 48 12 82 96 12 31 60 64 40 11 21 97 91 44 85 32 58 8 
91 7 96 30 84 45 54 54 18 4 78 50 58 0 27 47 96 78 6 86 19 18 98 12 75 14 81 74 25 62 21 88 93 81 51 84 43 71 81 85 14 17 16 23 24 42 69 71 72 27 57 42 44 6 53 70 71 33 95 95 95 16 82 39 48 84 74 90 7 54 26 72 22 41 95 97 35 15 68 6 41 76 47 36 81 100 57 3 84 4 
47 13 15 58 42 33 18 84 81 39 5 7 54 27 0 49 78 19 82 16 18 65 42 59 71 47 84 43 69 76 89 65 10 3 84 67 96 59 66 83 91 65 92 93 100 95 41 78 65 22 45 82 39 86 40 9 33 75 3 53 50 43 17 12 46 1 78 93 11 43 75 2 59 66 94 59 60 87 88 24 60 32 57 98 70 48 59 54 22 61 
13 13 3 5 74 21 66 62 78 67 30 94 37 47 49 0 6 24 56 22 35 1 74 12 93 85 7 19 38 65 85 83 75 96 69 62 72 29 46 28 78 15 28 36 68 49 49 25 72 4 46 6 4 72 70 48 8 76 66 45 92 2 27 67 98 48 80 21 76 25 100 5 39 27 41 58 28 89 82 99 44 80 57 99 3 78 46 10 5 63 
27 94 96 76 77 100 45 89 64 26 88 45 14 96 78 6 0 54 96 17 32 14 66 79 94 86 6 70 85 11 61 64 51 18 91 91 52 41 34 83 97 32 85 74 29 46 78 43 99 26 59 82 91 24 61 84 61 66 54 46 76 66 61 78 35 51 68 86 91 53 20 40 36 4 13 16 1 43 59 51 20 17 33 10 93 93 46 53 10 51 
10 3 76 25 31 40 65 35 40 13 23 86 1 78 19 24 54 0 50 86 16 10 63 50 12 83 88 3 87 7 42 23 63 6 38 63 100 96 14 19 65 98 29 9 90 26 13 99 76 63 36 91 24 51 92 36 85 79 38 71 86 31 45 100 36 83 14 88 30 79 6 46 76 86 54 17 11 19 16 86 81 3 28 56 53 20 91 89 50 80 
60 93 66 2 15 17 70 23 39 98 38 73 9 6 82 56 96 50 0 60 35 62 4 86 50 38 100 37 68 78 42 65 54 80 19 22 90 37 37 28 69 92 55 76 96 26 67 85 76 98 96 62 60 99 100 9 89 99 45 56 28 38 20 33 17 90 55 7 78 43 86 98 34 92 74 30 70 92 66 45 89 61 58 100 11 57 60 99 55 4 
22 15 12 5 20 10 40 86 62 11 52 83 87 86 16 22 17 86 60 0 6 35 94 78 67 10 19 21 68 49 64 53 46 49 97 71 30 66 62 95 10 3 7 19 54 18 76 14 16 82 69 74 16 62 51 35 24 69 7 91 17 70 96 15 71 44 85 100 9 99 47 70 53 53 88 6 22 15 19 90 97 40 63 64 1 13 50 76 33 57 
59 35 61 23 82 50 20 59 23 20 82 71 53 19 18 35 32 16 35 6 0 19 2 78 66 68 48 9 52 100 17 2 46 38 54 50 25 60 72 92 30 61 40 69 23 55 22 87 5 97 71 61 67 72 38 32 39 86 40 43 85 8 44 82 45 50 31 22 9 2 13 90 14 4 11 36 58 32 74 62 80 45 22 99 68 60 30 59 97 70 
85 74 10 100 46 40 84 15 28 44 17 94 97 18 65 1 14 10 62 35 19 0 53 33 77 96 14 74 97 96 95 57 50 59 47 63 62 57 51 19 40 24 33 71 20 54 69 88 65 51 98 61 20 50 93 48 97 58 73 94 6 19 50 55 77 48 69 90 56 71 61 95 95 93 18 66 46 38 5 11 88 2 23 59 51 16 59 48 25 83 
41 30 41 71 71 6 1 100 88 19 28 71 78 98 42 74 66 63 4 94 2 53 0 41 30 2 42 36 78 90 5 20 45 27 80 92 21 72 61 39 69 50 43 79 38 45 54 48 95 69 58 94 45 41 86 75 42 28 10 71 69 66 42 65 93 21 8 65 44 68 3 13 18 46 43 7 42 96 6 88 64 64 82 9 56 67 35 49 46 96 
74 68 24 95 48 58 74 71 43 30 64 80 67 12 59 12 79 50 86 78 78 33 41 0 19 66 62 61 31 6 33 38 70 77 58 25 89 75 70 83 33 63 79 38 50 94 53 31 54 8 50 88 56 47 84 27 13 97 39 43 2 23 80 23 99 37 47 39 63 68 22 95 30 100 85 80 45 89 62 99 49 11 38 56 58 21 82 70 69 72 
81 78 30 75 44 15 88 85 79 91 5 94 31 75 71 93 94 12 50 67 66 77 30 19 0 64 70 95 43 93 45 32 91 84 46 59 57 93 88 8 77 19 52 17 81 50 65 43 88 21 52 60 54 21 81 26 36 50 72 31 94 16 62 85 51 7 95 59 51 82 66 27 1 70 96 33 19 60 75 58 32 27 70 86 99 2 63 35 51 34 
57 46 98 92 10 68 47 48 95 81 93 88 10 14 47 85 86 83 38 10 68 96 2 66 64 0 65 97 1 78 33 4 36 27 62 87 60 80 65 12 49 60 44 19 72 71 29 3 97 50 40 47 51 2 81 53 87 97 1 40 74 33 43 62 11 56 48 71 87 12 82 35 72 78 6 95 48 86 97 96 35 37 42 85 90 75 89 77 23 90 
79 37 100 3 33 41 82 83 36 60 1 53 40 81 84 7 6 88 100 19 48 14 42 62 70 65 0 16 49 22 10 10 85 17 57 55 56 68 88 42 91 65 47 85 64 32 34 59 18 70 53 54 11 27 43 87 1 32 54 49 5 15 58 89 84 14 95 39 34 83 80 76 99 27 61 63 10 46 73 28 67 25 81 77 3 75 64 4 6 69 
25 49 47 86 64 52 77 31 5 68 6 85 36 74 43 19 70 3 37 21 9 74 36 61 95 97 16 0 52 63 84 62 3 67 27 98 5 60 32 84 88 82 62 100 44 24 45 69 51 11 93 83 87 96 58 2 51 15 71 54 29 6 15 32 72 42 81 28 53 12 63 40 45 77 39 89 100 35 57 2 45 1 84 32 48 93 85 98 60 55 
50 92 64 76 56 15 48 47 24 73 33 65 54 25 69 38 85 87 68 68 52 97 78 31 43 1 49 52 0 52 88 60 18 71 83 59 51 62 64 14 77 55 59 53 46 99 4 80 7 5 25 7 88 8 55 33 92 52 92 99 55 79 10 73 50 45 83 52 6 46 66 82 1 76 86 46 74 89 77 80 93 53 86 33 60 92 65 4 44 56 
76 76 7 92 86 33 2 68 36 25 11 48 76 62 76 65 11 7 78 49 100 96 90 6 93 78 22 63 52 0 54 50 86 15 22 87 59 57 39 65 2 4 98 54 31 36 51 4 76 28 83 69 80 20 53 92 12 17 47 7 24 52 8 61 66 82 48 25 38 86 41 91 41 90 97 71 77 47 74 53 26 8 21 58 79 25 1 42 41 99 
62 43 91 14 81 1 48 44 30 69 97 46 14 21 89 85 61 42 42 64 17 95 5 33 45 33 10 84 88 54 0 100 16 50 8 76 67 41 75 43 78 60 83 68 100 25 64 22 1 63 95 53 40 54 25 97 33 49 49 26 41 47 26 8 48 85 84 15 25 10 57 2 70 92 21 21 16 37 43 68 51 89 21 90 43 45 39 27 94 87 
69 94 83 4 6 19 47 15 60 38 66 41 6 88 65 83 64 23 65 53 2 57 20 38 32 4 10 62 60 50 100 0 4 86 34 29 94 33 65 29 47 89 38 56 42 59 47 15 80 14 3 74 81 53 62 1 42 56 98 80 34 43 67 38 28 52 18 73 84 83 1 83 23 39 38 17 97 36 83 28 49 85 1 81 37 63 34 30 70 83 
22 3 34 59 33 81 39 10 3 90 93 86 19 93 10 75 51 63 54 46 46 50 45 70 91 36 85 3 18 86 16 4 0 62 4 25 80 41 4 31 58 77 66 92 29 100 15 67 37 83 16 24 65 43 24 49 96 5 37 10 90 66 79 72 27 82 48 6 74 51 88 32 79 6 75 8 5 89 26 94 23 41 17 87 36 41 35 83 97 23 
82 59 62 54 82 56 11 72 66 66 41 68 2 81 3 96 18 6 80 49 38 59 27 77 84 27 17 67 71 15 50 86 62 0 92 38 89 70 9 67 4 56 25 77 58 64 60 37 69 35 96 74 75 21 67 98 14 35 84 1 27 71 83 23 93 74 12 33 95 20 100 98 75 76 27 85 39 86 21 8 20 16 81 95 88 99 92 1 33 27 
89 79 46 24 62 40 7 25 7 3 10 66 90 51 84 69 91 38 19 97 54 47 80 58 46 62 57 27 83 22 8 34 4 92 0 1 60 49 83 34 42 8 46 26 3 17 77 52 44 52 78 28 91 64 100 50 83 15 82 29 2 80 72 55 64 99 55 75 47 90 61 40 97 6 66 51 74 42 3 17 46 80 44 36 95 43 37 78 9 18 
95 85 56 68 10 69 11 96 57 90 93 53 53 84 67 62 91 63 22 71 50 63 92 25 59 87 55 98 59 87 76 29 25 38 1 0 58 63 97 30 17 12 80 23 87 78 64 47 18 61 4 35 11 77 28 65 46 73 45 41 60 39 36 96 68 44 13 78 58 61 7 26 73 86 49 11 63 12 9 32 24 12 18 87 40 46 51 85 18 47 
99 67 1 15 46 80 54 66 51 51 55 17 22 43 96 72 52 100 90 30 25 62 21 89 57 60 56 5 51 59 67 94 80 89 60 58 0 26 30 38 61 25 57 56 90 34 14 2 92 91 26 29 39 36 92 3 44 75 78 7 93 16 47 90 19 83 7 65 8 88 54 20 65 63 76 54 96 41 7 40 31 33 68 22 20 11 76 64 86 53 
32 68 51 25 20 81 82 64 11 94 43 19 48 71 59 29 41 96 37 66 60 57 72 75 93 80 68 60 62 57 41 33 41 70 49 63 26 0 22 30 69 20 19 87 3 77 3 10 65 9 30 29 71 57 34 18 97 40 57 79 72 77 100 44 87 75 7 24 80 80 53 48 100 23 86 2 100 40 63 16 100 44 96 70 100 29 40 48 20 48 
69 5 27 53 32 32 85 1 34 72 98 12 46 81 66 46 34 14 37 62 72 51 61 70 88 65 88 32 64 39 75 65 4 9 83 97 30 22 0 27 44 24 26 87 11 53 45 86 32 24 39 31 75 61 68 76 12 7 39 27 59 34 74 28 34 2 19 81 74 67 59 17 42 85 3 4 89 99 90 20 22 28 50 49 40 17 24 4 75 14 
16 5 20 78 28 2 12 72 15 13 73 47 53 85 83 28 83 19 28 95 92 19 39 83 8 12 42 84 14 65 43 29 31 67 34 30 38 30 27 0 82 33 48 56 13 33 9 31 65 82 49 24 50 91 60 4 94 48 2 83 67 76 62 68 24 54 84 47 57 58 13 38 91 12 45 3 44 54 85 8 87 34 83 37 76 94 40 21 93 42 
97 9 24 20 34 52 74 80 72 19 28 89 77 14 91 78 97 65 69 10 30 40 69 33 77 49 91 88 77 2 78 47 58 4 42 17 61 69 44 82 0 4 59 17 17 26 92 70 61 90 78 19 2 68 61 13 12 15 8 17 99 68 4 84 2 92 59 96 31 80 88 24 35 99 92 3 76 83 73 37 73 2 7 74 69 67 39 33 81 98 
34 11 32 10 4 56 27 77 52 58 31 11 39 17 65 15 32 98 92 3 61 24 50 63 19 60 65 82 55 4 60 89 77 56 8 12 25 20 24 33 4 0 49 31 65 4 15 19 95 73 14 78 4 53 1 90 51 93 93 79 75 65 67 47 18 73 73 87 91 63 71 23 60 71 53 77 75 19 95 21 44 60 50 47 12 51 37 15 95 29 
36 60 84 51 52 59 17 38 50 38 65 67 96 16 92 28 85 29 55 7 40 33 43 79 52 44 47 62 59 98 83 38 66 25 46 80 57 19 26 48 59 49 0 93 69 45 59 68 14 83 40 100 73 2 70 47 13 93 51 89 67 70 35 39 13 94 89 11 6 91 99 72 85 79 16 53 23 74 72 37 8 63 88 32 64 10 78 29 2 28 
78 17 83 11 28 14 36 63 54 56 91 64 13 23 93 36 74 9 76 19 69 71 79 38 17 19 85 100 53 54 68 56 92 77 26 23 56 87 87 56 17 31 93 0 17 20 49 52 10 61 97 50 72 2 40 70 25 24 49 40 29 23 65 100 11 72 63 51 3 78 12 32 6 13 60 75 84 60 78 45 21 74 95 44 28 34 65 52 10 65 
76 17 79 39 39 52 80 82 21 13 60 60 48 24 100 68 29 90 96 54 23 20 38 50 81 72 64 44 46 31 100 42 29 58 3 87 90 3 11 13 17 65 69 17 0 44 38 40 8 89 50 80 3 52 34 33 63 66 90 27 77 16 62 36 93 7 8 19 1 3 46 34 68 49 95 32 92 84 71 52 73 73 83 27 76 16 11 39 33 1 
34 24 50 8 46 91 35 22 30 28 22 74 1 42 95 49 46 26 26 18 55 54 45 94 50 71 32 24 99 36 25 59 100 64 17 78 34 77 53 33 26 4 45 20 44 0 17 61 16 79 49 61 85 8 79 85 11 76 70 78 24 17 61 68 100 84 19 24 56 53 51 31 20 13 21 53 65 38 65 81 16 13 93 52 21 23 88 31 98 57 
42 81 86 15 1 87 1 24 83 74 72 57 50 69 41 49 78 13 67 76 22 69 54 53 65 29 34 45 4 51 64 47 15 60 77 64 14 3 45 9 92 15 59 49 38 17 0 60 73 73 20 92 25 3 62 48 10 14 50 93 34 63 13 38 27 2 2 59 69 67 51 20 87 25 7 69 22 16 28 47 40 99 38 64 2 100 12 63 65 13 
2 62 74 67 15 51 76 70 36 91 47 56 13 71 78 25 43 99 85 14 87 88 48 31 43 3 59 69 80 4 22 15 67 37 52 47 2 10 86 31 70 19 68 52 40 61 60 0 55 98 75 20 87 54 73 89 12 42 55 15 13 93 39 72 61 13 39 40 59 30 38 96 94 91 47 57 54 64 21 60 61 96 31 48 49 4 88 12 97 94 
43 27 77 85 76 82 99 8 22 41 44 11 1 72 65 72 99 76 76 16 5 65 95 54 88 97 18 51 7 76 1 80 37 69 44 18 92 65 32 65 61 95 14 10 8 16 73 55 0 26 9 86 17 32 98 29 22 37 87 52 26 34 97 69 33 5 74 96 25 85 8 20 16 55 20 19 94 32 15 87 9 75 72 25 59 69 53 80 57 91 
1 73 3 69 15 55 22 99 22 72 9 81 58 27 22 4 26 63 98 82 97 51 69 8 21 50 70 11 5 28 63 14 83 35 52 61 91 9 24 82 90 73 83 61 89 79 73 98 26 0 31 35 25 79 3 57 83 28 4 8 12 11 79 27 18 99 97 11 82 63 98 42 90 21 19 48 42 23 79 50 14 62 84 90 40 38 98 23 17 1 
24 28 37 71 34 60 16 8 49 1 98 91 51 57 45 46 59 36 96 69 71 98 58 50 52 40 53 93 25 83 95 3 16 96 78 4 26 30 39 49 78 14 40 97 50 49 20 75 9 31 0 82 29 11 60 55 28 10 4 39 91 66 88 85 55 60 3 54 1 25 33 3 38 94 38 79 85 28 76 59 44 76 40 72 87 100 79 66 9 82 
54 13 90 59 58 83 18 67 96 60 78 81 5 42 82 6 82 91 62 74 61 61 94 88 60 47 54 83 7 69 53 74 24 74 28 35 29 29 31 24 19 78 100 50 80 61 92 20 86 35 82 0 4 52 47 43 36 54 55 38 7 55 14 39 9 4 84 47 82 69 74 58 27 17 85 67 41 71 18 19 89 26 52 44 77 50 87 64 3 41 
86 98 64 68 60 47 5 13 49 15 77 26 6 44 39 4 91 24 60 16 67 20 45 56 54 51 11 87 88 80 40 81 65 75 91 11 39 71 75 50 2 4 73 72 3 85 25 87 17 25 29 4 0 1 10 47 67 100 56 70 84 54 51 4 79 60 82 95 45 100 87 15 17 5 55 95 8 99 71 58 85 87 60 77 87 21 75 5 21 82 
16 57 30 94 57 17 16 59 36 72 77 61 81 6 86 72 24 51 99 62 72 50 41 47 21 2 27 96 8 20 54 53 43 21 64 77 36 57 61 91 68 53 2 2 52 8 3 54 32 79 11 52 1 0 74 56 35 25 11 13 84 92 60 80 44 46 47 60 3 1 6 10 99 29 19 35 15 31 11 53 51 86 58 23 67 31 78 54 7 40 
27 32 13 53 57 40 43 37 90 90 41 60 24 53 40 70 61 92 100 51 38 93 86 84 81 81 43 58 55 53 25 62 24 67 100 28 92 34 68 60 61 1 70 40 34 79 62 73 98 3 60 47 10 74 0 18 43 84 29 22 27 27 68 38 29 69 44 90 19 72 61 54 86 91 64 38 41 1 47 64 20 78 93 73 36 33 42 78 16 71 
18 27 93 42 55 61 44 97 79 58 33 20 88 70 9 48 84 36 9 35 32 48 75 27 26 53 87 2 33 92 97 1 49 98 50 65 3 18 76 4 13 90 47 70 33 85 48 89 29 57 55 43 47 56 18 0 52 94 97 71 31 77 91 74 18 10 97 78 63 34 68 26 24 61 79 70 76 98 99 68 22 35 52 63 64 19 85 15 12 81 
72 54 79 37 66 36 14 59 82 52 69 48 90 71 33 8 61 85 89 24 39 97 42 13 36 87 1 51 92 12 33 42 96 14 83 46 44 97 12 94 12 51 13 25 63 11 10 12 22 83 28 36 67 35 43 52 0 38 43 9 28 68 27 37 17 4 99 50 24 77 73 84 55 95 59 52 93 78 25 27 30 87 91 48 72 57 12 4 46 54 
57 21 64 7 89 32 77 71 25 1 41 12 63 33 75 76 66 79 99 69 86 58 28 97 50 97 32 15 52 17 49 56 5 35 15 73 75 40 7 48 15 93 93 24 66 76 14 42 37 28 10 54 100 25 84 94 38 0 13 74 73 39 10 89 94 61 91 17 37 15 100 43 9 10 46 2 88 70 28 17 8 70 16 31 79 79 35 24 84 47 
42 75 40 80 70 65 20 28 83 77 39 56 24 95 3 66 54 38 45 7 40 73 10 39 72 1 54 71 92 47 49 98 37 84 82 45 78 57 39 2 8 93 51 49 90 70 50 55 87 4 4 55 56 11 29 97 43 13 0 49 57 37 11 97 30 71 39 99 59 54 98 1 62 60 98 15 47 19 43 15 26 64 82 57 94 61 43 70 44 89 
74 45 42 12 21 51 62 57 6 76 54 65 95 95 53 45 46 71 56 91 43 94 71 43 31 40 49 54 99 7 26 80 10 1 29 41 7 79 27 83 17 79 89 40 27 78 93 15 52 8 39 38 70 13 22 71 9 74 49 0 18 52 77 28 49 6 50 39 4 8 92 54 60 6 65 57 20 11 27 14 77 53 30 58 61 23 70 3 44 14 
32 96 70 98 27 64 78 90 12 78 51 11 90 95 50 92 76 86 28 17 85 6 69 2 94 74 5 29 55 24 41 34 90 27 2 60 93 72 59 67 99 75 67 29 77 24 34 13 26 12 91 7 84 84 27 31 28 73 57 18 0 91 14 17 19 93 17 24 43 56 80 2 47 85 14 52 49 22 24 11 49 37 87 1 66 96 61 41 66 63 
3 70 82 93 50 17 20 71 12 45 87 53 37 16 43 2 66 31 38 70 8 19 66 23 16 33 15 6 79 52 47 43 66 71 80 39 16 77 34 76 68 65 70 23 16 17 63 93 34 11 66 55 54 92 27 77 68 39 37 52 91 0 84 31 5 49 47 23 42 64 98 36 71 29 89 17 65 2 21 65 24 44 75 24 32 13 24 98 9 36 
42 90 24 67 78 21 60 71 17 65 19 57 52 82 17 27 61 45 20 96 44 50 42 80 62 43 58 15 10 8 26 67 79 83 72 36 47 100 74 62 4 67 35 65 62 61 13 39 97 79 88 14 51 60 68 91 27 10 11 77 14 84 0 90 26 50 25 8 54 74 54 28 67 69 77 54 39 58 42 8 22 96 80 87 71 75 13 94 6 26 
5 98 3 9 11 44 16 100 14 67 95 48 8 39 12 67 78 100 33 15 82 55 65 23 85 62 89 32 73 61 8 38 72 23 55 96 90 44 28 68 84 47 39 100 36 68 38 72 69 27 85 39 4 80 38 74 37 89 97 28 17 31 90 0 17 55 34 4 44 11 53 69 18 58 94 23 37 60 92 13 13 82 22 6 41 44 1 20 82 71 
36 28 43 98 31 72 30 95 30 10 79 20 91 48 46 98 35 36 17 71 45 77 93 99 51 11 84 72 50 66 48 28 27 93 64 68 19 87 34 24 2 18 13 11 93 100 27 61 33 18 55 9 79 44 29 18 17 94 30 49 19 5 26 17 0 46 94 16 4 19 84 58 4 87 54 14 91 22 31 48 15 6 84 26 49 49 90 82 70 95 
30 68 22 42 40 60 18 47 23 67 80 22 42 84 1 48 51 83 90 44 50 48 21 37 7 56 14 42 45 82 85 52 82 74 99 44 83 75 2 54 92 73 94 72 7 84 2 13 5 99 60 4 60 46 69 10 4 61 71 6 93 49 50 55 46 0 23 65 48 94 46 70 40 92 86 95 10 69 52 66 8 57 79 98 30 62 46 96 67 81 
100 34 58 76 72 65 78 47 23 57 87 52 60 74 78 80 68 14 55 85 31 69 8 47 95 48 95 81 83 48 84 18 48 12 55 13 7 7 19 84 59 73 89 63 8 19 2 39 74 97 3 84 82 47 44 97 99 91 39 50 17 47 25 34 94 23 0 21 15 81 10 96 3 57 70 67 4 64 65 25 55 8 10 1 17 31 52 82 38 61 
86 46 96 64 28 51 83 60 80 13 86 89 12 90 93 21 86 88 7 100 22 90 65 39 59 71 39 28 52 25 15 73 6 33 75 78 65 24 81 47 96 87 11 51 19 24 59 40 96 11 54 47 95 60 90 78 50 17 99 39 24 23 8 4 16 65 21 0 13 35 90 74 32 86 92 13 6 58 45 68 5 47 24 27 66 79 42 82 55 96 
14 36 72 18 11 92 100 10 34 60 22 40 41 7 11 76 91 30 78 9 9 56 44 63 51 87 34 53 6 38 25 84 74 95 47 58 8 80 74 57 31 91 6 3 1 56 69 59 25 82 1 82 45 3 19 63 24 37 59 4 43 42 54 44 4 48 15 13 0 89 65 96 5 47 99 39 84 11 3 18 1 28 2 86 19 14 43 28 10 10 
20 39 85 80 4 48 62 99 8 80 36 63 58 54 43 25 53 79 43 99 2 71 68 68 82 12 83 12 46 86 10 83 51 20 90 61 88 80 67 58 80 63 91 78 3 53 67 30 85 63 25 69 100 1 72 34 77 15 54 8 56 64 74 11 19 94 81 35 89 0 84 57 85 10 22 15 51 55 70 98 43 86 45 99 32 96 37 15 6 39 
1 51 15 42 8 5 46 31 47 77 58 35 65 26 75 100 20 6 86 47 13 61 3 22 66 82 80 63 66 41 57 1 88 100 61 7 54 53 59 13 88 71 99 12 46 51 51 38 8 98 33 74 87 6 61 68 73 100 98 92 80 98 54 53 84 46 10 90 65 84 0 84 6 66 85 91 36 50 34 15 60 95 99 16 80 8 89 94 11 43 
10 44 47 38 45 96 25 89 57 30 49 81 18 72 2 5 40 46 98 70 90 95 13 95 27 35 76 40 82 91 2 83 32 98 40 26 20 48 17 38 24 23 72 32 34 31 20 96 20 42 3 58 15 10 54 26 84 43 1 54 2 36 28 69 58 70 96 74 96 57 84 0 15 8 37 100 53 35 31 100 72 45 5 62 81 11 80 17 53 67 
53 49 68 42 59 3 40 75 59 37 18 73 48 22 59 39 36 76 34 53 14 95 18 30 1 72 99 45 1 41 70 23 79 75 97 73 65 100 42 91 35 60 85 6 68 20 87 94 16 90 38 27 17 99 86 24 55 9 62 60 47 71 67 18 4 40 3 32 5 85 6 15 0 67 38 82 26 33 32 93 64 91 33 9 1 27 24 9 63 23 
36 62 98 92 59 63 63 21 96 14 74 54 12 41 66 27 4 86 92 53 4 93 46 100 70 78 27 77 76 90 92 39 6 76 6 86 63 23 85 12 99 71 79 13 49 13 25 91 55 21 94 17 5 29 91 61 95 10 60 6 85 29 69 58 87 92 57 86 47 10 66 8 67 0 13 97 6 12 20 2 16 34 82 78 65 99 83 31 17 20 
39 12 30 100 24 9 60 52 10 86 91 44 82 95 94 41 13 54 74 88 11 18 43 85 96 6 61 39 86 97 21 38 75 27 66 49 76 86 3 45 92 53 16 60 95 21 7 47 20 19 38 85 55 19 64 79 59 46 98 65 14 89 77 94 54 86 70 92 99 22 85 37 38 13 0 64 94 4 95 86 67 86 70 28 86 48 3 46 10 25 
28 17 47 32 97 55 19 56 31 2 78 85 96 97 59 58 16 17 30 6 36 66 7 80 33 95 63 89 46 71 21 17 8 85 51 11 54 2 4 3 3 77 53 75 32 53 69 57 19 48 79 67 95 35 38 70 52 2 15 57 52 17 54 23 14 95 67 13 39 15 91 100 82 97 64 0 10 58 30 21 30 84 89 63 65 18 27 15 100 57 
21 86 47 52 56 5 49 42 77 41 95 79 12 35 60 28 1 11 70 22 58 46 42 45 19 48 10 100 74 77 16 97 5 39 74 63 96 100 89 44 76 75 23 84 92 65 22 54 94 42 85 41 8 15 41 76 93 88 47 20 49 65 39 37 91 10 4 6 84 51 36 53 26 6 94 10 0 31 20 73 24 23 67 61 42 4 82 21 90 29 
81 44 67 66 24 47 13 75 93 11 62 53 31 15 87 89 43 19 92 15 32 38 96 89 60 86 46 35 89 47 37 36 89 86 42 12 41 40 99 54 83 19 74 60 84 38 16 64 32 23 28 71 99 31 1 98 78 70 19 11 22 2 58 60 22 69 64 58 11 55 50 35 33 12 4 58 31 0 23 87 90 99 97 48 29 69 77 64 9 91 
82 78 72 98 63 57 47 78 66 92 76 92 60 68 88 82 59 16 66 19 74 5 6 62 75 97 73 57 77 74 43 83 26 21 3 9 7 63 90 85 73 95 72 78 71 65 28 21 15 79 76 18 71 11 47 99 25 28 43 27 24 21 42 92 31 52 65 45 3 70 34 31 32 20 95 30 20 23 0 28 27 17 43 26 25 25 97 97 49 72 
64 12 23 88 84 38 47 49 50 81 39 89 64 6 24 99 51 86 45 90 62 11 88 99 58 96 28 2 80 53 68 28 94 8 17 32 40 16 20 8 37 21 37 45 52 81 47 60 87 50 59 19 58 53 64 68 27 17 15 14 11 65 8 13 48 66 25 68 18 98 15 100 93 2 86 21 73 87 28 0 16 9 65 19 91 85 60 71 7 47 
33 69 69 34 38 2 34 73 14 82 70 33 40 41 60 44 20 81 89 97 80 88 64 49 32 35 67 45 93 26 51 49 23 20 46 24 31 100 22 87 73 44 8 21 73 16 40 61 9 14 44 89 85 51 20 22 30 8 26 77 49 24 22 13 15 8 55 5 1 43 60 72 64 16 67 30 24 90 27 16 0 61 5 95 60 85 15 36 48 24 
5 58 9 21 96 69 62 37 14 44 26 82 11 76 32 80 17 3 61 40 45 2 64 11 27 37 25 1 53 8 89 85 41 16 80 12 33 44 28 34 2 60 63 74 73 13 99 96 75 62 76 26 87 86 78 35 87 70 64 53 37 44 96 82 6 57 8 47 28 86 95 45 91 34 86 84 23 99 17 9 61 0 78 28 50 94 22 27 70 46 
17 24 12 46 93 72 17 67 45 93 16 69 21 47 57 57 33 28 58 63 22 23 82 38 70 42 81 84 86 21 21 1 17 81 44 18 68 96 50 83 7 50 88 95 83 93 38 31 72 84 40 52 60 58 93 52 91 16 82 30 87 75 80 22 84 79 10 24 2 45 99 5 33 82 70 89 67 97 43 65 5 78 0 24 67 94 47 34 55 11 
70 66 85 54 49 48 91 37 14 49 98 59 97 36 98 99 10 56 100 64 99 59 9 56 86 85 77 32 33 58 90 81 87 95 36 87 22 70 49 37 74 47 32 44 27 52 64 48 25 90 72 44 77 23 73 63 48 31 57 58 1 24 87 6 26 98 1 27 86 99 16 62 9 78 28 63 61 48 26 19 95 28 24 0 52 97 95 12 67 53 
20 14 38 66 4 37 29 95 1 15 2 94 91 81 70 3 93 53 11 1 68 51 56 58 99 90 3 48 60 79 43 37 36 88 95 40 20 100 40 76 69 12 64 28 76 21 2 49 59 40 87 77 87 67 36 64 72 79 94 61 66 32 71 41 49 30 17 66 19 32 80 81 1 65 86 65 42 29 25 91 60 50 67 52 0 10 79 57 56 38 
95 56 77 99 49 12 11 55 86 34 8 80 44 100 48 78 93 20 57 13 60 16 67 21 2 75 75 93 92 25 45 63 41 99 43 46 11 29 17 94 67 51 10 34 16 23 100 4 69 38 100 50 21 31 33 19 57 79 61 23 96 13 75 44 49 62 31 79 14 96 8 11 27 99 48 18 4 69 25 85 85 94 94 97 10 0 94 70 25 41 
87 45 29 47 4 60 34 34 92 6 31 30 85 57 59 46 46 91 60 50 30 59 35 82 63 89 64 85 65 1 39 34 35 92 37 51 76 40 24 40 39 37 78 65 11 88 12 88 53 98 79 87 75 78 42 85 12 35 43 70 61 24 13 1 90 46 52 42 43 37 89 80 24 83 3 27 82 77 97 60 15 22 47 95 79 94 0 93 2 20 
43 68 16 2 70 73 42 5 82 66 71 94 32 3 54 10 53 89 99 76 59 48 49 70 35 77 4 98 4 42 27 30 83 1 78 85 64 48 4 21 33 15 29 52 39 31 63 12 80 23 66 64 5 54 78 15 4 24 70 3 41 98 94 20 82 96 82 82 28 15 94 17 9 31 46 15 21 64 97 71 36 27 34 12 57 70 93 0 94 95 
3 76 40 57 37 43 87 77 62 34 48 43 58 84 22 5 10 50 55 33 97 25 46 69 51 23 6 60 44 41 94 70 97 33 9 18 86 20 75 93 81 95 2 10 33 98 65 97 57 17 9 3 21 7 16 12 46 84 44 44 66 9 6 82 70 67 38 55 10 6 11 53 63 17 10 100 90 9 49 7 48 70 55 67 56 25 2 94 0 41 
28 71 68 26 73 24 6 13 74 82 21 85 8 4 61 63 51 80 4 57 70 83 96 72 34 90 69 55 56 99 87 83 23 27 18 47 53 48 14 42 98 29 28 65 1 57 13 94 91 1 82 41 82 40 71 81 54 47 89 14 63 36 26 71 95 81 61 96 10 39 43 67 23 20 25 57 29 91 72 47 24 46 11 53 38 41 20 95 41 0 
