80
0 45 9 85 49 22 82 48 56 43 53 85 40 99 30 40 40 18 1 74 68 13 80 52 42 11 58 53 78 55 80 66 99 88 50 100 61 83 47 16 25 99 53 64 49 82 55 89 99 56 14 19 68 94 22 62 4 31 66 34 86 45 99 36 84 100 35 96 82 34 12 6 32 16 22 33 49 76 73 99 
45 0 31 86 17 51 31 39 64 87 21 81 20 6 78 18 94 13 17 80 9 98 13 72 55 97 87 76 29 87 4 53 85 86 38 2 88 21 92 51 7 12 84 26 70 61 95 63 73 11 42 33 60 7 4 14 3 42 42 83 28 45 35 13 82 72 66 70 92 57 20 50 20 55 75 41 15 69 3 88 
9 31 0 31 97 20 42 3 76 8 57 17 49 39 45 45 73 9 26 96 74 47 40 30 19 89 1 73 16 42 88 36 96 27 67 92 98 8 46 73 15 54 42 15 92 86 11 16 46 89 12 19 35 3 100 53 91 100 26 6 41 13 94 37 39 60 80 36 19 78 61 86 31 2 100 75 39 11 90 84 
85 86 31 0 99 53 54 33 55 53 86 98 52 63 55 45 75 48 81 65 7 12 52 78 89 12 63 20 65 62 94 55 24 35 38 74 88 43 7 42 95 44 91 99 6 46 43 32 93 23 96 52 34 47 29 75 11 91 94 27 52 39 82 28 73 71 1 12 14 59 6 8 54 96 6 11 41 48 42 34 
49 17 97 99 0 22 89 85 8 88 65 82 98 55 27 76 58 17 57 85 41 28 38 53 41 96 58 48 2 53 6 12 94 53 54 79 27 94 15 34 81 79 67 30 85 45 6 94 61 62 79 1 89 68 5 29 15 62 29 16 67 34 28 12 38 33 90 16 26 56 1 7 86 67 36 70 11 93 63 23 
22 51 20 53 22 0 55 93 76 95 60 80 76 75 42 4 42 60 89 69 71 78 1 60 94 27 15 46 85 100 13 72 21 75 65 83 50 19 28 25 13 39 4 88 65 97 43 7 56 83 75 26 61 28 85 6 6 51 51 90 2 15 61 74 42 25 57 91 95 36 15 60 74 18 99 39 15 94 45 70 
82 31 42 54 89 55 0 76 71 48 88 50 84 93 55 35 96 44 88 10 57 62 3 33 70 93 80 57 7 39 30 77 89 20 43 82 16 64 10 87 11 97 36 95 90 43 81 37 86 68 98 94 81 1 27 2 93 6 58 52 96 40 28 36 59 70 18 75 33 27 13 44 23 100 90 64 42 70 52 80 
48 39 3 33 85 93 76 0 89 50 73 22 50 51 23 94 8 33 45 55 72 72 91 82 93 60 8 26 38 20 21 60 20 10 76 13 31 79 44 19 28 17 40 29 19 15 23 79 99 19 33 70 43 23 3 35 34 11 12 71 30 32 83 1 93 58 66 23 36 9 94 16 77 33 44 96 99 18 74 97 
56 64 76 55 8 76 71 89 0 37 58 18 31 81 21 65 66 31 77 37 12 60 19 65 53 28 30 27 15 90 20 30 67 5 26 14 55 95 87 52 83 44 69 13 76 41 78 42 23 6 30 35 65 48 51 69 75 80 48 89 21 67 71 87 23 96 100 78 90 38 29 73 34 49 85 61 42 14 54 64 
43 87 8 53 88 95 48 50 37 0 19 83 98 36 30 48 4 56 79 3 97 52 70 67 38 44 14 90 21 3 79 1 27 12 2 64 25 43 29 78 6 48 61 56 35 42 55 90 98 86 93 94 37 14 12 26 57 25 15 30 79 46 82 6 57 83 21 81 77 49 11 83 48 71 90 82 64 44 24 61 
53 21 57 86 65 60 88 73 58 19 0 29 16 6 17 29 17 43 37 41 9 18 20 54 100 77 63 34 49 95 11 97 5 45 97 27 34 30 91 77 53 3 58 68 9 74 48 77 68 37 18 29 54 89 34 53 65 96 87 13 91 97 61 47 93 57 74 26 39 16 2 91 18 11 11 26 37 10 3 56 
85 81 17 98 82 80 50 22 18 83 29 0 46 72 84 100 60 18 4 76 65 90 40 55 38 100 54 30 9 79 7 47 94 61 89 11 71 51 89 59 61 43 15 58 14 98 9 25 67 13 100 32 54 39 38 92 90 91 73 98 21 80 96 14 92 37 25 62 87 13 73 99 55 87 9 20 36 17 44 3 
40 20 49 52 98 76 84 50 31 98 16 46 0 29 95 34 83 33 23 26 22 14 98 72 34 29 67 100 20 55 24 34 42 88 6 92 94 44 100 65 79 17 8 81 45 2 66 79 86 89 4 59 54 54 30 39 34 49 38 6 3 13 91 96 52 96 40 97 91 39 61 69 7 20 2 4 73 67 82 58 
99 6 39 63 55 75 93 51 81 36 6 72 29 0 7 38 69 12 43 50 51 76 50 40 33 5 5 23 100 56 70 91 53 60 30 13 29 88 33 30 91 5 48 25 15 7 14 83 18 56 84 20 83 34 12 16 38 16 38 89 71 8 80 75 67 61 88 47 48 72 76 91 28 76 67 94 34 80 76 3 
30 78 45 55 27 42 55 23 21 30 17 84 95 7 0 87 12 23 69 45 86 84 82 1 22 70 23 29 1 98 47 61 37 94 61 60 21 3 87 48 69 33 81 100 60 84 38 71 58 6 15 43 90 48 95 63 70 69 43 70 66 89 83 54 34 43 13 55 45 52 2 65 84 35 16 43 18 53 14 27 
40 18 45 45 76 4 35 94 65 48 29 100 34 38 87 0 10 80 21 51 28 15 13 49 35 7 18 1 48 52 6 81 46 71 87 42 22 41 6 57 75 73 51 44 77 16 22 87 96 42 37 75 8 50 75 42 8 92 94 55 96 100 36 41 70 22 83 43 14 40 51 40 13 1 83 89 17 4 27 64 
40 94 73 75 58 42 96 8 66 4 17 60 83 69 12 10 0 97 64 90 56 65 64 98 72 7 43 27 2 42 14 95 63 87 77 57 1 68 7 40 32 8 75 73 76 30 99 91 79 62 32 34 78 95 83 2 53 26 28 7 19 93 1 82 79 29 38 31 96 45 71 28 4 97 100 31 78 50 21 56 
18 13 9 48 17 60 44 33 31 56 43 18 33 12 23 80 97 0 64 52 90 41 98 72 42 2 97 21 8 16 65 60 49 44 88 38 74 36 82 96 15 37 44 66 67 22 15 39 77 78 90 18 71 39 90 64 41 38 85 100 5 1 60 5 44 99 43 70 86 76 17 100 13 61 17 79 82 32 70 10 
1 17 26 81 57 89 88 45 77 79 37 4 23 43 69 21 64 64 0 61 11 28 31 50 69 95 42 6 31 41 63 31 100 67 27 51 9 96 36 85 12 88 49 24 4 79 57 87 48 67 48 59 46 78 8 14 24 49 71 54 41 33 37 93 52 63 43 60 10 30 96 73 17 44 97 73 75 5 59 22 
74 80 96 65 85 69 10 55 37 3 41 76 26 50 45 51 90 52 61 0 71 58 80 16 88 39 81 11 39 52 17 80 36 53 72 87 67 66 99 76 95 46 100 64 42 48 88 16 53 46 37 23 56 69 91 43 7 23 53 46 26 21 77 62 25 100 100 91 65 50 18 11 96 18 26 89 65 13 4 17 
68 9 74 7 41 71 57 72 12 97 9 65 22 51 86 28 56 90 11 71 0 11 40 92 66 60 34 8 67 56 12 64 82 33 40 95 57 91 46 100 55 96 17 17 43 86 43 83 3 55 86 71 17 77 62 82 37 95 41 55 3 5 18 36 89 9 30 45 99 27 96 5 74 65 21 68 50 15 50 4 
13 98 47 12 28 78 62 72 60 52 18 90 14 76 84 15 65 41 28 58 11 0 22 35 75 38 64 88 20 100 83 12 54 37 16 23 72 4 31 53 1 81 79 48 85 5 12 57 72 14 72 22 17 93 8 43 82 71 31 1 22 65 65 27 1 80 49 24 36 31 76 88 11 6 35 95 10 47 52 34 
80 13 40 52 38 1 3 91 19 70 20 40 98 50 82 13 64 98 31 80 40 22 0 60 75 7 28 19 14 71 100 37 1 53 10 65 17 37 65 48 37 40 83 68 15 22 78 72 57 25 34 3 28 67 14 2 73 41 72 38 11 71 74 11 23 84 27 91 72 43 39 8 82 73 75 48 95 5 20 51 
52 72 30 78 53 60 33 82 65 67 54 55 72 40 1 49 98 72 50 16 92 35 60 0 29 5 5 8 71 18 61 95 58 32 84 21 2 58 83 77 93 10 67 64 4 57 23 86 82 98 33 28 54 4 30 34 8 34 41 30 3 1 76 12 32 60 32 85 69 67 61 61 28 80 76 31 88 98 16 69 
42 55 19 89 41 94 70 93 53 38 100 38 34 33 22 35 72 42 69 88 66 75 75 29 0 47 1 48 52 4 77 85 12 62 25 41 16 25 17 28 8 28 11 93 96 77 5 56 4 84 83 87 72 32 2 92 79 54 92 30 58 68 67 69 82 91 61 97 68 29 24 75 56 35 19 51 63 24 58 19 
11 97 89 12 96 27 93 60 28 44 77 100 29 5 70 7 7 2 95 39 60 38 7 5 47 0 59 40 5 82 72 58 26 2 12 17 83 69 36 49 89 17 92 1 66 59 30 41 85 85 27 4 88 90 79 45 60 37 37 64 19 60 21 44 13 84 12 47 52 47 96 92 16 39 93 81 97 22 21 81 
58 87 1 63 58 15 80 8 30 14 63 54 67 5 23 18 43 97 42 81 34 64 28 5 1 59 0 58 100 36 45 89 14 42 48 51 30 63 21 89 83 16 53 19 27 99 70 73 46 62 88 84 54 20 80 27 41 13 84 40 48 81 80 14 74 79 16 55 41 36 95 75 3 47 93 29 45 15 53 91 
53 76 73 20 48 46 57 26 27 90 34 30 100 23 29 1 27 21 6 11 8 88 19 8 48 40 58 0 28 93 26 81 12 6 59 4 70 94 95 69 26 74 82 51 4 49 5 44 36 99 71 38 45 63 18 42 77 71 84 56 15 9 88 26 66 46 30 35 40 24 56 17 50 89 68 53 38 72 97 73 
78 29 16 65 2 85 7 38 15 21 49 9 20 100 1 48 2 8 31 39 67 20 14 71 52 5 100 28 0 71 19 63 67 81 80 8 10 2 91 65 16 52 53 94 17 50 23 4 41 98 59 58 47 47 77 100 84 48 48 9 70 66 71 37 98 50 96 59 4 87 76 71 38 28 64 6 29 86 9 70 
55 87 42 62 53 100 39 20 90 3 95 79 55 56 98 52 42 16 41 52 56 100 71 18 4 82 36 93 71 0 36 67 79 82 14 55 33 49 54 32 57 24 97 27 12 47 29 7 5 32 45 80 2 34 59 18 40 40 3 48 9 38 67 39 72 32 93 4 80 98 36 37 21 84 15 84 82 43 43 87 
80 4 88 94 6 13 30 21 20 79 11 7 24 70 47 6 14 65 63 17 12 83 100 61 77 72 45 26 19 36 0 26 87 18 80 73 29 97 64 68 51 63 76 41 29 66 12 60 58 67 40 7 54 28 80 90 42 63 71 37 57 9 14 96 27 93 68 55 41 31 22 92 93 49 32 74 14 95 33 23 
66 53 36 55 12 72 77 60 30 1 97 47 34 91 61 81 95 60 31 80 64 12 37 95 85 58 89 81 63 67 26 0 13 24 29 67 51 8 56 45 23 78 33 79 87 46 74 13 91 93 19 31 23 40 22 68 40 5 41 53 51 25 27 64 1 55 30 51 15 37 47 89 66 31 67 52 77 93 16 67 
99 85 96 24 94 21 89 20 67 27 5 94 42 53 37 46 63 49 100 36 82 54 1 58 12 26 14 12 67 79 87 13 0 85 34 49 60 25 23 79 64 79 71 16 30 95 42 93 95 49 74 98 15 62 96 3 27 27 21 31 55 65 46 73 50 80 21 61 4 95 39 68 74 9 35 3 55 29 47 2 
88 86 27 35 53 75 20 10 5 12 45 61 88 60 94 71 87 44 67 53 33 37 53 32 62 2 42 6 81 82 18 24 85 0 29 72 51 43 33 98 97 11 76 17 41 30 82 87 54 83 18 75 95 73 21 33 92 94 93 27 48 99 7 46 100 35 17 2 29 49 100 77 60 75 45 52 57 78 38 10 
50 38 67 38 54 65 43 76 26 2 97 89 6 30 61 87 77 88 27 72 40 16 10 84 25 12 48 59 80 14 80 29 34 29 0 60 7 36 54 80 57 38 71 2 30 49 2 81 7 47 32 93 64 34 73 64 85 49 23 11 94 27 67 71 16 77 83 23 64 36 2 20 26 24 74 7 25 75 87 31 
100 2 92 74 79 83 82 13 14 64 27 11 92 13 60 42 57 38 51 87 95 23 65 21 41 17 51 4 8 55 73 67 49 72 60 0 21 19 76 84 4 48 48 88 97 22 98 90 48 17 12 64 93 94 38 8 82 91 80 7 66 53 13 90 27 100 73 99 18 48 35 21 47 82 60 43 55 57 84 55 
61 88 98 88 27 50 16 31 55 25 34 71 94 29 21 22 1 74 9 67 57 72 17 2 16 83 30 70 10 33 29 51 60 51 7 21 0 73 96 70 17 41 7 25 22 49 4 28 14 8 41 4 86 92 28 84 9 27 18 81 73 51 40 16 58 48 51 12 73 98 33 41 39 91 17 60 39 72 88 4 
83 21 8 43 94 19 64 79 95 43 30 51 44 88 3 41 68 36 96 66 91 4 37 58 25 69 63 94 2 49 97 8 25 43 36 19 73 0 79 80 7 16 71 86 100 31 12 69 63 85 20 54 52 29 1 2 92 25 100 24 18 90 66 34 49 56 58 88 59 36 19 18 52 89 3 3 71 15 71 33 
47 92 46 7 15 28 10 44 87 29 91 89 100 33 87 6 7 82 36 99 46 31 65 83 17 36 21 95 91 54 64 56 23 33 54 76 96 79 0 99 42 86 50 22 39 3 13 15 2 88 32 43 53 66 92 8 23 31 19 10 50 36 13 90 38 67 61 52 38 93 2 31 79 51 53 69 54 17 83 7 
16 51 73 42 34 25 87 19 52 78 77 59 65 30 48 57 40 96 85 76 100 53 48 77 28 49 89 69 65 32 68 45 79 98 80 84 70 80 99 0 5 15 50 9 32 93 69 6 23 87 67 24 22 80 14 59 46 74 63 35 66 64 18 96 15 22 64 20 38 99 78 42 13 79 51 96 71 71 1 46 
25 7 15 95 81 13 11 28 83 6 53 61 79 91 69 75 32 15 12 95 55 1 37 93 8 89 83 26 16 57 51 23 64 97 57 4 17 7 42 5 0 57 67 21 78 98 34 88 96 7 50 82 25 14 99 72 80 20 36 99 58 34 28 51 98 7 53 93 29 23 93 26 79 11 47 8 9 80 96 56 
99 12 54 44 79 39 97 17 44 48 3 43 17 5 33 73 8 37 88 46 96 81 40 10 28 17 16 74 52 24 63 78 79 11 38 48 41 16 86 15 57 0 39 45 37 15 10 88 86 89 7 21 39 16 6 67 67 3 25 71 47 5 94 91 31 24 2 29 84 62 60 79 17 98 75 5 12 37 92 98 
53 84 42 91 67 4 36 40 69 61 58 15 8 48 81 51 75 44 49 100 17 79 83 67 11 92 53 82 53 97 76 33 71 76 71 48 7 71 50 50 67 39 0 25 51 70 64 66 28 82 84 82 6 55 29 10 100 19 92 23 72 20 6 85 80 36 1 29 63 58 93 99 49 42 23 99 11 38 17 38 
64 26 15 99 30 88 95 29 13 56 68 58 81 25 100 44 73 66 24 64 17 48 68 64 93 1 19 51 94 27 41 79 16 17 2 88 25 86 22 9 21 45 25 0 19 100 72 76 6 100 38 57 70 29 80 94 1 37 78 80 25 31 60 87 88 52 37 36 93 59 87 56 49 55 45 19 6 16 47 12 
49 70 92 6 85 65 90 19 76 35 9 14 45 15 60 77 76 67 4 42 43 85 15 4 96 66 27 4 17 12 29 87 30 41 30 97 22 100 39 32 78 37 51 19 0 67 84 68 89 64 99 82 64 88 59 95 12 89 55 50 76 58 86 64 3 96 2 58 96 56 2 15 13 70 61 76 36 96 96 76 
82 61 86 46 45 97 43 15 41 42 74 98 2 7 84 16 30 22 79 48 86 5 22 57 77 59 99 49 50 47 66 46 95 30 49 22 49 31 3 93 98 15 70 100 67 0 59 94 57 23 33 16 17 96 56 23 45 32 33 82 47 35 78 100 92 73 55 45 39 19 66 51 95 54 46 90 29 5 35 86 
55 95 11 43 6 43 81 23 78 55 48 9 66 14 38 22 99 15 57 88 43 12 78 23 5 30 70 5 23 29 12 74 42 82 2 98 4 12 13 69 34 10 64 72 84 59 0 79 68 53 47 63 8 70 60 91 2 41 89 88 70 88 79 95 94 75 33 13 93 84 7 46 81 96 74 85 30 11 63 97 
89 63 16 32 94 7 37 79 42 90 77 25 79 83 71 87 91 39 87 16 83 57 72 86 56 41 73 44 4 7 60 13 93 87 81 90 28 69 15 6 88 88 66 76 68 94 79 0 15 10 12 23 31 71 65 84 63 54 71 33 41 1 27 87 27 11 99 19 46 5 16 27 52 90 11 33 52 26 82 67 
99 73 46 93 61 56 86 99 23 98 68 67 86 18 58 96 79 77 48 53 3 72 57 82 4 85 46 36 41 5 58 91 95 54 7 48 14 63 2 23 96 86 28 6 89 57 68 15 0 87 93 41 69 15 5 52 77 10 74 9 51 26 87 89 52 98 87 23 43 43 38 21 46 79 84 78 31 9 59 97 
56 11 89 23 62 83 68 19 6 86 37 13 89 56 6 42 62 78 67 46 55 14 25 98 84 85 62 99 98 32 67 93 49 83 47 17 8 85 88 87 7 89 82 100 64 23 53 10 87 0 47 51 89 15 17 93 18 94 3 91 54 5 16 93 93 19 42 31 41 36 73 79 57 18 57 40 47 87 100 6 
14 42 12 96 79 75 98 33 30 93 18 100 4 84 15 37 32 90 48 37 86 72 34 33 83 27 88 71 59 45 40 19 74 18 32 12 41 20 32 67 50 7 84 38 99 33 47 12 93 47 0 35 46 8 23 60 25 68 29 70 22 19 75 26 86 67 70 4 8 100 45 44 24 75 100 93 31 91 39 70 
19 33 19 52 1 26 94 70 35 94 29 32 59 20 43 75 34 18 59 23 71 22 3 28 87 4 84 38 58 80 7 31 98 75 93 64 4 54 43 24 82 21 82 57 82 16 63 23 41 51 35 0 90 96 4 35 4 79 46 80 98 26 49 19 44 75 96 81 42 65 36 1 16 80 96 91 54 47 83 37 
68 60 35 34 89 61 81 43 65 37 54 54 54 83 90 8 78 71 46 56 17 17 28 54 72 88 54 45 47 2 54 23 15 95 64 93 86 52 53 22 25 39 6 70 64 17 8 31 69 89 46 90 0 37 73 6 26 69 9 12 72 39 9 51 36 34 51 6 29 25 1 9 18 65 45 19 32 76 14 22 
94 7 3 47 68 28 1 23 48 14 89 39 54 34 48 50 95 39 78 69 77 93 67 4 32 90 20 63 47 34 28 40 62 73 34 94 92 29 66 80 14 16 55 29 88 96 70 71 15 15 8 96 37 0 82 13 56 18 49 29 23 27 97 83 38 20 22 47 22 9 32 24 15 61 100 15 21 18 32 65 
22 4 100 29 5 85 27 3 51 12 34 38 30 12 95 75 83 90 8 91 62 8 14 30 2 79 80 18 77 59 80 22 96 21 73 38 28 1 92 14 99 6 29 80 59 56 60 65 5 17 23 4 73 82 0 88 15 93 53 37 74 65 44 43 14 72 65 40 20 47 29 91 20 27 12 81 59 35 47 19 
62 14 53 75 29 6 2 35 69 26 53 92 39 16 63 42 2 64 14 43 82 43 2 34 92 45 27 42 100 18 90 68 3 33 64 8 84 2 8 59 72 67 10 94 95 23 91 84 52 93 60 35 6 13 88 0 87 13 39 4 44 56 43 59 48 95 47 73 12 90 15 77 14 79 68 33 77 96 24 49 
4 3 91 11 15 6 93 34 75 57 65 90 34 38 70 8 53 41 24 7 37 82 73 8 79 60 41 77 84 40 42 40 27 92 85 82 9 92 23 46 80 67 100 1 12 45 2 63 77 18 25 4 26 56 15 87 0 75 87 81 33 74 27 3 60 39 93 63 35 48 57 45 47 3 43 19 14 32 85 90 
31 42 100 91 62 51 6 11 80 25 96 91 49 16 69 92 26 38 49 23 95 71 41 34 54 37 13 71 48 40 63 5 27 94 49 91 27 25 31 74 20 3 19 37 89 32 41 54 10 94 68 79 69 18 93 13 75 0 97 63 9 82 92 57 5 92 31 43 24 63 16 50 65 75 40 9 89 74 57 45 
66 42 26 94 29 51 58 12 48 15 87 73 38 38 43 94 28 85 71 53 41 31 72 41 92 37 84 84 48 3 71 41 21 93 23 80 18 100 19 63 36 25 92 78 55 33 89 71 74 3 29 46 9 49 53 39 87 97 0 70 55 48 12 74 13 96 58 55 44 73 63 25 16 19 81 59 49 24 82 63 
34 83 6 27 16 90 52 71 89 30 13 98 6 89 70 55 7 100 54 46 55 1 38 30 30 64 40 56 9 48 37 53 31 27 11 7 81 24 10 35 99 71 23 80 50 82 88 33 9 91 70 80 12 29 37 4 81 63 70 0 39 31 79 66 22 88 6 48 44 3 17 50 50 81 23 14 28 33 68 71 
86 28 41 52 67 2 96 30 21 79 91 21 3 71 66 96 19 5 41 26 3 22 11 3 58 19 48 15 70 9 57 51 55 48 94 66 73 18 50 66 58 47 72 25 76 47 70 41 51 54 22 98 72 23 74 44 33 9 55 39 0 57 83 96 72 1 76 30 2 99 11 16 90 93 95 55 14 82 60 13 
45 45 13 39 34 15 40 32 67 46 97 80 13 8 89 100 93 1 33 21 5 65 71 1 68 60 81 9 66 38 9 25 65 99 27 53 51 90 36 64 34 5 20 31 58 35 88 1 26 5 19 26 39 27 65 56 74 82 48 31 57 0 77 62 30 26 63 62 1 29 89 85 48 59 41 30 54 64 83 30 
99 35 94 82 28 61 28 83 71 82 61 96 91 80 83 36 1 60 37 77 18 65 74 76 67 21 80 88 71 67 14 27 46 7 67 13 40 66 13 18 28 94 6 60 86 78 79 27 87 16 75 49 9 97 44 43 27 92 12 79 83 77 0 93 36 28 55 51 69 99 45 23 64 78 35 77 54 48 58 32 
36 13 37 28 12 74 36 1 87 6 47 14 96 75 54 41 82 5 93 62 36 27 11 12 69 44 14 26 37 39 96 64 73 46 71 90 16 34 90 96 51 91 85 87 64 100 95 87 89 93 26 19 51 83 43 59 3 57 74 66 96 62 93 0 63 19 32 91 7 16 38 65 8 20 19 71 2 100 15 37 
84 82 39 73 38 42 59 93 23 57 93 92 52 67 34 70 79 44 52 25 89 1 23 32 82 13 74 66 98 72 27 1 50 100 16 27 58 49 38 15 98 31 80 88 3 92 94 27 52 93 86 44 36 38 14 48 60 5 13 22 72 30 36 63 0 79 21 39 48 19 84 22 34 61 56 10 67 56 19 50 
100 72 60 71 33 25 70 58 96 83 57 37 96 61 43 22 29 99 63 100 9 80 84 60 91 84 79 46 50 32 93 55 80 35 77 100 48 56 67 22 7 24 36 52 96 73 75 11 98 19 67 75 34 20 72 95 39 92 96 88 1 26 28 19 79 0 18 37 33 60 95 48 49 12 7 68 30 77 21 81 
35 66 80 1 90 57 18 66 100 21 74 25 40 88 13 83 38 43 43 100 30 49 27 32 61 12 16 30 96 93 68 30 21 17 83 73 51 58 61 64 53 2 1 37 2 55 33 99 87 42 70 96 51 22 65 47 93 31 58 6 76 63 55 32 21 18 0 91 9 59 11 48 6 81 31 80 14 43 35 76 
96 70 36 12 16 91 75 23 78 81 26 62 97 47 55 43 31 70 60 91 45 24 91 85 97 47 55 35 59 4 55 51 61 2 23 99 12 88 52 20 93 29 29 36 58 45 13 19 23 31 4 81 6 47 40 73 63 43 55 48 30 62 51 91 39 37 91 0 61 90 94 10 59 83 42 18 77 41 19 88 
82 92 19 14 26 95 33 36 90 77 39 87 91 48 45 14 96 86 10 65 99 36 72 69 68 52 41 40 4 80 41 15 4 29 64 18 73 59 38 38 29 84 63 93 96 39 93 46 43 41 8 42 29 22 20 12 35 24 44 44 2 1 69 7 48 33 9 61 0 47 86 69 75 59 1 65 67 60 27 14 
34 57 78 59 56 36 27 9 38 49 16 13 39 72 52 40 45 76 30 50 27 31 43 67 29 47 36 24 87 98 31 37 95 49 36 48 98 36 93 99 23 62 58 59 56 19 84 5 43 36 100 65 25 9 47 90 48 63 73 3 99 29 99 16 19 60 59 90 47 0 17 7 96 96 21 91 83 96 51 24 
12 20 61 6 1 15 13 94 29 11 2 73 61 76 2 51 71 17 96 18 96 76 39 61 24 96 95 56 76 36 22 47 39 100 2 35 33 19 2 78 93 60 93 87 2 66 7 16 38 73 45 36 1 32 29 15 57 16 63 17 11 89 45 38 84 95 11 94 86 17 0 41 13 83 23 6 52 52 99 22 
6 50 86 8 7 60 44 16 73 83 91 99 69 91 65 40 28 100 73 11 5 88 8 61 75 92 75 17 71 37 92 89 68 77 20 21 41 18 31 42 26 79 99 56 15 51 46 27 21 79 44 1 9 24 91 77 45 50 25 50 16 85 23 65 22 48 48 10 69 7 41 0 91 45 8 12 72 66 12 36 
32 20 31 54 86 74 23 77 34 48 18 55 7 28 84 13 4 13 17 96 74 11 82 28 56 16 3 50 38 21 93 66 74 60 26 47 39 52 79 13 79 17 49 49 13 95 81 52 46 57 24 16 18 15 20 14 47 65 16 50 90 48 64 8 34 49 6 59 75 96 13 91 0 84 23 63 98 40 21 45 
16 55 2 96 67 18 100 33 49 71 11 87 20 76 35 1 97 61 44 18 65 6 73 80 35 39 47 89 28 84 49 31 9 75 24 82 91 89 51 79 11 98 42 55 70 54 96 90 79 18 75 80 65 61 27 79 3 75 19 81 93 59 78 20 61 12 81 83 59 96 83 45 84 0 87 41 35 69 88 38 
22 75 100 6 36 99 90 44 85 90 11 9 2 67 16 83 100 17 97 26 21 35 75 76 19 93 93 68 64 15 32 67 35 45 74 60 17 3 53 51 47 75 23 45 61 46 74 11 84 57 100 96 45 100 12 68 43 40 81 23 95 41 35 19 56 7 31 42 1 21 23 8 23 87 0 45 81 2 27 55 
33 41 75 11 70 39 64 96 61 82 26 20 4 94 43 89 31 79 73 89 68 95 48 31 51 81 29 53 6 84 74 52 3 52 7 43 60 3 69 96 8 5 99 19 76 90 85 33 78 40 93 91 19 15 81 33 19 9 59 14 55 30 77 71 10 68 80 18 65 91 6 12 63 41 45 0 7 30 6 5 
49 15 39 41 11 15 42 99 42 64 37 36 73 34 18 17 78 82 75 65 50 10 95 88 63 97 45 38 29 82 14 77 55 57 25 55 39 71 54 71 9 12 11 6 36 29 30 52 31 47 31 54 32 21 59 77 14 89 49 28 14 54 54 2 67 30 14 77 67 83 52 72 98 35 81 7 0 52 49 2 
76 69 11 48 93 94 70 18 14 44 10 17 67 80 53 4 50 32 5 13 15 47 5 98 24 22 15 72 86 43 95 93 29 78 75 57 72 15 17 71 80 37 38 16 96 5 11 26 9 87 91 47 76 18 35 96 32 74 24 33 82 64 48 100 56 77 43 41 60 96 52 66 40 69 2 30 52 0 11 60 
73 3 90 42 63 45 52 74 54 24 3 44 82 76 14 27 21 70 59 4 50 52 20 16 58 21 53 97 9 43 33 16 47 38 87 84 88 71 83 1 96 92 17 47 96 35 63 82 59 100 39 83 14 32 47 24 85 57 82 68 60 83 58 15 19 21 35 19 27 51 99 12 21 88 27 6 49 11 0 73 
99 88 84 34 23 70 80 97 64 61 56 3 58 3 27 64 56 10 22 17 4 34 51 69 19 81 91 73 70 87 23 67 2 10 31 55 4 33 7 46 56 98 38 12 76 86 97 67 97 6 70 37 22 65 19 49 90 45 63 71 13 30 32 37 50 81 76 88 14 24 22 36 45 38 55 5 2 60 73 0 
