90
0 7 84 22 94 45 84 83 92 80 36 64 83 2 65 37 28 96 14 95 39 46 5 23 37 75 60 91 66 90 1 34 96 85 7 90 29 42 24 72 22 60 35 56 13 51 92 40 47 57 34 85 2 91 59 90 65 70 32 31 59 33 16 55 17 23 96 97 16 71 68 37 82 55 92 94 5 35 33 51 91 19 87 44 9 45 34 25 15 17 
7 0 7 25 49 23 31 17 97 78 13 12 49 33 1 30 87 44 24 91 79 56 42 21 26 80 17 86 25 2 11 91 18 69 15 67 43 46 35 91 23 48 55 23 80 55 53 66 98 76 8 28 83 1 1 9 81 17 46 57 70 8 47 87 77 13 5 19 10 40 10 85 87 64 7 18 70 59 35 19 86 42 99 69 43 51 29 75 19 74 
84 7 0 31 88 82 77 74 10 41 79 80 51 70 89 35 8 4 41 25 25 52 59 44 37 52 94 57 46 44 85 20 62 11 50 49 44 78 74 53 19 4 32 21 73 73 55 80 28 47 56 53 98 66 48 87 18 41 43 63 36 80 83 97 90 84 97 33 62 22 37 32 26 68 52 50 92 58 82 20 4 37 24 54 55 71 92 72 63 34 
22 25 31 0 34 98 13 68 46 2 4 94 86 17 15 22 48 92 42 51 42 85 8 75 4 63 11 27 16 65 49 7 88 11 93 74 60 5 93 57 59 96 50 96 12 17 70 11 8 11 61 1 95 68 75 51 31 38 29 98 2 78 57 42 88 49 15 100 5 7 56 15 55 6 11 66 22 80 77 81 42 89 82 88 9 56 38 91 93 19 
94 49 88 34 0 88 47 96 44 88 83 44 2 34 49 60 90 63 14 95 25 32 68 56 60 48 97 48 29 37 56 37 26 98 29 44 86 75 39 81 14 74 25 67 7 25 27 96 39 92 42 64 23 9 19 82 9 68 82 89 4 89 25 81 87 54 25 24 80 63 4 94 88 80 60 95 56 38 42 95 30 84 10 52 44 80 86 4 99 67 
45 23 82 98 88 0 93 54 55 17 35 93 22 11 16 2 25 20 47 13 51 58 59 7 96 100 53 25 35 14 28 31 93 13 34 44 31 26 97 38 95 31 30 68 41 46 69 18 17 67 30 67 25 88 25 20 39 29 96 74 42 23 56 35 88 89 78 70 67 26 7 13 9 37 80 1 34 1 18 50 67 47 68 43 86 45 62 25 73 9 
84 31 77 13 47 93 0 98 15 84 5 1 71 93 30 40 11 55 99 23 63 35 3 64 20 55 33 69 21 80 88 64 65 84 77 89 57 38 38 23 21 42 75 91 87 4 82 97 10 80 72 25 66 74 40 85 28 72 5 100 51 45 15 68 28 44 8 36 81 98 10 1 91 84 43 77 39 76 26 49 8 97 25 73 22 64 10 1 35 66 
83 17 74 68 96 54 98 0 52 38 62 67 5 90 62 64 77 42 61 39 94 52 22 36 80 13 63 57 13 70 53 37 95 26 52 56 26 86 21 30 75 83 96 31 24 57 95 52 50 7 90 43 58 64 30 90 76 92 46 40 14 51 76 8 76 27 15 54 64 35 83 39 69 78 69 44 86 15 96 87 22 37 81 79 100 62 20 27 53 66 
92 97 10 46 44 55 15 52 0 66 18 16 93 77 91 71 91 96 35 78 78 25 46 7 93 42 92 60 37 30 81 25 10 11 77 71 31 3 76 48 21 45 63 13 22 5 36 12 1 70 41 78 46 39 85 90 80 28 49 68 10 29 92 19 40 68 42 22 23 69 69 43 13 31 7 86 87 42 50 87 63 90 17 8 28 53 98 7 80 46 
80 78 41 2 88 17 84 38 66 0 26 89 75 18 60 66 85 53 87 7 73 55 1 37 37 8 23 23 49 72 62 12 13 78 19 93 30 68 99 61 14 77 2 88 94 13 5 30 65 91 89 89 45 89 25 81 48 47 55 49 70 16 60 83 93 30 27 74 50 25 35 63 1 88 2 46 100 6 76 16 96 16 4 92 56 28 24 4 27 78 
36 13 79 4 83 35 5 62 18 26 0 52 48 46 63 82 38 44 8 64 93 85 98 55 37 37 8 83 36 13 10 51 60 25 54 3 80 33 78 35 11 8 86 59 53 48 40 42 44 100 5 36 84 54 43 20 90 50 54 25 15 63 27 26 39 32 29 71 65 58 5 27 65 91 37 17 90 77 59 85 28 15 21 11 69 15 82 58 16 36 
64 12 80 94 44 93 1 67 16 89 52 0 35 30 98 61 8 37 45 36 59 61 93 63 87 10 53 24 26 95 52 36 79 79 51 51 41 19 65 22 28 33 57 14 14 7 27 21 95 71 8 53 31 53 15 17 62 20 92 87 66 43 75 44 73 25 47 13 95 63 35 74 95 43 88 9 49 66 29 43 36 37 95 18 89 62 34 2 81 78 
83 49 51 86 2 22 71 5 93 75 48 35 0 88 46 20 14 41 45 38 87 57 84 50 43 58 44 86 97 4 86 62 33 29 49 21 75 66 61 36 51 62 68 28 1 13 48 15 54 92 4 92 100 88 41 43 97 37 80 93 40 65 6 24 45 54 44 72 19 56 59 21 69 27 49 70 91 48 36 96 91 91 88 90 78 28 84 74 16 15 
2 33 70 17 34 11 93 90 77 18 46 30 88 0 18 56 80 23 31 76 28 75 47 98 82 6 19 51 84 67 72 74 14 7 70 56 97 57 45 27 36 81 52 52 95 70 59 26 92 89 54 20 15 52 17 97 9 87 99 92 53 70 66 18 28 35 73 76 43 70 54 78 2 6 81 96 75 39 74 18 80 27 89 94 30 58 42 39 44 40 
65 1 89 15 49 16 30 62 91 60 63 98 46 18 0 30 97 61 47 66 88 81 39 16 75 60 69 53 61 74 85 8 48 76 81 18 55 59 6 100 89 63 42 79 7 81 8 55 42 7 20 81 39 58 96 14 69 65 18 29 38 2 37 38 29 69 55 83 80 60 83 20 75 76 98 81 8 57 35 1 63 54 82 2 64 29 67 32 93 84 
37 30 35 22 60 2 40 64 71 66 82 61 20 56 30 0 13 83 37 1 72 66 69 26 100 48 37 34 19 63 9 16 43 17 25 29 17 87 35 50 40 98 79 6 81 23 41 45 57 30 45 28 47 14 5 46 13 42 80 32 4 40 99 99 8 23 27 77 10 13 26 1 10 56 59 43 31 51 87 87 80 32 15 26 97 19 24 61 12 55 
28 87 8 48 90 25 11 77 91 85 38 8 14 80 97 13 0 44 16 94 43 66 2 65 44 78 26 57 55 27 18 11 37 60 93 87 99 79 67 82 93 44 30 64 19 90 75 73 34 42 67 28 7 20 92 51 49 70 59 3 48 76 65 84 36 57 70 86 88 88 19 80 84 48 95 2 89 70 75 74 63 93 1 70 64 45 72 12 14 30 
96 44 4 92 63 20 55 42 96 53 44 37 41 23 61 83 44 0 66 61 5 83 96 92 91 17 29 78 5 47 10 40 94 4 41 35 25 67 8 88 11 9 9 74 5 80 37 18 61 3 30 17 37 25 61 27 41 89 5 97 88 66 88 33 69 81 67 46 47 75 33 10 35 41 83 39 72 20 8 32 74 37 100 10 13 60 88 5 1 44 
14 24 41 42 14 47 99 61 35 87 8 45 45 31 47 37 16 66 0 54 40 9 41 72 30 21 39 75 20 65 7 29 51 47 63 41 18 34 48 1 7 36 52 68 48 12 56 4 64 99 9 3 8 50 26 37 22 16 63 93 32 69 73 82 67 36 22 36 69 69 88 28 56 39 95 55 2 2 59 65 1 67 19 60 68 45 48 42 12 10 
95 91 25 51 95 13 23 39 78 7 64 36 38 76 66 1 94 61 54 0 34 44 30 7 25 96 94 47 31 14 67 18 41 23 8 88 77 10 41 87 74 93 54 45 4 73 41 51 14 52 12 48 95 41 6 72 36 51 70 18 64 36 87 57 10 95 96 39 4 36 25 29 81 30 73 84 55 13 35 68 65 46 67 11 39 24 82 26 74 51 
39 79 25 42 25 51 63 94 78 73 93 59 87 28 88 72 43 5 40 34 0 44 38 39 82 46 100 76 41 38 31 28 15 60 8 96 84 92 50 97 78 18 13 75 36 75 13 60 57 39 33 59 34 22 97 67 67 97 43 59 86 25 39 52 84 46 48 68 89 97 16 18 66 28 93 54 2 57 13 10 47 97 69 32 19 17 99 37 65 93 
46 56 52 85 32 58 35 52 25 55 85 61 57 75 81 66 66 83 9 44 44 0 96 3 17 34 54 1 31 1 20 72 50 35 89 67 14 81 20 67 90 32 77 88 29 97 20 99 65 18 35 30 10 82 84 26 15 37 78 98 38 97 69 39 83 57 5 96 90 25 63 31 8 91 18 36 39 37 86 3 6 73 84 67 54 67 93 21 4 22 
5 42 59 8 68 59 3 22 46 1 98 93 84 47 39 69 2 96 41 30 38 96 0 18 93 71 38 31 53 94 35 1 35 59 63 65 67 5 35 54 43 71 92 45 29 64 81 95 17 47 39 37 2 61 6 94 83 43 24 35 89 11 35 75 69 49 92 87 53 26 93 47 48 84 44 76 47 24 23 63 22 61 52 24 73 57 17 55 52 93 
23 21 44 75 56 7 64 36 7 37 55 63 50 98 16 26 65 92 72 7 39 3 18 0 90 92 3 76 66 23 77 57 10 81 34 54 28 82 37 23 9 83 46 31 97 19 44 48 42 16 57 11 23 8 3 64 99 57 39 16 79 15 25 40 96 58 93 75 91 29 97 100 63 94 82 60 12 25 7 6 93 15 16 15 22 70 30 72 26 20 
37 26 37 4 60 96 20 80 93 37 37 87 43 82 75 100 44 91 30 25 82 17 93 90 0 40 56 35 64 48 82 21 40 8 12 21 4 63 83 49 96 94 60 21 1 17 65 67 32 31 89 1 60 12 78 79 51 86 65 66 33 98 87 24 5 50 44 60 64 79 8 59 72 20 31 24 36 47 91 20 77 31 72 88 94 2 19 97 87 35 
75 80 52 63 48 100 55 13 42 8 37 10 58 6 60 48 78 17 21 96 46 34 71 92 40 0 62 19 33 100 42 89 1 38 1 64 16 60 75 39 79 5 63 67 52 5 38 80 87 9 20 80 10 38 76 48 24 38 18 56 37 60 97 38 49 97 53 16 8 27 54 39 32 68 5 35 24 94 66 10 54 85 90 16 74 65 63 98 2 81 
60 17 94 11 97 53 33 63 92 23 8 53 44 19 69 37 26 29 39 94 100 54 38 3 56 62 0 5 91 92 1 80 40 49 32 55 57 11 60 47 94 28 3 80 3 96 45 13 49 30 2 64 55 66 27 52 20 59 57 62 50 9 41 41 10 24 47 18 86 6 64 79 85 66 58 88 61 3 100 61 84 53 25 38 70 3 90 89 13 98 
91 86 57 27 48 25 69 57 60 23 83 24 86 51 53 34 57 78 75 47 76 1 31 76 35 19 5 0 2 14 6 94 54 15 70 52 32 55 9 47 34 46 12 43 33 24 45 84 85 80 88 61 18 57 15 59 98 27 56 99 40 13 93 45 80 62 96 63 16 56 10 1 1 73 44 85 97 40 20 33 20 7 45 89 64 59 47 61 37 54 
66 25 46 16 29 35 21 13 37 49 36 26 97 84 61 19 55 5 20 31 41 31 53 66 64 33 91 2 0 59 28 66 3 24 45 16 71 60 84 26 69 84 27 41 79 11 89 19 31 21 38 89 65 26 52 75 24 64 63 77 75 90 94 29 13 91 45 35 50 28 61 70 11 87 62 42 49 51 60 31 23 49 20 40 26 23 14 49 39 77 
90 2 44 65 37 14 80 70 30 72 13 95 4 67 74 63 27 47 65 14 38 1 94 23 48 100 92 14 59 0 77 65 18 22 93 83 12 37 17 13 64 77 82 27 15 44 68 16 46 79 98 68 27 69 7 52 92 73 52 82 1 28 46 18 49 38 52 13 27 69 25 90 97 59 68 64 54 87 79 99 65 76 66 91 45 73 94 88 97 45 
1 11 85 49 56 28 88 53 81 62 10 52 86 72 85 9 18 10 7 67 31 20 35 77 82 42 1 6 28 77 0 21 97 24 66 14 25 55 18 37 81 86 13 23 82 71 90 45 24 77 75 74 93 3 40 84 47 64 29 86 60 74 6 56 97 23 21 21 77 38 9 10 75 22 32 9 44 73 5 20 1 80 93 94 82 32 77 80 47 5 
34 91 20 7 37 31 64 37 25 12 51 36 62 74 8 16 11 40 29 18 28 72 1 57 21 89 80 94 66 65 21 0 17 6 30 22 13 79 44 86 51 72 75 60 81 50 33 12 58 28 37 62 47 37 93 92 30 26 75 58 5 22 15 21 79 44 94 44 22 37 29 25 61 3 84 41 52 68 5 61 47 41 75 94 77 67 37 59 93 11 
96 18 62 88 26 93 65 95 10 13 60 79 33 14 48 43 37 94 51 41 15 50 35 10 40 1 40 54 3 18 97 17 0 16 49 84 30 70 63 74 63 6 47 52 34 71 64 88 6 56 92 25 12 52 72 52 26 17 81 45 53 91 37 15 6 85 99 36 6 61 61 21 18 59 24 3 30 87 90 87 42 81 12 54 85 35 57 62 51 89 
85 69 11 11 98 13 84 26 11 78 25 79 29 7 76 17 60 4 47 23 60 35 59 81 8 38 49 15 24 22 24 6 16 0 6 55 79 42 69 85 79 67 72 84 27 32 56 96 90 79 98 71 65 88 10 59 20 21 64 56 7 20 18 57 61 75 63 39 69 31 75 47 98 98 82 76 29 38 72 71 16 69 93 33 8 2 91 80 74 54 
7 15 50 93 29 34 77 52 77 19 54 51 49 70 81 25 93 41 63 8 8 89 63 34 12 1 32 70 45 93 66 30 49 6 0 35 80 25 52 88 85 79 50 76 47 81 50 93 30 48 26 5 28 63 28 50 79 97 43 63 56 96 53 35 70 58 70 1 82 73 41 67 51 90 42 97 22 43 41 51 42 67 8 70 29 35 19 59 83 13 
90 67 49 74 44 44 89 56 71 93 3 51 21 56 18 29 87 35 41 88 96 67 65 54 21 64 55 52 16 83 14 22 84 55 35 0 73 39 9 25 25 30 34 94 82 16 19 22 34 21 12 27 70 85 21 10 36 63 28 95 32 9 29 2 67 64 67 92 54 27 68 78 56 2 24 37 69 42 11 2 14 22 80 83 58 100 93 45 62 20 
29 43 44 60 86 31 57 26 31 30 80 41 75 97 55 17 99 25 18 77 84 14 67 28 4 16 57 32 71 12 25 13 30 79 80 73 0 39 45 28 20 99 47 83 65 38 36 91 5 65 98 58 88 86 26 81 96 79 95 69 58 77 27 10 69 71 23 41 62 68 20 33 18 66 15 82 55 2 24 12 18 73 69 6 58 95 86 6 25 32 
42 46 78 5 75 26 38 86 3 68 33 19 66 57 59 87 79 67 34 10 92 81 5 82 63 60 11 55 60 37 55 79 70 42 25 39 39 0 74 83 9 52 44 29 75 66 69 36 85 41 68 2 6 34 35 13 87 10 76 4 82 44 61 92 90 99 97 67 30 70 49 38 74 92 67 48 9 87 35 94 27 54 47 85 39 82 97 77 91 24 
24 35 74 93 39 97 38 21 76 99 78 65 61 45 6 35 67 8 48 41 50 20 35 37 83 75 60 9 84 17 18 44 63 69 52 9 45 74 0 32 25 19 93 16 61 91 12 27 20 33 27 58 58 70 76 57 78 62 91 71 41 96 18 25 86 51 73 62 93 96 94 17 66 38 84 26 28 47 52 99 32 78 8 89 47 83 46 77 97 88 
72 91 53 57 81 38 23 30 48 61 35 22 36 27 100 50 82 88 1 87 97 67 54 23 49 39 47 47 26 13 37 86 74 85 88 25 28 83 32 0 47 37 36 16 13 21 18 37 35 11 32 28 79 49 65 15 75 44 61 26 42 92 56 50 81 54 84 78 30 80 65 29 68 100 96 32 21 14 68 55 76 51 34 6 100 50 20 74 45 33 
22 23 19 59 14 95 21 75 21 14 11 28 51 36 89 40 93 11 7 74 78 90 43 9 96 79 94 34 69 64 81 51 63 79 85 25 20 9 25 47 0 51 86 24 58 87 56 64 23 33 93 54 50 73 22 49 69 5 21 34 73 27 61 75 12 18 74 61 90 99 57 22 2 95 97 11 81 5 74 3 89 19 9 38 91 82 87 11 86 59 
60 48 4 96 74 31 42 83 45 77 8 33 62 81 63 98 44 9 36 93 18 32 71 83 94 5 28 46 84 77 86 72 6 67 79 30 99 52 19 37 51 0 96 10 86 8 85 97 26 10 10 15 61 66 88 62 60 84 24 93 88 98 47 29 68 55 66 10 36 4 21 74 63 68 83 100 76 67 96 1 29 57 15 89 75 54 2 34 37 25 
35 55 32 50 25 30 75 96 63 2 86 57 68 52 42 79 30 9 52 54 13 77 92 46 60 63 3 12 27 82 13 75 47 72 50 34 47 44 93 36 86 96 0 78 77 74 25 5 93 31 22 3 19 26 23 92 40 42 74 39 17 93 86 17 21 43 83 61 17 36 62 2 25 38 80 53 64 56 9 56 38 30 58 56 55 32 99 94 74 73 
56 23 21 96 67 68 91 31 13 88 59 14 28 52 79 6 64 74 68 45 75 88 45 31 21 67 80 43 41 27 23 60 52 84 76 94 83 29 16 16 24 10 78 0 84 90 17 70 59 89 12 93 49 80 29 62 81 5 51 12 57 14 67 65 22 5 94 79 12 1 11 11 46 36 35 30 77 51 99 35 91 62 28 39 41 8 52 21 64 2 
13 80 73 12 7 41 87 24 22 94 53 14 1 95 7 81 19 5 48 4 36 29 29 97 1 52 3 33 79 15 82 81 34 27 47 82 65 75 61 13 58 86 77 84 0 33 20 68 51 36 89 7 81 67 19 81 29 81 27 16 15 8 93 17 6 79 7 67 6 97 7 65 100 79 28 1 63 47 68 66 34 8 24 15 27 94 95 55 74 73 
51 55 73 17 25 46 4 57 5 13 48 7 13 70 81 23 90 80 12 73 75 97 64 19 17 5 96 24 11 44 71 50 71 32 81 16 38 66 91 21 87 8 74 90 33 0 23 40 80 15 56 37 93 14 3 51 62 61 15 61 92 95 62 6 93 81 71 27 89 95 41 15 88 87 21 14 60 95 53 91 9 61 28 54 74 82 56 36 95 22 
92 53 55 70 27 69 82 95 36 5 40 27 48 59 8 41 75 37 56 41 13 20 81 44 65 38 45 45 89 68 90 33 64 56 50 19 36 69 12 18 56 85 25 17 20 23 0 48 38 16 9 43 9 42 66 87 82 12 27 48 51 65 20 64 76 15 69 67 75 29 46 80 54 79 35 41 73 57 89 10 72 49 5 32 42 70 18 23 33 96 
40 66 80 11 96 18 97 52 12 30 42 21 15 26 55 45 73 18 4 51 60 99 95 48 67 80 13 84 19 16 45 12 88 96 93 22 91 36 27 37 64 97 5 70 68 40 48 0 22 83 61 42 99 36 56 67 54 82 47 99 62 52 30 96 45 2 52 33 64 76 33 68 7 75 89 77 49 21 72 71 3 32 12 1 20 19 19 73 100 65 
47 98 28 8 39 17 10 50 1 65 44 95 54 92 42 57 34 61 64 14 57 65 17 42 32 87 49 85 31 46 24 58 6 90 30 34 5 85 20 35 23 26 93 59 51 80 38 22 0 24 13 69 53 9 13 6 12 97 69 39 29 88 98 55 76 74 4 48 45 26 51 29 89 3 48 7 74 72 58 38 95 71 58 99 31 70 5 94 66 73 
57 76 47 11 92 67 80 7 70 91 100 71 92 89 7 30 42 3 99 52 39 18 47 16 31 9 30 80 21 79 77 28 56 79 48 21 65 41 33 11 33 10 31 89 36 15 16 83 24 0 33 95 13 30 1 88 55 56 36 51 81 38 79 21 92 78 27 65 2 37 55 48 59 12 47 41 82 51 34 47 75 18 93 87 99 46 27 53 1 14 
34 8 56 61 42 30 72 90 41 89 5 8 4 54 20 45 67 30 9 12 33 35 39 57 89 20 2 88 38 98 75 37 92 98 26 12 98 68 27 32 93 10 22 12 89 56 9 61 13 33 0 4 34 3 34 54 46 64 33 11 65 21 17 12 79 28 10 71 61 60 56 60 87 74 4 25 72 49 3 77 2 68 32 35 70 17 88 16 80 20 
85 28 53 1 64 67 25 43 78 89 36 53 92 20 81 28 28 17 3 48 59 30 37 11 1 80 64 61 89 68 74 62 25 71 5 27 58 2 58 28 54 15 3 93 7 37 43 42 69 95 4 0 78 96 40 94 60 70 73 69 40 86 81 96 97 19 21 100 43 44 1 46 72 2 13 3 36 35 20 75 2 51 47 79 99 38 24 58 8 96 
2 83 98 95 23 25 66 58 46 45 84 31 100 15 39 47 7 37 8 95 34 10 2 23 60 10 55 18 65 27 93 47 12 65 28 70 88 6 58 79 50 61 19 49 81 93 9 99 53 13 34 78 0 78 99 33 10 46 29 28 18 81 23 62 81 20 33 34 84 88 69 70 59 95 71 9 41 49 7 79 24 16 38 72 46 88 4 7 86 33 
91 1 66 68 9 88 74 64 39 89 54 53 88 52 58 14 20 25 50 41 22 82 61 8 12 38 66 57 26 69 3 37 52 88 63 85 86 34 70 49 73 66 26 80 67 14 42 36 9 30 3 96 78 0 87 55 65 61 68 45 80 53 78 15 40 98 85 98 92 55 58 85 56 17 15 79 84 4 50 81 43 6 88 80 90 74 35 54 34 2 
59 1 48 75 19 25 40 30 85 25 43 15 41 17 96 5 92 61 26 6 97 84 6 3 78 76 27 15 52 7 40 93 72 10 28 21 26 35 76 65 22 88 23 29 19 3 66 56 13 1 34 40 99 87 0 98 65 54 27 79 45 76 63 42 19 70 52 3 25 68 69 55 3 24 57 84 67 62 71 46 51 96 32 4 81 34 53 45 39 79 
90 9 87 51 82 20 85 90 90 81 20 17 43 97 14 46 51 27 37 72 67 26 94 64 79 48 52 59 75 52 84 92 52 59 50 10 81 13 57 15 49 62 92 62 81 51 87 67 6 88 54 94 33 55 98 0 75 84 6 90 77 24 59 28 79 35 47 47 41 50 71 97 33 89 58 55 86 60 50 18 63 30 3 67 26 41 97 100 76 2 
65 81 18 31 9 39 28 76 80 48 90 62 97 9 69 13 49 41 22 36 67 15 83 99 51 24 20 98 24 92 47 30 26 20 79 36 96 87 78 75 69 60 40 81 29 62 82 54 12 55 46 60 10 65 65 75 0 89 53 26 99 32 4 33 31 2 74 80 24 70 64 12 80 18 50 39 19 67 54 48 69 20 73 61 69 24 89 70 13 41 
70 17 41 38 68 29 72 92 28 47 50 20 37 87 65 42 70 89 16 51 97 37 43 57 86 38 59 27 64 73 64 26 17 21 97 63 79 10 62 44 5 84 42 5 81 61 12 82 97 56 64 70 46 61 54 84 89 0 47 63 24 2 96 54 4 21 85 27 42 100 91 21 17 40 12 35 58 17 34 78 88 58 38 56 82 26 78 46 18 24 
32 46 43 29 82 96 5 46 49 55 54 92 80 99 18 80 59 5 63 70 43 78 24 39 65 18 57 56 63 52 29 75 81 64 43 28 95 76 91 61 21 24 74 51 27 15 27 47 69 36 33 73 29 68 27 6 53 47 0 8 94 26 55 99 29 27 36 7 69 35 97 41 4 88 4 90 45 20 24 22 8 33 12 15 66 89 92 63 59 16 
31 57 63 98 89 74 100 40 68 49 25 87 93 92 29 32 3 97 93 18 59 98 35 16 66 56 62 99 77 82 86 58 45 56 63 95 69 4 71 26 34 93 39 12 16 61 48 99 39 51 11 69 28 45 79 90 26 63 8 0 23 4 93 77 2 21 4 89 79 24 24 28 64 79 15 68 68 12 87 43 85 46 76 48 13 41 37 4 56 47 
59 70 36 2 4 42 51 14 10 70 15 66 40 53 38 4 48 88 32 64 86 38 89 79 33 37 50 40 75 1 60 5 53 7 56 32 58 82 41 42 73 88 17 57 15 92 51 62 29 81 65 40 18 80 45 77 99 24 94 23 0 71 78 50 63 6 3 35 61 92 14 84 67 93 48 45 59 15 12 70 53 55 55 51 82 2 63 74 90 18 
33 8 80 78 89 23 45 51 29 16 63 43 65 70 2 40 76 66 69 36 25 97 11 15 98 60 9 13 90 28 74 22 91 20 96 9 77 44 96 92 27 98 93 14 8 95 65 52 88 38 21 86 81 53 76 24 32 2 26 4 71 0 29 36 41 6 37 55 12 40 90 72 83 55 56 49 47 55 93 5 21 56 27 73 62 33 75 43 86 89 
16 47 83 57 25 56 15 76 92 60 27 75 6 66 37 99 65 88 73 87 39 69 35 25 87 97 41 93 94 46 6 15 37 18 53 29 27 61 18 56 61 47 86 67 93 62 20 30 98 79 17 81 23 78 63 59 4 96 55 93 78 29 0 17 76 59 45 63 99 3 52 53 14 91 94 37 25 100 44 73 98 98 17 3 18 24 81 43 86 13 
55 87 97 42 81 35 68 8 19 83 26 44 24 18 38 99 84 33 82 57 52 39 75 40 24 38 41 45 29 18 56 21 15 57 35 2 10 92 25 50 75 29 17 65 17 6 64 96 55 21 12 96 62 15 42 28 33 54 99 77 50 36 17 0 69 28 98 58 96 25 16 93 40 66 95 91 70 60 33 16 96 57 15 40 81 13 89 49 67 59 
17 77 90 88 87 88 28 76 40 93 39 73 45 28 29 8 36 69 67 10 84 83 69 96 5 49 10 80 13 49 97 79 6 61 70 67 69 90 86 81 12 68 21 22 6 93 76 45 76 92 79 97 81 40 19 79 31 4 29 2 63 41 76 69 0 72 47 1 57 11 69 37 60 78 32 37 45 76 76 10 70 18 32 81 50 47 77 58 61 68 
23 13 84 49 54 89 44 27 68 30 32 25 54 35 69 23 57 81 36 95 46 57 49 58 50 97 24 62 91 38 23 44 85 75 58 64 71 99 51 54 18 55 43 5 79 81 15 2 74 78 28 19 20 98 70 35 2 21 27 21 6 6 59 28 72 0 38 25 56 86 91 14 57 89 66 66 51 87 2 11 64 85 47 61 13 74 22 82 91 53 
96 5 97 15 25 78 8 15 42 27 29 47 44 73 55 27 70 67 22 96 48 5 92 93 44 53 47 96 45 52 21 94 99 63 70 67 23 97 73 84 74 66 83 94 7 71 69 52 4 27 10 21 33 85 52 47 74 85 36 4 3 37 45 98 47 38 0 63 92 99 91 49 12 10 38 36 17 23 79 83 31 19 48 48 70 86 1 80 2 86 
97 19 33 100 24 70 36 54 22 74 71 13 72 76 83 77 86 46 36 39 68 96 87 75 60 16 18 63 35 13 21 44 36 39 1 92 41 67 62 78 61 10 61 79 67 27 67 33 48 65 71 100 34 98 3 47 80 27 7 89 35 55 63 58 1 25 63 0 78 62 50 3 83 83 93 88 97 36 86 87 84 49 96 21 37 65 95 67 47 25 
16 10 62 5 80 67 81 64 23 50 65 95 19 43 80 10 88 47 69 4 89 90 53 91 64 8 86 16 50 27 77 22 6 69 82 54 62 30 93 30 90 36 17 12 6 89 75 64 45 2 61 43 84 92 25 41 24 42 69 79 61 12 99 96 57 56 92 78 0 85 46 73 54 32 73 85 33 10 62 94 11 64 28 94 8 15 90 95 53 77 
71 40 22 7 63 26 98 35 69 25 58 63 56 70 60 13 88 75 69 36 97 25 26 29 79 27 6 56 28 69 38 37 61 31 73 27 68 70 96 80 99 4 36 1 97 95 29 76 26 37 60 44 88 55 68 50 70 100 35 24 92 40 3 25 11 86 99 62 85 0 78 53 24 50 89 88 44 7 86 21 92 32 45 45 63 69 82 95 31 43 
68 10 37 56 4 7 10 83 69 35 5 35 59 54 83 26 19 33 88 25 16 63 93 97 8 54 64 10 61 25 9 29 61 75 41 68 20 49 94 65 57 21 62 11 7 41 46 33 51 55 56 1 69 58 69 71 64 91 97 24 14 90 52 16 69 91 91 50 46 78 0 40 41 59 67 86 18 34 76 13 86 4 42 38 79 92 79 67 87 85 
37 85 32 15 94 13 1 39 43 63 27 74 21 78 20 1 80 10 28 29 18 31 47 100 59 39 79 1 70 90 10 25 21 47 67 78 33 38 17 29 22 74 2 11 65 15 80 68 29 48 60 46 70 85 55 97 12 21 41 28 84 72 53 93 37 14 49 3 73 53 40 0 52 59 76 35 55 73 97 76 54 43 6 48 82 98 58 1 84 76 
82 87 26 55 88 9 91 69 13 1 65 95 69 2 75 10 84 35 56 81 66 8 48 63 72 32 85 1 11 97 75 61 18 98 51 56 18 74 66 68 2 63 25 46 100 88 54 7 89 59 87 72 59 56 3 33 80 17 4 64 67 83 14 40 60 57 12 83 54 24 41 52 0 86 11 40 71 14 81 60 92 72 38 10 11 75 14 21 2 48 
55 64 68 6 80 37 84 78 31 88 91 43 27 6 76 56 48 41 39 30 28 91 84 94 20 68 66 73 87 59 22 3 59 98 90 2 66 92 38 100 95 68 38 36 79 87 79 75 3 12 74 2 95 17 24 89 18 40 88 79 93 55 91 66 78 89 10 83 32 50 59 59 86 0 76 26 45 51 79 87 56 79 21 5 36 73 40 63 58 50 
92 7 52 11 60 80 43 69 7 2 37 88 49 81 98 59 95 83 95 73 93 18 44 82 31 5 58 44 62 68 32 84 24 82 42 24 15 67 84 96 97 83 80 35 28 21 35 89 48 47 4 13 71 15 57 58 50 12 4 15 48 56 94 95 32 66 38 93 73 89 67 76 11 76 0 2 80 63 35 39 7 58 29 16 68 3 29 89 4 77 
94 18 50 66 95 1 77 44 86 46 17 9 70 96 81 43 2 39 55 84 54 36 76 60 24 35 88 85 42 64 9 41 3 76 97 37 82 48 26 32 11 100 53 30 1 14 41 77 7 41 25 3 9 79 84 55 39 35 90 68 45 49 37 91 37 66 36 88 85 88 86 35 40 26 2 0 64 30 73 66 60 59 73 90 31 77 78 3 17 40 
5 70 92 22 56 34 39 86 87 100 90 49 91 75 8 31 89 72 2 55 2 39 47 12 36 24 61 97 49 54 44 52 30 29 22 69 55 9 28 21 81 76 64 77 63 60 73 49 74 82 72 36 41 84 67 86 19 58 45 68 59 47 25 70 45 51 17 97 33 44 18 55 71 45 80 64 0 12 18 94 91 81 28 30 39 85 58 54 5 12 
35 59 58 80 38 1 76 15 42 6 77 66 48 39 57 51 70 20 2 13 57 37 24 25 47 94 3 40 51 87 73 68 87 38 43 42 2 87 47 14 5 67 56 51 47 95 57 21 72 51 49 35 49 4 62 60 67 17 20 12 15 55 100 60 76 87 23 36 10 7 34 73 14 51 63 30 12 0 83 93 67 11 8 96 83 73 8 93 45 97 
33 35 82 77 42 18 26 96 50 76 59 29 36 74 35 87 75 8 59 35 13 86 23 7 91 66 100 20 60 79 5 5 90 72 41 11 24 35 52 68 74 96 9 99 68 53 89 72 58 34 3 20 7 50 71 50 54 34 24 87 12 93 44 33 76 2 79 86 62 86 76 97 81 79 35 73 18 83 0 24 73 74 78 41 66 90 59 11 80 91 
51 19 20 81 95 50 49 87 87 16 85 43 96 18 1 87 74 32 65 68 10 3 63 6 20 10 61 33 31 99 20 61 87 71 51 2 12 94 99 55 3 1 56 35 66 91 10 71 38 47 77 75 79 81 46 18 48 78 22 43 70 5 73 16 10 11 83 87 94 21 13 76 60 87 39 66 94 93 24 0 90 61 29 74 70 34 30 81 16 74 
91 86 4 42 30 67 8 22 63 96 28 36 91 80 63 80 63 74 1 65 47 6 22 93 77 54 84 20 23 65 1 47 42 16 42 14 18 27 32 76 89 29 38 91 34 9 72 3 95 75 2 2 24 43 51 63 69 88 8 85 53 21 98 96 70 64 31 84 11 92 86 54 92 56 7 60 91 67 73 90 0 48 78 81 95 60 5 2 53 1 
19 42 37 89 84 47 97 37 90 16 15 37 91 27 54 32 93 37 67 46 97 73 61 15 31 85 53 7 49 76 80 41 81 69 67 22 73 54 78 51 19 57 30 62 8 61 49 32 71 18 68 51 16 6 96 30 20 58 33 46 55 56 98 57 18 85 19 49 64 32 4 43 72 79 58 59 81 11 74 61 48 0 51 28 74 76 5 66 93 94 
87 99 24 82 10 68 25 81 17 4 21 95 88 89 82 15 1 100 19 67 69 84 52 16 72 90 25 45 20 66 93 75 12 93 8 80 69 47 8 34 9 15 58 28 24 28 5 12 58 93 32 47 38 88 32 3 73 38 12 76 55 27 17 15 32 47 48 96 28 45 42 6 38 21 29 73 28 8 78 29 78 51 0 24 3 26 66 92 38 94 
44 69 54 88 52 43 73 79 8 92 11 18 90 94 2 26 70 10 60 11 32 67 24 15 88 16 38 89 40 91 94 94 54 33 70 83 6 85 89 6 38 89 56 39 15 54 32 1 99 87 35 79 72 80 4 67 61 56 15 48 51 73 3 40 81 61 48 21 94 45 38 48 10 5 16 90 30 96 41 74 81 28 24 0 18 8 28 47 40 95 
9 43 55 9 44 86 22 100 28 56 69 89 78 30 64 97 64 13 68 39 19 54 73 22 94 74 70 64 26 45 82 77 85 8 29 58 58 39 47 100 91 75 55 41 27 74 42 20 31 99 70 99 46 90 81 26 69 82 66 13 82 62 18 81 50 13 70 37 8 63 79 82 11 36 68 31 39 83 66 70 95 74 3 18 0 73 39 73 53 86 
45 51 71 56 80 45 64 62 53 28 15 62 28 58 29 19 45 60 45 24 17 67 57 70 2 65 3 59 23 73 32 67 35 2 35 100 95 82 83 50 82 54 32 8 94 82 70 19 70 46 17 38 88 74 34 41 24 26 89 41 2 33 24 13 47 74 86 65 15 69 92 98 75 73 3 77 85 73 90 34 60 76 26 8 73 0 84 10 39 36 
34 29 92 38 86 62 10 20 98 24 82 34 84 42 67 24 72 88 48 82 99 93 17 30 19 63 90 47 14 94 77 37 57 91 19 93 86 97 46 20 87 2 99 52 95 56 18 19 5 27 88 24 4 35 53 97 89 78 92 37 63 75 81 89 77 22 1 95 90 82 79 58 14 40 29 78 58 8 59 30 5 5 66 28 39 84 0 10 89 63 
25 75 72 91 4 25 1 27 7 4 58 2 74 39 32 61 12 5 42 26 37 21 55 72 97 98 89 61 49 88 80 59 62 80 59 45 6 77 77 74 11 34 94 21 55 36 23 73 94 53 16 58 7 54 45 100 70 46 63 4 74 43 43 49 58 82 80 67 95 95 67 1 21 63 89 3 54 93 11 81 2 66 92 47 73 10 10 0 35 17 
15 19 63 93 99 73 35 53 80 27 16 81 16 44 93 12 14 1 12 74 65 4 52 26 87 2 13 37 39 97 47 93 51 74 83 62 25 91 97 45 86 37 74 64 74 95 33 100 66 1 80 8 86 34 39 76 13 18 59 56 90 86 86 67 61 91 2 47 53 31 87 84 2 58 4 17 5 45 80 16 53 93 38 40 53 39 89 35 0 68 
17 74 34 19 67 9 66 66 46 78 36 78 15 40 84 55 30 44 10 51 93 22 93 20 35 81 98 54 77 45 5 11 89 54 13 20 32 24 88 33 59 25 73 2 73 22 96 65 73 14 20 96 33 2 79 2 41 24 16 47 18 89 13 59 68 53 86 25 77 43 85 76 48 50 77 40 12 97 91 74 1 94 94 95 86 36 63 17 68 0 
