40
0 15 54 12 38 94 82 48 57 80 99 25 56 61 47 29 43 22 68 3 78 23 48 64 13 85 26 57 39 7 16 34 22 69 97 11 62 78 10 70 
15 0 9 9 94 16 21 93 44 64 14 63 18 91 86 65 7 98 2 84 6 92 42 21 25 15 42 21 26 55 51 35 25 59 95 70 75 68 14 70 
54 9 0 83 28 33 100 70 18 17 28 67 18 11 72 9 5 93 34 19 86 54 96 40 56 83 16 15 29 38 41 96 51 62 78 30 94 30 52 63 
12 9 83 0 46 79 29 63 42 53 23 46 97 56 16 82 62 12 21 17 46 37 83 74 74 23 22 76 85 99 6 30 80 57 93 25 35 73 39 28 
38 94 28 46 0 25 62 73 21 69 89 54 30 52 75 99 97 63 81 22 36 56 43 11 40 94 68 21 73 24 13 98 11 38 88 38 62 49 11 35 
94 16 33 79 25 0 18 51 88 99 54 14 97 2 76 30 23 63 85 66 26 76 59 93 48 83 17 13 32 79 50 20 16 11 68 78 97 37 80 85 
82 21 100 29 62 18 0 36 33 98 84 34 74 65 9 36 1 74 61 28 84 6 76 66 74 88 50 52 37 69 67 99 36 45 96 73 76 80 60 9 
48 93 70 63 73 51 36 0 29 95 94 54 60 2 42 60 75 54 88 10 59 63 28 32 2 77 83 38 45 2 36 32 98 31 56 73 62 15 81 43 
57 44 18 42 21 88 33 29 0 10 27 96 69 28 37 80 55 91 67 16 49 81 43 33 82 71 67 71 67 68 7 99 65 89 54 38 3 21 70 45 
80 64 17 53 69 99 98 95 10 0 82 96 40 2 24 29 81 30 19 48 45 19 80 88 51 14 10 18 84 77 37 42 27 2 31 32 91 85 52 12 
99 14 28 23 89 54 84 94 27 82 0 29 85 8 20 86 83 48 67 64 66 66 8 37 45 47 39 58 57 8 94 85 45 35 11 98 17 94 40 1 
25 63 67 46 54 14 34 54 96 96 29 0 46 51 29 82 10 1 68 44 48 34 7 66 51 15 2 95 13 92 5 69 100 98 53 44 84 15 93 1 
56 18 18 97 30 97 74 60 69 40 85 46 0 9 32 1 6 34 82 87 44 82 6 39 81 39 46 46 89 12 99 36 24 91 92 45 90 41 49 85 
61 91 11 56 52 2 65 2 28 2 8 51 9 0 24 64 29 24 24 60 77 81 45 58 19 88 91 25 27 71 63 24 17 4 35 67 91 10 57 82 
47 86 72 16 75 76 9 42 37 24 20 29 32 24 0 54 98 22 3 34 97 18 62 73 41 73 1 21 18 58 39 57 100 63 35 70 78 10 38 33 
29 65 9 82 99 30 36 60 80 29 86 82 1 64 54 0 96 5 23 6 13 4 11 63 77 13 48 25 30 62 49 22 86 49 94 3 58 85 12 57 
43 7 5 62 97 23 1 75 55 81 83 10 6 29 98 96 0 99 98 27 28 8 64 60 3 20 82 8 85 37 71 47 65 83 94 42 65 7 90 38 
22 98 93 12 63 63 74 54 91 30 48 1 34 24 22 5 99 0 93 39 32 47 96 68 58 53 66 56 31 94 15 46 53 17 66 87 77 2 23 47 
68 2 34 21 81 85 61 88 67 19 67 68 82 24 3 23 98 93 0 48 40 81 93 81 97 100 70 35 92 60 18 38 8 85 48 60 50 55 42 43 
3 84 19 17 22 66 28 10 16 48 64 44 87 60 34 6 27 39 48 0 69 87 48 37 4 34 65 5 8 11 52 47 44 97 79 40 48 1 74 91 
78 6 86 46 36 26 84 59 49 45 66 48 44 77 97 13 28 32 40 69 0 12 91 80 19 75 27 30 77 33 71 71 53 58 18 90 61 3 54 66 
23 92 54 37 56 76 6 63 81 19 66 34 82 81 18 4 8 47 81 87 12 0 11 17 69 9 60 65 88 51 64 40 25 54 51 67 34 70 94 12 
48 42 96 83 43 59 76 28 43 80 8 7 6 45 62 11 64 96 93 48 91 11 0 99 70 45 70 92 97 79 10 38 39 12 92 56 74 60 25 83 
64 21 40 74 11 93 66 32 33 88 37 66 39 58 73 63 60 68 81 37 80 17 99 0 71 41 22 21 5 61 97 58 63 64 43 32 9 55 83 30 
13 25 56 74 40 48 74 2 82 51 45 51 81 19 41 77 3 58 97 4 19 69 70 71 0 51 4 21 47 82 82 37 72 46 28 28 19 39 52 53 
85 15 83 23 94 83 88 77 71 14 47 15 39 88 73 13 20 53 100 34 75 9 45 41 51 0 9 44 74 81 48 86 78 58 49 93 52 32 1 6 
26 42 16 22 68 17 50 83 67 10 39 2 46 91 1 48 82 66 70 65 27 60 70 22 4 9 0 14 82 8 17 2 55 50 36 91 22 81 70 49 
57 21 15 76 21 13 52 38 71 18 58 95 46 25 21 25 8 56 35 5 30 65 92 21 21 44 14 0 99 60 52 52 68 95 77 100 95 15 77 4 
39 26 29 85 73 32 37 45 67 84 57 13 89 27 18 30 85 31 92 8 77 88 97 5 47 74 82 99 0 15 69 55 46 21 13 12 2 20 80 56 
7 55 38 99 24 79 69 2 68 77 8 92 12 71 58 62 37 94 60 11 33 51 79 61 82 81 8 60 15 0 26 30 91 68 51 71 89 51 21 48 
16 51 41 6 13 50 67 36 7 37 94 5 99 63 39 49 71 15 18 52 71 64 10 97 82 48 17 52 69 26 0 2 72 67 48 1 67 42 15 43 
34 35 96 30 98 20 99 32 99 42 85 69 36 24 57 22 47 46 38 47 71 40 38 58 37 86 2 52 55 30 2 0 97 29 64 52 26 84 16 37 
22 25 51 80 11 16 36 98 65 27 45 100 24 17 100 86 65 53 8 44 53 25 39 63 72 78 55 68 46 91 72 97 0 38 35 69 45 61 98 35 
69 59 62 57 38 11 45 31 89 2 35 98 91 4 63 49 83 17 85 97 58 54 12 64 46 58 50 95 21 68 67 29 38 0 80 100 57 69 2 77 
97 95 78 93 88 68 96 56 54 31 11 53 92 35 35 94 94 66 48 79 18 51 92 43 28 49 36 77 13 51 48 64 35 80 0 16 3 1 35 2 
11 70 30 25 38 78 73 73 38 32 98 44 45 67 70 3 42 87 60 40 90 67 56 32 28 93 91 100 12 71 1 52 69 100 16 0 1 1 96 15 
62 75 94 35 62 97 76 62 3 91 17 84 90 91 78 58 65 77 50 48 61 34 74 9 19 52 22 95 2 89 67 26 45 57 3 1 0 95 92 95 
78 68 30 73 49 37 80 15 21 85 94 15 41 10 10 85 7 2 55 1 3 70 60 55 39 32 81 15 20 51 42 84 61 69 1 1 95 0 10 95 
10 14 52 39 11 80 60 81 70 52 40 93 49 57 38 12 90 23 42 74 54 94 25 83 52 1 70 77 80 21 15 16 98 2 35 96 92 10 0 20 
70 70 63 28 35 85 9 43 45 12 1 1 85 82 33 57 38 47 43 91 66 12 83 30 53 6 49 4 56 48 43 37 35 77 2 15 95 95 20 0 
