90
0 59 6 93 70 100 5 91 1 65 10 76 5 97 12 33 6 90 8 44 85 57 75 82 82 48 21 83 97 66 12 26 76 69 18 45 20 74 36 21 39 97 48 43 45 12 28 2 53 35 45 37 43 19 70 25 19 91 59 15 8 22 92 83 90 9 79 9 34 14 81 72 62 81 15 6 92 94 7 96 28 4 84 22 74 54 98 44 44 8 
59 0 10 3 29 1 85 18 61 63 79 95 29 11 66 90 91 32 48 34 25 6 29 4 9 13 78 35 66 75 78 61 83 88 63 11 88 99 81 49 13 59 43 93 69 60 83 12 44 82 45 20 87 26 24 48 90 53 82 7 27 59 67 61 98 81 72 86 79 4 86 43 62 80 36 82 39 70 45 82 51 90 2 89 67 77 36 56 81 17 
6 10 0 62 7 28 80 68 25 60 91 62 90 94 47 84 7 78 19 40 17 88 85 50 90 26 3 79 92 31 14 99 11 83 12 70 10 91 37 86 2 79 100 91 24 98 26 82 76 45 21 44 84 5 93 26 30 48 4 73 78 69 23 89 51 34 10 12 24 46 50 77 76 49 19 51 46 45 32 21 89 52 64 24 9 9 49 90 56 4 
93 3 62 0 63 85 73 85 25 75 71 34 87 46 31 36 23 6 36 41 56 81 85 39 54 25 91 17 1 99 77 49 88 84 53 2 69 77 39 93 51 9 27 37 54 9 24 28 15 59 69 22 92 5 61 45 82 3 13 82 53 90 82 40 73 34 94 41 62 84 86 13 92 12 1 97 20 77 77 86 87 45 60 78 1 72 22 82 74 35 
70 29 7 63 0 63 26 24 45 17 48 30 62 89 44 45 26 56 88 37 8 37 8 84 13 46 71 9 57 48 9 28 22 43 53 56 57 78 31 53 46 30 83 8 70 78 4 95 33 92 83 40 28 91 24 40 88 46 100 96 93 60 23 66 2 75 73 59 4 3 11 1 85 45 60 54 22 64 49 6 55 31 98 34 73 21 25 60 18 24 
100 1 28 85 63 0 55 10 83 29 76 37 55 48 47 10 3 57 11 87 54 70 40 27 85 40 85 39 71 82 72 43 54 96 55 71 71 61 32 6 42 59 42 96 7 88 6 61 96 68 99 1 89 90 80 74 30 64 64 52 45 36 94 98 83 100 20 6 13 51 11 54 10 52 49 68 91 6 80 86 25 78 87 14 19 66 39 100 29 2 
5 85 80 73 26 55 0 51 25 89 97 74 24 96 93 29 8 95 39 13 4 42 62 23 32 19 2 17 96 31 55 9 50 72 47 49 52 100 52 76 89 48 1 12 95 45 40 55 40 30 67 95 71 80 18 54 51 19 22 46 50 77 6 51 100 4 51 52 3 2 27 91 1 80 2 48 24 93 54 63 74 72 10 96 52 27 49 54 45 23 
91 18 68 85 24 10 51 0 99 46 51 4 96 50 7 47 1 61 100 80 52 53 59 5 100 82 50 53 97 23 24 6 19 27 32 19 80 28 41 30 74 91 85 21 41 91 19 93 52 19 72 55 71 30 59 22 12 60 74 8 83 49 13 53 28 96 71 7 23 64 89 48 6 73 69 98 16 87 91 19 57 62 73 79 92 83 100 55 43 25 
1 61 25 25 45 83 25 99 0 14 77 26 78 29 53 73 51 11 47 66 99 95 72 72 15 69 87 53 59 57 10 73 29 40 16 63 40 70 57 64 83 85 41 60 65 93 84 16 4 30 33 2 76 4 25 90 25 63 95 83 19 56 7 99 95 22 14 34 43 70 50 25 55 90 36 19 35 19 86 38 1 19 91 76 74 68 18 98 30 12 
65 63 60 75 17 29 89 46 14 0 33 1 67 39 99 13 61 12 47 3 34 48 80 40 89 67 58 75 86 96 12 38 66 55 13 39 22 82 37 3 93 69 3 11 7 54 24 19 17 22 74 50 21 5 89 9 71 99 36 8 46 47 45 11 53 10 49 26 91 85 29 36 53 83 46 12 36 69 82 53 42 7 54 62 11 43 23 34 93 58 
10 79 91 71 48 76 97 51 77 33 0 41 38 56 38 48 9 47 48 34 37 33 14 72 37 97 70 100 84 38 34 36 80 40 42 93 51 84 15 84 28 72 76 65 28 13 64 88 59 11 73 48 95 39 71 84 35 40 83 70 30 16 58 61 8 99 53 10 82 68 45 61 91 20 25 70 85 40 57 95 2 82 42 97 20 65 32 6 56 66 
76 95 62 34 30 37 74 4 26 1 41 0 75 85 34 32 97 41 30 50 50 63 69 94 23 59 65 99 29 49 38 37 44 92 18 37 40 37 1 71 42 57 36 17 93 21 100 90 61 30 91 62 44 59 7 19 69 72 17 49 72 7 86 15 98 3 4 37 92 4 59 33 12 46 1 57 67 53 46 79 34 36 41 77 46 99 95 14 70 64 
5 29 90 87 62 55 24 96 78 67 38 75 0 63 42 22 100 8 19 54 11 7 45 67 17 30 30 62 82 86 28 34 31 7 67 18 99 96 15 97 42 81 19 5 95 12 78 94 19 96 47 82 54 92 48 70 21 29 84 2 15 11 88 97 69 54 15 19 1 81 68 43 61 86 99 55 97 77 48 67 24 47 100 30 90 99 51 10 28 34 
97 11 94 46 89 48 96 50 29 39 56 85 63 0 63 42 97 2 38 65 8 4 36 8 85 3 50 97 40 1 52 36 77 51 54 52 49 54 81 38 52 32 99 31 17 14 72 13 15 62 30 22 65 65 30 1 67 31 98 58 83 1 93 11 3 98 63 4 3 95 41 7 26 40 37 43 53 9 7 19 70 36 41 86 100 22 39 18 4 88 
12 66 47 31 44 47 93 7 53 99 38 34 42 63 0 75 87 40 19 97 42 69 11 97 71 6 38 77 83 29 14 25 33 74 84 51 95 19 43 32 19 64 70 88 20 57 15 6 96 33 54 90 1 65 86 24 70 23 100 52 3 65 29 35 38 12 86 84 30 28 16 100 44 85 40 63 42 54 20 89 86 73 78 39 37 16 62 6 90 13 
33 90 84 36 45 10 29 47 73 13 48 32 22 42 75 0 10 93 78 38 27 67 1 64 51 30 44 66 82 39 2 21 53 43 74 72 84 11 44 13 1 33 28 14 90 18 27 99 62 56 88 88 74 88 4 24 18 99 41 51 37 43 71 89 37 44 12 20 6 55 33 7 87 60 20 29 29 98 27 90 5 15 30 79 54 85 54 71 83 95 
6 91 7 23 26 3 8 1 51 61 9 97 100 97 87 10 0 21 71 37 43 11 73 38 22 93 44 76 77 2 15 36 73 43 17 71 21 6 27 87 35 5 41 19 59 63 53 53 36 23 41 78 33 13 16 54 57 11 82 33 12 48 21 84 42 89 6 62 94 33 1 81 89 41 51 47 3 4 51 90 78 43 68 11 56 35 16 64 45 97 
90 32 78 6 56 57 95 61 11 12 47 41 8 2 40 93 21 0 49 56 44 21 39 37 9 97 99 54 29 99 34 17 91 85 16 45 40 18 35 17 61 2 27 68 36 95 83 80 91 31 87 87 3 77 23 63 73 73 17 53 23 2 22 13 86 89 10 77 6 44 94 18 97 72 37 32 66 20 63 9 2 1 47 5 77 21 19 2 94 35 
8 48 19 36 88 11 39 100 47 47 48 30 19 38 19 78 71 49 0 54 68 37 27 33 74 15 42 51 73 85 96 90 33 67 27 64 85 98 78 93 99 30 91 55 6 11 74 59 56 60 13 24 96 91 8 22 6 49 72 78 85 19 19 17 85 97 32 69 94 61 13 45 90 3 51 47 14 76 6 21 36 70 96 83 60 3 4 65 51 27 
44 34 40 41 37 87 13 80 66 3 34 50 54 65 97 38 37 56 54 0 94 87 45 65 55 82 61 86 2 7 46 15 3 87 69 53 34 82 29 39 55 16 60 50 98 19 53 54 36 55 32 29 42 29 93 96 10 6 34 11 64 31 77 66 18 46 70 3 79 50 41 33 65 100 83 15 70 87 20 5 41 51 86 82 31 78 30 40 35 63 
85 25 17 56 8 54 4 52 99 34 37 50 11 8 42 27 43 44 68 94 0 3 98 93 79 15 10 76 37 12 55 86 4 39 3 55 21 69 77 7 88 81 100 90 66 81 21 96 62 12 82 24 14 80 17 45 46 78 20 82 42 26 20 97 65 22 4 37 90 80 96 29 60 95 70 78 27 90 73 89 54 54 12 19 85 80 63 83 10 35 
57 6 88 81 37 70 42 53 95 48 33 63 7 4 69 67 11 21 37 87 3 0 64 3 60 35 99 24 56 54 61 97 33 56 77 45 2 47 22 28 88 46 16 41 51 80 60 88 11 74 70 72 8 85 74 20 20 25 43 27 30 55 76 63 62 4 59 15 50 32 43 90 77 10 82 79 41 93 66 52 19 87 75 26 24 49 97 95 25 40 
75 29 85 85 8 40 62 59 72 80 14 69 45 36 11 1 73 39 27 45 98 64 0 73 54 46 48 68 60 52 26 74 53 9 68 94 37 78 76 16 18 20 33 21 38 72 96 16 95 96 12 89 20 3 13 25 1 61 45 60 64 22 85 68 31 53 62 67 30 89 82 99 60 67 20 98 38 15 65 32 10 76 72 81 31 84 57 31 96 1 
82 4 50 39 84 27 23 5 72 40 72 94 67 8 97 64 38 37 33 65 93 3 73 0 42 11 23 78 79 5 30 92 71 11 32 5 10 91 71 81 40 8 47 4 91 8 32 14 88 14 49 96 96 97 97 37 59 71 14 37 75 96 80 45 6 63 1 67 54 71 99 45 30 45 1 72 4 84 37 43 97 38 39 92 34 87 80 92 57 45 
82 9 90 54 13 85 32 100 15 89 37 23 17 85 71 51 22 9 74 55 79 60 54 42 0 81 31 40 12 27 98 75 28 16 28 50 67 24 32 11 24 3 67 7 92 9 55 29 47 98 62 33 77 5 89 22 85 71 13 97 50 10 23 29 78 2 30 44 25 61 6 49 16 72 7 7 81 14 35 79 11 48 12 88 52 52 61 89 75 73 
48 13 26 25 46 40 19 82 69 67 97 59 30 3 6 30 93 97 15 82 15 35 46 11 81 0 37 24 35 59 4 64 60 33 7 84 94 64 84 9 36 43 67 68 56 53 46 18 52 57 5 55 61 65 43 35 90 31 58 24 89 13 87 100 45 45 36 38 8 71 98 95 13 16 14 20 68 60 38 19 68 94 74 28 11 68 14 100 99 23 
21 78 3 91 71 85 2 50 87 58 70 65 30 50 38 44 44 99 42 61 10 99 48 23 31 37 0 75 39 35 13 39 80 57 74 69 16 96 67 63 61 82 76 32 2 35 69 72 55 15 45 34 25 65 48 76 15 70 2 53 5 14 43 84 22 68 52 89 64 70 51 24 4 27 55 57 13 76 28 19 42 25 53 66 89 100 93 3 21 94 
83 35 79 17 9 39 17 53 53 75 100 99 62 97 77 66 76 54 51 86 76 24 68 78 40 24 75 0 7 77 7 50 60 80 17 64 68 80 85 19 55 40 97 10 96 61 37 24 80 78 100 32 95 88 83 39 42 55 32 48 32 90 49 43 69 66 58 88 97 43 6 52 82 54 13 78 15 1 53 94 30 52 77 24 91 11 14 84 17 45 
97 66 92 1 57 71 96 97 59 86 84 29 82 40 83 82 77 29 73 2 37 56 60 79 12 35 39 7 0 83 48 86 32 91 6 49 48 93 45 42 51 48 76 4 12 5 70 12 57 15 41 60 43 16 2 5 29 85 22 25 67 21 10 50 11 67 50 11 60 47 4 62 94 79 17 58 83 87 21 91 53 14 50 96 29 51 52 10 87 73 
66 75 31 99 48 82 31 23 57 96 38 49 86 1 29 39 2 99 85 7 12 54 52 5 27 59 35 77 83 0 86 6 94 48 7 56 14 57 18 25 3 22 86 48 52 3 5 35 41 26 77 93 39 27 40 19 29 92 80 68 16 66 73 9 65 31 17 78 87 86 55 89 7 40 89 11 94 93 97 34 70 73 79 60 51 70 79 80 61 10 
12 78 14 77 9 72 55 24 10 12 34 38 28 52 14 2 15 34 96 46 55 61 26 30 98 4 13 7 48 86 0 99 77 75 71 37 91 53 5 69 40 91 23 80 49 14 68 59 60 13 55 93 82 28 23 42 78 93 72 9 5 81 7 33 8 29 70 98 82 26 18 73 16 92 52 65 58 72 23 17 84 30 61 17 57 84 58 86 28 81 
26 61 99 49 28 43 9 6 73 38 36 37 34 36 25 21 36 17 90 15 86 97 74 92 75 64 39 50 86 6 99 0 47 84 14 53 17 21 34 38 70 67 63 88 39 79 31 42 43 88 13 17 4 96 46 65 13 54 100 22 92 79 55 38 62 68 42 78 40 75 67 9 93 30 48 31 60 79 25 54 18 37 70 74 85 68 90 49 73 89 
76 83 11 88 22 54 50 19 29 66 80 44 31 77 33 53 73 91 33 3 4 33 53 71 28 60 80 60 32 94 77 47 0 22 64 19 76 1 80 95 43 10 34 69 76 95 62 57 42 44 16 72 68 69 42 5 91 15 41 10 4 89 82 44 10 98 62 38 98 41 32 92 50 66 13 78 60 74 34 53 69 2 25 37 70 66 93 12 32 85 
69 88 83 84 43 96 72 27 40 55 40 92 7 51 74 43 43 85 67 87 39 56 9 11 16 33 57 80 91 48 75 84 22 0 73 35 73 7 78 34 4 39 71 53 31 3 45 81 68 9 10 79 34 43 31 2 44 7 90 66 24 34 29 55 18 2 41 42 8 70 76 63 8 46 15 91 48 11 23 67 19 32 97 52 74 28 54 70 86 95 
18 63 12 53 53 55 47 32 16 13 42 18 67 54 84 74 17 16 27 69 3 77 68 32 28 7 74 17 6 7 71 14 64 73 0 87 62 29 15 68 98 68 9 40 75 78 15 89 38 60 4 28 60 14 50 26 85 81 23 36 6 2 41 27 39 36 13 100 16 80 68 13 47 28 4 74 5 18 62 94 30 65 21 89 31 22 66 15 54 88 
45 11 70 2 56 71 49 19 63 39 93 37 18 52 51 72 71 45 64 53 55 45 94 5 50 84 69 64 49 56 37 53 19 35 87 0 50 12 41 43 38 80 30 51 31 45 30 50 9 28 77 13 1 34 30 63 27 59 79 100 99 9 73 65 75 27 52 25 38 45 19 27 76 48 29 6 92 10 56 100 38 84 64 38 17 94 52 96 4 31 
20 88 10 69 57 71 52 80 40 22 51 40 99 49 95 84 21 40 85 34 21 2 37 10 67 94 16 68 48 14 91 17 76 73 62 50 0 47 3 91 71 67 66 97 70 42 86 66 60 65 41 7 93 47 50 3 54 1 40 37 65 29 6 10 81 53 65 63 99 67 53 69 85 18 18 7 11 55 72 70 19 65 28 12 11 77 66 16 78 57 
74 99 91 77 78 61 100 28 70 82 84 37 96 54 19 11 6 18 98 82 69 47 78 91 24 64 96 80 93 57 53 21 1 7 29 12 47 0 4 42 85 9 3 17 61 67 79 11 86 84 80 22 53 49 28 64 3 52 33 74 16 61 85 78 89 2 45 66 58 48 59 94 57 61 11 69 80 41 80 65 76 11 86 29 11 66 44 13 69 76 
36 81 37 39 31 32 52 41 57 37 15 1 15 81 43 44 27 35 78 29 77 22 76 71 32 84 67 85 45 18 5 34 80 78 15 41 3 4 0 38 84 88 22 13 77 75 57 94 32 4 5 26 12 17 88 33 96 80 64 12 56 26 98 36 36 15 79 100 83 6 38 18 46 11 82 74 86 38 67 17 93 71 94 57 88 33 89 35 13 52 
21 49 86 93 53 6 76 30 64 3 84 71 97 38 32 13 87 17 93 39 7 28 16 81 11 9 63 19 42 25 69 38 95 34 68 43 91 42 38 0 47 20 77 96 7 64 62 85 63 44 42 100 13 87 63 94 60 48 83 79 16 75 1 62 31 40 94 71 75 58 22 73 29 50 68 35 13 29 71 76 24 13 27 36 99 89 81 11 88 63 
39 13 2 51 46 42 89 74 83 93 28 42 42 52 19 1 35 61 99 55 88 88 18 40 24 36 61 55 51 3 40 70 43 4 98 38 71 85 84 47 0 89 4 89 41 65 72 81 10 42 55 68 16 27 96 65 46 31 78 74 53 5 49 65 83 84 16 24 16 78 11 30 18 66 18 58 82 41 38 92 83 92 11 98 70 6 14 15 88 91 
97 59 79 9 30 59 48 91 85 69 72 57 81 32 64 33 5 2 30 16 81 46 20 8 3 43 82 40 48 22 91 67 10 39 68 80 67 9 88 20 89 0 40 41 47 88 57 82 23 24 5 38 1 67 67 18 33 37 76 66 77 13 57 11 57 19 60 78 25 74 45 64 64 84 56 63 72 13 44 46 36 48 84 89 66 2 6 50 90 33 
48 43 100 27 83 42 1 85 41 3 76 36 19 99 70 28 41 27 91 60 100 16 33 47 67 67 76 97 76 86 23 63 34 71 9 30 66 3 22 77 4 40 0 16 19 98 24 29 6 43 89 83 19 62 27 82 77 11 38 91 34 2 34 79 89 33 14 77 99 68 35 48 57 67 15 75 16 91 56 21 33 44 56 51 57 82 84 33 44 73 
43 93 91 37 8 96 12 21 60 11 65 17 5 31 88 14 19 68 55 50 90 41 21 4 7 68 32 10 4 48 80 88 69 53 40 51 97 17 13 96 89 41 16 0 76 29 74 9 60 15 94 73 91 92 40 77 91 49 96 58 23 11 48 78 84 32 73 39 34 29 72 17 14 68 90 89 96 15 49 7 81 42 80 72 85 71 100 28 19 95 
45 69 24 54 70 7 95 41 65 7 28 93 95 17 20 90 59 36 6 98 66 51 38 91 92 56 2 96 12 52 49 39 76 31 75 31 70 61 77 7 41 47 19 76 0 85 94 58 84 71 41 15 96 31 48 76 2 64 89 21 5 29 69 72 30 75 52 71 6 75 8 77 75 35 47 21 71 40 78 54 63 70 68 10 100 15 85 54 30 26 
12 60 98 9 78 88 45 91 93 54 13 21 12 14 57 18 63 95 11 19 81 80 72 8 9 53 35 61 5 3 14 79 95 3 78 45 42 67 75 64 65 88 98 29 85 0 26 87 54 94 10 35 21 13 6 26 88 13 54 14 99 1 86 69 92 64 22 6 85 89 15 37 55 100 42 36 77 67 74 82 61 83 17 81 48 74 58 35 86 12 
28 83 26 24 4 6 40 19 84 24 64 100 78 72 15 27 53 83 74 53 21 60 96 32 55 46 69 37 70 5 68 31 62 45 15 30 86 79 57 62 72 57 24 74 94 26 0 100 84 64 85 4 55 100 25 13 37 65 27 73 71 78 14 58 54 80 32 36 92 66 4 72 13 77 82 99 14 93 50 49 56 87 52 62 86 76 74 74 92 53 
2 12 82 28 95 61 55 93 16 19 88 90 94 13 6 99 53 80 59 54 96 88 16 14 29 18 72 24 12 35 59 42 57 81 89 50 66 11 94 85 81 82 29 9 58 87 100 0 46 62 30 59 19 36 91 2 23 82 68 26 6 32 2 87 31 15 31 80 63 86 66 14 99 4 41 73 77 32 25 75 45 6 85 15 41 75 17 63 9 84 
53 44 76 15 33 96 40 52 4 17 59 61 19 15 96 62 36 91 56 36 62 11 95 88 47 52 55 80 57 41 60 43 42 68 38 9 60 86 32 63 10 23 6 60 84 54 84 46 0 40 14 15 41 52 97 7 82 29 21 19 94 86 17 49 78 41 78 9 65 52 5 23 36 20 63 63 36 78 71 71 17 36 37 10 39 34 68 72 14 89 
35 82 45 59 92 68 30 19 30 22 11 30 96 62 33 56 23 31 60 55 12 74 96 14 98 57 15 78 15 26 13 88 44 9 60 28 65 84 4 44 42 24 43 15 71 94 64 62 40 0 90 59 26 58 8 4 99 37 64 15 40 69 37 27 40 100 89 27 29 11 49 97 98 85 6 36 70 26 7 83 66 96 42 91 6 1 46 4 37 10 
45 45 21 69 83 99 67 72 33 74 73 91 47 30 54 88 41 87 13 32 82 70 12 49 62 5 45 100 41 77 55 13 16 10 4 77 41 80 5 42 55 5 89 94 41 10 85 30 14 90 0 18 76 30 7 54 21 58 43 47 86 5 95 82 3 31 40 38 1 65 45 35 82 92 28 24 97 28 70 52 16 31 22 43 60 28 97 32 85 91 
37 20 44 22 40 1 95 55 2 50 48 62 82 22 90 88 78 87 24 29 24 72 89 96 33 55 34 32 60 93 93 17 72 79 28 13 7 22 26 100 68 38 83 73 15 35 4 59 15 59 18 0 78 22 95 24 3 97 54 94 35 6 10 31 93 91 74 20 15 71 100 36 74 67 66 95 10 77 74 58 8 58 48 37 79 94 60 34 91 65 
43 87 84 92 28 89 71 71 76 21 95 44 54 65 1 74 33 3 96 42 14 8 20 96 77 61 25 95 43 39 82 4 68 34 60 1 93 53 12 13 16 1 19 91 96 21 55 19 41 26 76 78 0 27 77 23 89 59 67 79 32 86 45 54 37 80 28 4 45 74 65 73 48 22 80 5 21 16 36 14 27 69 56 92 47 84 66 87 42 32 
19 26 5 5 91 90 80 30 4 5 39 59 92 65 65 88 13 77 91 29 80 85 3 97 5 65 65 88 16 27 28 96 69 43 14 34 47 49 17 87 27 67 62 92 31 13 100 36 52 58 30 22 27 0 66 74 69 62 27 6 94 6 61 90 80 77 63 27 98 42 83 70 10 18 35 36 38 91 79 37 26 96 23 68 27 40 93 96 54 19 
70 24 93 61 24 80 18 59 25 89 71 7 48 30 86 4 16 23 8 93 17 74 13 97 89 43 48 83 2 40 23 46 42 31 50 30 50 28 88 63 96 67 27 40 48 6 25 91 97 8 7 95 77 66 0 53 47 77 65 36 8 41 50 34 90 44 68 59 53 38 45 40 27 87 19 63 13 66 38 80 93 29 72 40 34 42 44 80 18 8 
25 48 26 45 40 74 54 22 90 9 84 19 70 1 24 24 54 63 22 96 45 20 25 37 22 35 76 39 5 19 42 65 5 2 26 63 3 64 33 94 65 18 82 77 76 26 13 2 7 4 54 24 23 74 53 0 68 25 48 69 10 89 12 78 47 16 15 43 56 93 30 26 8 42 91 45 21 35 25 92 74 59 85 69 90 3 76 9 79 75 
19 90 30 82 88 30 51 12 25 71 35 69 21 67 70 18 57 73 6 10 46 20 1 59 85 90 15 42 29 29 78 13 91 44 85 27 54 3 96 60 46 33 77 91 2 88 37 23 82 99 21 3 89 69 47 68 0 30 41 63 41 18 61 57 84 4 64 76 85 89 83 26 79 79 46 66 56 89 39 66 73 8 55 27 35 16 58 62 45 98 
91 53 48 3 46 64 19 60 63 99 40 72 29 31 23 99 11 73 49 6 78 25 61 71 71 31 70 55 85 92 93 54 15 7 81 59 1 52 80 48 31 37 11 49 64 13 65 82 29 37 58 97 59 62 77 25 30 0 24 85 67 37 93 50 92 56 77 76 96 12 1 27 90 98 92 45 38 82 10 10 41 17 89 76 84 46 37 28 95 12 
59 82 4 13 100 64 22 74 95 36 83 17 84 98 100 41 82 17 72 34 20 43 45 14 13 58 2 32 22 80 72 100 41 90 23 79 40 33 64 83 78 76 38 96 89 54 27 68 21 64 43 54 67 27 65 48 41 24 0 64 61 100 9 62 91 64 38 18 12 49 70 38 91 67 29 35 4 10 97 66 51 65 6 78 48 3 14 75 97 77 
15 7 73 82 96 52 46 8 83 8 70 49 2 58 52 51 33 53 78 11 82 27 60 37 97 24 53 48 25 68 9 22 10 66 36 100 37 74 12 79 74 66 91 58 21 14 73 26 19 15 47 94 79 6 36 69 63 85 64 0 90 9 77 98 70 19 14 7 37 25 8 6 62 98 25 42 84 80 51 32 97 53 96 2 30 95 56 95 21 52 
8 27 78 53 93 45 50 83 19 46 30 72 15 83 3 37 12 23 85 64 42 30 64 75 50 89 5 32 67 16 5 92 4 24 6 99 65 16 56 16 53 77 34 23 5 99 71 6 94 40 86 35 32 94 8 10 41 67 61 90 0 72 11 60 100 60 81 18 73 88 6 49 47 64 10 44 88 51 79 19 54 11 16 6 58 69 88 53 25 82 
22 59 69 90 60 36 77 49 56 47 16 7 11 1 65 43 48 2 19 31 26 55 22 96 10 13 14 90 21 66 81 79 89 34 2 9 29 61 26 75 5 13 2 11 29 1 78 32 86 69 5 6 86 6 41 89 18 37 100 9 72 0 73 28 5 35 40 4 95 20 74 19 59 79 68 5 42 77 100 81 80 31 52 85 93 19 42 50 87 29 
92 67 23 82 23 94 6 13 7 45 58 86 88 93 29 71 21 22 19 77 20 76 85 80 23 87 43 49 10 73 7 55 82 29 41 73 6 85 98 1 49 57 34 48 69 86 14 2 17 37 95 10 45 61 50 12 61 93 9 77 11 73 0 54 63 63 79 91 67 65 30 71 11 1 96 30 60 74 97 16 68 25 68 100 56 98 51 40 90 21 
83 61 89 40 66 98 51 53 99 11 61 15 97 11 35 89 84 13 17 66 97 63 68 45 29 100 84 43 50 9 33 38 44 55 27 65 10 78 36 62 65 11 79 78 72 69 58 87 49 27 82 31 54 90 34 78 57 50 62 98 60 28 54 0 34 91 8 62 97 22 24 27 12 43 43 93 65 54 46 60 83 5 33 79 72 52 55 39 52 11 
90 98 51 73 2 83 100 28 95 53 8 98 69 3 38 37 42 86 85 18 65 62 31 6 78 45 22 69 11 65 8 62 10 18 39 75 81 89 36 31 83 57 89 84 30 92 54 31 78 40 3 93 37 80 90 47 84 92 91 70 100 5 63 34 0 88 54 2 29 75 35 20 34 49 68 55 24 46 19 66 88 63 30 41 8 89 23 64 74 53 
9 81 34 34 75 100 4 96 22 10 99 3 54 98 12 44 89 89 97 46 22 4 53 63 2 45 68 66 67 31 29 68 98 2 36 27 53 2 15 40 84 19 33 32 75 64 80 15 41 100 31 91 80 77 44 16 4 56 64 19 60 35 63 91 88 0 36 25 8 26 28 70 66 34 71 94 60 58 65 45 6 32 51 29 29 69 95 17 32 76 
79 72 10 94 73 20 51 71 14 49 53 4 15 63 86 12 6 10 32 70 4 59 62 1 30 36 52 58 50 17 70 42 62 41 13 52 65 45 79 94 16 60 14 73 52 22 32 31 78 89 40 74 28 63 68 15 64 77 38 14 81 40 79 8 54 36 0 57 91 17 32 55 90 84 42 66 43 19 46 64 84 79 87 78 90 44 42 34 1 26 
9 86 12 41 59 6 52 7 34 26 10 37 19 4 84 20 62 77 69 3 37 15 67 67 44 38 89 88 11 78 98 78 38 42 100 25 63 66 100 71 24 78 77 39 71 6 36 80 9 27 38 20 4 27 59 43 76 76 18 7 18 4 91 62 2 25 57 0 84 29 54 5 75 70 88 3 79 78 19 62 84 8 45 25 25 40 44 70 3 27 
34 79 24 62 4 13 3 23 43 91 82 92 1 3 30 6 94 6 94 79 90 50 30 54 25 8 64 97 60 87 82 40 98 8 16 38 99 58 83 75 16 25 99 34 6 85 92 63 65 29 1 15 45 98 53 56 85 96 12 37 73 95 67 97 29 8 91 84 0 100 89 56 41 84 50 74 84 75 10 65 80 66 91 2 53 45 80 82 63 41 
14 4 46 84 3 51 2 64 70 85 68 4 81 95 28 55 33 44 61 50 80 32 89 71 61 71 70 43 47 86 26 75 41 70 80 45 67 48 6 58 78 74 68 29 75 89 66 86 52 11 65 71 74 42 38 93 89 12 49 25 88 20 65 22 75 26 17 29 100 0 66 22 37 90 47 28 85 68 31 64 20 71 71 60 7 20 86 42 94 47 
81 86 50 86 11 11 27 89 50 29 45 59 68 41 16 33 1 94 13 41 96 43 82 99 6 98 51 6 4 55 18 67 32 76 68 19 53 59 38 22 11 45 35 72 8 15 4 66 5 49 45 100 65 83 45 30 83 1 70 8 6 74 30 24 35 28 32 54 89 66 0 6 74 12 49 75 16 93 6 97 8 98 62 29 34 4 27 14 40 47 
72 43 77 13 1 54 91 48 25 36 61 33 43 7 100 7 81 18 45 33 29 90 99 45 49 95 24 52 62 89 73 9 92 63 13 27 69 94 18 73 30 64 48 17 77 37 72 14 23 97 35 36 73 70 40 26 26 27 38 6 49 19 71 27 20 70 55 5 56 22 6 0 44 3 66 66 74 77 24 93 62 66 39 8 23 64 71 71 90 86 
62 62 76 92 85 10 1 6 55 53 91 12 61 26 44 87 89 97 90 65 60 77 60 30 16 13 4 82 94 7 16 93 50 8 47 76 85 57 46 29 18 64 57 14 75 55 13 99 36 98 82 74 48 10 27 8 79 90 91 62 47 59 11 12 34 66 90 75 41 37 74 44 0 16 95 83 23 92 96 3 77 51 82 90 91 80 85 45 45 3 
81 80 49 12 45 52 80 73 90 83 20 46 86 40 85 60 41 72 3 100 95 10 67 45 72 16 27 54 79 40 92 30 66 46 28 48 18 61 11 50 66 84 67 68 35 100 77 4 20 85 92 67 22 18 87 42 79 98 67 98 64 79 1 43 49 34 84 70 84 90 12 3 16 0 70 21 26 15 35 91 5 94 14 68 65 36 57 50 3 3 
15 36 19 1 60 49 2 69 36 46 25 1 99 37 40 20 51 37 51 83 70 82 20 1 7 14 55 13 17 89 52 48 13 15 4 29 18 11 82 68 18 56 15 90 47 42 82 41 63 6 28 66 80 35 19 91 46 92 29 25 10 68 96 43 68 71 42 88 50 47 49 66 95 70 0 84 77 94 32 32 22 34 13 64 24 92 100 21 88 2 
6 82 51 97 54 68 48 98 19 12 70 57 55 43 63 29 47 32 47 15 78 79 98 72 7 20 57 78 58 11 65 31 78 91 74 6 7 69 74 35 58 63 75 89 21 36 99 73 63 36 24 95 5 36 63 45 66 45 35 42 44 5 30 93 55 94 66 3 74 28 75 66 83 21 84 0 42 60 80 56 46 70 60 40 35 79 4 23 35 5 
92 39 46 20 22 91 24 16 35 36 85 67 97 53 42 29 3 66 14 70 27 41 38 4 81 68 13 15 83 94 58 60 60 48 5 92 11 80 86 13 82 72 16 96 71 77 14 77 36 70 97 10 21 38 13 21 56 38 4 84 88 42 60 65 24 60 43 79 84 85 16 74 23 26 77 42 0 77 89 41 54 82 72 85 56 5 49 71 81 92 
94 70 45 77 64 6 93 87 19 69 40 53 77 9 54 98 4 20 76 87 90 93 15 84 14 60 76 1 87 93 72 79 74 11 18 10 55 41 38 29 41 13 91 15 40 67 93 32 78 26 28 77 16 91 66 35 89 82 10 80 51 77 74 54 46 58 19 78 75 68 93 77 92 15 94 60 77 0 70 53 31 24 94 90 3 2 88 24 13 27 
7 45 32 77 49 80 54 91 86 82 57 46 48 7 20 27 51 63 6 20 73 66 65 37 35 38 28 53 21 97 23 25 34 23 62 56 72 80 67 71 38 44 56 49 78 74 50 25 71 7 70 74 36 79 38 25 39 10 97 51 79 100 97 46 19 65 46 19 10 31 6 24 96 35 32 80 89 70 0 11 92 30 85 78 86 61 67 26 66 100 
96 82 21 86 6 86 63 19 38 53 95 79 67 19 89 90 90 9 21 5 89 52 32 43 79 19 19 94 91 34 17 54 53 67 94 100 70 65 17 76 92 46 21 7 54 82 49 75 71 83 52 58 14 37 80 92 66 10 66 32 19 81 16 60 66 45 64 62 65 64 97 93 3 91 32 56 41 53 11 0 49 50 7 6 50 77 38 93 47 90 
28 51 89 87 55 25 74 57 1 42 2 34 24 70 86 5 78 2 36 41 54 19 10 97 11 68 42 30 53 70 84 18 69 19 30 38 19 76 93 24 83 36 33 81 63 61 56 45 17 66 16 8 27 26 93 74 73 41 51 97 54 80 68 83 88 6 84 84 80 20 8 62 77 5 22 46 54 31 92 49 0 23 22 35 65 24 36 52 99 49 
4 90 52 45 31 78 72 62 19 7 82 36 47 36 73 15 43 1 70 51 54 87 76 38 48 94 25 52 14 73 30 37 2 32 65 84 65 11 71 13 92 48 44 42 70 83 87 6 36 96 31 58 69 96 29 59 8 17 65 53 11 31 25 5 63 32 79 8 66 71 98 66 51 94 34 70 82 24 30 50 23 0 78 9 40 59 93 69 44 6 
84 2 64 60 98 87 10 73 91 54 42 41 100 41 78 30 68 47 96 86 12 75 72 39 12 74 53 77 50 79 61 70 25 97 21 64 28 86 94 27 11 84 56 80 68 17 52 85 37 42 22 48 56 23 72 85 55 89 6 96 16 52 68 33 30 51 87 45 91 71 62 39 82 14 13 60 72 94 85 7 22 78 0 35 22 71 35 70 73 93 
22 89 24 78 34 14 96 79 76 62 97 77 30 86 39 79 11 5 83 82 19 26 81 92 88 28 66 24 96 60 17 74 37 52 89 38 12 29 57 36 98 89 51 72 10 81 62 15 10 91 43 37 92 68 40 69 27 76 78 2 6 85 100 79 41 29 78 25 2 60 29 8 90 68 64 40 85 90 78 6 35 9 35 0 27 22 70 64 15 68 
74 67 9 1 73 19 52 92 74 11 20 46 90 100 37 54 56 77 60 31 85 24 31 34 52 11 89 91 29 51 57 85 70 74 31 17 11 11 88 99 70 66 57 85 100 48 86 41 39 6 60 79 47 27 34 90 35 84 48 30 58 93 56 72 8 29 90 25 53 7 34 23 91 65 24 35 56 3 86 50 65 40 22 27 0 5 89 89 40 53 
54 77 9 72 21 66 27 83 68 43 65 99 99 22 16 85 35 21 3 78 80 49 84 87 52 68 100 11 51 70 84 68 66 28 22 94 77 66 33 89 6 2 82 71 15 74 76 75 34 1 28 94 84 40 42 3 16 46 3 95 69 19 98 52 89 69 44 40 45 20 4 64 80 36 92 79 5 2 61 77 24 59 71 22 5 0 64 27 4 62 
98 36 49 22 25 39 49 100 18 23 32 95 51 39 62 54 16 19 4 30 63 97 57 80 61 14 93 14 52 79 58 90 93 54 66 52 66 44 89 81 14 6 84 100 85 58 74 17 68 46 97 60 66 93 44 76 58 37 14 56 88 42 51 55 23 95 42 44 80 86 27 71 85 57 100 4 49 88 67 38 36 93 35 70 89 64 0 75 33 23 
44 56 90 82 60 100 54 55 98 34 6 14 10 18 6 71 64 2 65 40 83 95 31 92 89 100 3 84 10 80 86 49 12 70 15 96 16 13 35 11 15 50 33 28 54 35 74 63 72 4 32 34 87 96 80 9 62 28 75 95 53 50 40 39 64 17 34 70 82 42 14 71 45 50 21 23 71 24 26 93 52 69 70 64 89 27 75 0 66 91 
44 81 56 74 18 29 45 43 30 93 56 70 28 4 90 83 45 94 51 35 10 25 96 57 75 99 21 17 87 61 28 73 32 86 54 4 78 69 13 88 88 90 44 19 30 86 92 9 14 37 85 91 42 54 18 79 45 95 97 21 25 87 90 52 74 32 1 3 63 94 40 90 45 3 88 35 81 13 66 47 99 44 73 15 40 4 33 66 0 67 
8 17 4 35 24 2 23 25 12 58 66 64 34 88 13 95 97 35 27 63 35 40 1 45 73 23 94 45 73 10 81 89 85 95 88 31 57 76 52 63 91 33 73 95 26 12 53 84 89 10 91 65 32 19 8 75 98 12 77 52 82 29 21 11 53 76 26 27 41 47 47 86 3 3 2 5 92 27 100 90 49 6 93 68 53 62 23 91 67 0 
