70
0 2 66 24 3 85 22 5 18 62 100 24 40 88 40 60 25 16 92 19 77 20 96 33 46 64 72 70 75 41 88 45 42 53 20 96 90 93 100 7 54 51 83 45 39 74 4 63 90 47 81 66 66 28 98 64 92 21 85 18 61 73 62 54 77 33 50 66 26 1 
2 0 25 31 52 59 76 42 32 79 4 21 78 37 39 43 64 88 6 7 9 91 24 21 15 37 27 91 70 76 9 47 28 33 77 31 91 52 72 22 83 28 95 60 16 33 54 31 20 12 38 80 54 13 1 68 50 27 10 71 54 18 17 33 2 93 64 44 97 87 
66 25 0 66 79 14 12 90 29 44 43 60 63 54 49 43 7 61 95 26 62 73 36 32 78 53 48 10 7 93 73 50 89 12 67 19 25 78 8 6 73 50 17 36 56 17 30 62 29 76 88 91 48 75 22 25 79 22 86 85 14 11 87 54 22 53 72 98 83 31 
24 31 66 0 3 55 80 71 42 87 87 23 1 16 98 40 58 97 14 79 73 92 52 59 29 65 69 15 70 90 19 41 87 1 71 42 56 3 12 49 89 51 72 41 18 69 80 27 18 93 57 90 37 9 48 65 73 16 31 95 57 49 35 44 2 58 37 9 60 100 
3 52 79 3 0 57 100 2 28 41 19 49 72 45 66 65 2 7 53 62 55 69 86 22 99 80 79 99 15 74 100 24 10 8 83 9 17 34 11 44 26 81 44 98 78 9 14 31 68 18 92 22 86 29 95 36 9 25 34 75 98 86 98 59 45 32 20 61 65 82 
85 59 14 55 57 0 5 43 62 100 92 91 61 57 73 28 74 16 1 59 45 95 46 53 20 79 27 69 16 24 28 61 55 99 21 71 80 77 65 93 77 56 84 37 12 8 16 37 24 16 47 68 10 92 72 81 71 50 50 86 25 29 98 31 27 19 53 6 47 18 
22 76 12 80 100 5 0 50 75 25 33 63 89 41 78 25 16 93 72 35 55 63 6 87 85 7 88 23 31 68 20 61 94 90 65 51 89 82 1 63 7 85 78 95 77 55 71 92 100 42 78 6 57 35 92 93 41 32 15 23 99 87 35 45 28 100 47 16 81 99 
5 42 90 71 2 43 50 0 31 39 84 8 85 12 62 56 56 13 49 33 18 57 68 62 50 60 93 64 83 43 2 69 87 30 68 86 45 1 84 27 91 19 34 76 31 96 83 38 60 83 70 78 40 89 91 41 1 35 56 35 77 58 3 16 87 71 1 83 23 36 
18 32 29 42 28 62 75 31 0 10 13 55 43 40 37 90 74 74 2 57 95 31 48 84 21 88 36 7 43 70 83 52 72 50 90 94 2 25 16 38 34 81 92 28 20 28 70 46 1 71 2 95 53 1 30 73 40 65 79 34 86 13 86 58 15 75 51 16 99 19 
62 79 44 87 41 100 25 39 10 0 53 84 99 44 64 70 23 85 15 75 55 68 22 7 68 51 31 59 68 61 93 53 25 78 62 39 4 13 55 55 83 7 90 33 3 53 2 25 37 69 100 43 36 21 1 56 23 83 14 42 95 6 95 20 35 56 10 91 20 64 
100 4 43 87 19 92 33 84 13 53 0 97 2 23 86 86 77 91 88 53 79 56 52 74 43 24 74 98 99 9 64 40 3 21 86 74 56 94 84 98 65 99 94 19 73 79 4 1 21 91 54 100 98 57 73 41 81 98 90 31 6 5 70 61 26 8 86 81 1 21 
24 21 60 23 49 91 63 8 55 84 97 0 78 65 72 71 83 44 1 87 45 22 29 50 73 27 6 45 19 86 42 60 68 100 65 38 12 90 97 97 22 97 18 51 13 89 73 48 84 73 86 80 46 14 29 18 92 35 14 62 72 56 22 40 7 38 29 18 27 25 
40 78 63 1 72 61 89 85 43 99 2 78 0 66 100 73 83 50 37 23 22 84 59 94 69 38 92 83 67 61 26 53 75 88 24 82 61 15 88 98 43 57 76 67 22 75 91 57 24 28 31 97 63 89 42 32 27 33 66 45 94 91 97 68 30 72 1 90 87 88 
88 37 54 16 45 57 41 12 40 44 23 65 66 0 39 81 96 66 100 69 40 90 25 15 69 56 11 32 96 53 15 22 37 80 18 82 22 66 1 4 90 1 45 76 88 84 56 35 49 55 4 41 97 28 7 65 35 70 48 83 74 62 56 10 41 74 92 15 91 44 
40 39 49 98 66 73 78 62 37 64 86 72 100 39 0 18 80 45 62 7 84 97 63 19 98 69 22 38 17 1 96 34 88 65 81 70 38 43 25 48 35 50 91 49 41 34 18 20 30 32 79 14 28 41 32 25 61 5 14 30 5 62 63 44 26 43 65 64 85 90 
60 43 43 40 65 28 25 56 90 70 86 71 73 81 18 0 63 20 91 5 20 31 90 38 3 20 69 81 85 48 73 16 25 85 72 90 14 28 51 76 72 77 71 36 92 55 77 54 26 68 10 98 50 99 35 4 70 55 36 54 2 60 21 78 45 92 68 10 20 18 
25 64 7 58 2 74 16 56 74 23 77 83 83 96 80 63 0 38 91 46 8 78 37 62 55 90 40 74 51 37 23 50 23 79 19 29 14 25 82 74 45 60 70 37 27 79 8 96 16 98 42 23 75 78 37 81 20 28 54 70 64 29 71 38 7 90 66 72 66 47 
16 88 61 97 7 16 93 13 74 85 91 44 50 66 45 20 38 0 97 10 58 66 98 84 97 5 32 64 54 73 39 29 2 75 61 21 54 67 43 17 95 13 6 53 54 71 24 19 69 21 29 27 38 78 62 34 83 93 50 36 17 88 16 19 14 77 91 67 95 33 
92 6 95 14 53 1 72 49 2 15 88 1 37 100 62 91 91 97 0 35 89 46 40 41 51 62 16 70 82 88 50 8 26 27 22 11 9 14 60 97 31 99 12 1 12 40 91 30 34 24 64 74 21 55 66 71 68 82 92 50 69 41 9 94 68 30 57 28 96 68 
19 7 26 79 62 59 35 33 57 75 53 87 23 69 7 5 46 10 35 0 24 26 67 88 78 78 79 68 8 65 43 23 38 15 30 4 38 97 85 29 98 5 70 7 51 89 36 7 68 31 74 44 8 40 31 85 70 61 5 29 25 99 3 63 14 32 66 51 81 2 
77 9 62 73 55 45 55 18 95 55 79 45 22 40 84 20 8 58 89 24 0 31 78 6 100 84 56 40 72 14 8 2 88 51 62 79 33 98 100 93 2 28 70 53 31 32 66 14 49 68 94 2 98 72 7 50 7 15 89 78 80 48 32 19 98 93 98 82 90 49 
20 91 73 92 69 95 63 57 31 68 56 22 84 90 97 31 78 66 46 26 31 0 27 44 77 96 96 59 79 13 24 79 32 18 80 29 41 38 30 99 4 19 77 84 66 60 2 16 52 51 97 93 100 75 88 28 22 35 38 100 47 61 30 78 30 9 59 70 99 88 
96 24 36 52 86 46 6 68 48 22 52 29 59 25 63 90 37 98 40 67 78 27 0 21 2 58 97 85 24 56 39 91 59 41 39 3 40 14 43 19 35 77 56 87 76 17 16 5 46 77 63 68 75 3 88 28 60 36 65 35 43 3 25 53 43 16 55 35 81 49 
33 21 32 59 22 53 87 62 84 7 74 50 94 15 19 38 62 84 41 88 6 44 21 0 53 67 26 9 53 1 77 21 5 74 97 20 93 23 22 32 50 33 67 14 20 61 68 44 13 63 11 20 97 91 68 1 58 45 61 62 45 37 82 2 63 30 73 55 4 46 
46 15 78 29 99 20 85 50 21 68 43 73 69 69 98 3 55 97 51 78 100 77 2 53 0 39 54 78 57 19 97 18 87 93 30 49 55 1 97 46 69 97 3 65 58 16 10 46 98 63 60 79 35 67 83 32 5 36 9 61 6 58 78 92 2 60 92 56 60 88 
64 37 53 65 80 79 7 60 88 51 24 27 38 56 69 20 90 5 62 78 84 96 58 67 39 0 53 80 37 7 45 94 23 6 91 20 20 51 50 6 17 32 37 73 19 97 33 25 6 63 68 7 22 60 15 33 99 67 65 35 74 61 80 48 18 23 67 37 25 16 
72 27 48 69 79 27 88 93 36 31 74 6 92 11 22 69 40 32 16 79 56 96 97 26 54 53 0 42 41 100 30 65 18 26 97 94 32 59 62 90 32 73 56 65 23 75 81 58 48 41 89 47 10 63 13 46 87 80 39 79 79 68 43 49 45 92 42 76 50 3 
70 91 10 15 99 69 23 64 7 59 98 45 83 32 38 81 74 64 70 68 40 59 85 9 78 80 42 0 18 34 27 73 98 50 47 30 59 46 22 47 92 31 62 56 76 48 88 66 79 66 33 21 66 77 64 8 5 14 62 74 47 89 46 96 38 45 77 96 90 98 
75 70 7 70 15 16 31 83 43 68 99 19 67 96 17 85 51 54 82 8 72 79 24 53 57 37 41 18 0 94 34 28 55 89 3 55 76 20 33 94 52 5 59 80 69 18 36 34 80 9 32 20 7 79 57 51 55 52 92 52 97 25 31 52 66 33 58 41 4 42 
41 76 93 90 74 24 68 43 70 61 9 86 61 53 1 48 37 73 88 65 14 13 56 1 19 7 100 34 94 0 86 55 46 97 86 66 14 74 99 45 34 82 64 40 60 72 42 66 23 34 69 72 10 99 23 75 83 32 68 86 73 53 92 18 1 78 36 67 3 86 
88 9 73 19 100 28 20 2 83 93 64 42 26 15 96 73 23 39 50 43 8 24 39 77 97 45 30 27 34 86 0 11 36 68 27 28 79 98 69 45 73 2 13 44 12 12 18 86 94 49 5 32 21 58 23 90 58 52 25 76 54 63 87 90 30 65 17 60 62 37 
45 47 50 41 24 61 61 69 52 53 40 60 53 22 34 16 50 29 8 23 2 79 91 21 18 94 65 73 28 55 11 0 4 34 39 69 29 2 32 46 39 77 94 44 8 66 53 31 8 62 82 84 38 36 46 76 77 27 40 45 87 1 81 42 87 71 10 15 24 93 
42 28 89 87 10 55 94 87 72 25 3 68 75 37 88 25 23 2 26 38 88 32 59 5 87 23 18 98 55 46 36 4 0 13 63 70 6 58 77 24 10 59 31 23 41 14 60 28 60 35 56 86 74 52 24 27 84 66 13 7 75 79 30 20 91 44 89 49 53 17 
53 33 12 1 8 99 90 30 50 78 21 100 88 80 65 85 79 75 27 15 51 18 41 74 93 6 26 50 89 97 68 34 13 0 72 14 28 54 37 20 67 96 99 78 83 54 16 56 57 39 34 40 4 98 98 31 77 28 50 19 23 90 67 76 58 90 89 85 95 77 
20 77 67 71 83 21 65 68 90 62 86 65 24 18 81 72 19 61 22 30 62 80 39 97 30 91 97 47 3 86 27 39 63 72 0 4 14 25 2 91 7 7 58 14 63 97 48 55 52 45 52 34 21 31 35 92 54 24 10 81 34 52 21 18 46 98 22 59 22 75 
96 31 19 42 9 71 51 86 94 39 74 38 82 82 70 90 29 21 11 4 79 29 3 20 49 20 94 30 55 66 28 69 70 14 4 0 2 80 82 59 93 96 55 40 50 59 85 2 92 57 32 27 48 37 2 10 17 35 61 38 5 6 87 26 17 8 52 18 87 85 
90 91 25 56 17 80 89 45 2 4 56 12 61 22 38 14 14 54 9 38 33 41 40 93 55 20 32 59 76 14 79 29 6 28 14 2 0 76 31 81 83 71 30 41 7 83 84 63 67 62 63 3 64 72 20 50 32 9 54 89 95 31 5 54 83 22 92 67 98 22 
93 52 78 3 34 77 82 1 25 13 94 90 15 66 43 28 25 67 14 97 98 38 14 23 1 51 59 46 20 74 98 2 58 54 25 80 76 0 99 80 92 29 72 98 63 55 13 29 17 75 32 32 98 3 81 29 11 87 69 57 17 74 10 51 95 1 18 44 74 16 
100 72 8 12 11 65 1 84 16 55 84 97 88 1 25 51 82 43 60 85 100 30 43 22 97 50 62 22 33 99 69 32 77 37 2 82 31 99 0 75 66 96 98 15 59 53 27 39 21 53 70 4 50 24 36 30 86 22 99 42 39 24 3 41 70 55 10 14 29 26 
7 22 6 49 44 93 63 27 38 55 98 97 98 4 48 76 74 17 97 29 93 99 19 32 46 6 90 47 94 45 45 46 24 20 91 59 81 80 75 0 40 46 73 38 60 83 42 39 22 14 91 43 17 93 67 52 22 52 74 72 94 64 95 48 4 65 3 14 78 31 
54 83 73 89 26 77 7 91 34 83 65 22 43 90 35 72 45 95 31 98 2 4 35 50 69 17 32 92 52 34 73 39 10 67 7 93 83 92 66 40 0 91 69 76 15 6 87 98 99 25 71 12 68 13 28 12 31 32 33 83 5 57 28 20 51 75 75 15 77 88 
51 28 50 51 81 56 85 19 81 7 99 97 57 1 50 77 60 13 99 5 28 19 77 33 97 32 73 31 5 82 2 77 59 96 7 96 71 29 96 46 91 0 44 59 30 13 86 45 70 73 94 69 49 16 32 68 28 60 79 59 43 64 93 99 20 72 18 70 46 92 
83 95 17 72 44 84 78 34 92 90 94 18 76 45 91 71 70 6 12 70 70 77 56 67 3 37 56 62 59 64 13 94 31 99 58 55 30 72 98 73 69 44 0 37 75 32 32 33 13 96 19 9 66 43 54 86 91 69 69 11 49 80 89 7 22 4 51 20 23 22 
45 60 36 41 98 37 95 76 28 33 19 51 67 76 49 36 37 53 1 7 53 84 87 14 65 73 65 56 80 40 44 44 23 78 14 40 41 98 15 38 76 59 37 0 89 45 19 33 33 45 16 64 30 28 60 100 89 77 42 42 14 84 11 34 94 59 14 35 17 35 
39 16 56 18 78 12 77 31 20 3 73 13 22 88 41 92 27 54 12 51 31 66 76 20 58 19 23 76 69 60 12 8 41 83 63 50 7 63 59 60 15 30 75 89 0 38 19 55 13 92 95 9 10 27 93 7 42 8 36 70 19 35 58 95 28 51 60 11 61 94 
74 33 17 69 9 8 55 96 28 53 79 89 75 84 34 55 79 71 40 89 32 60 17 61 16 97 75 48 18 72 12 66 14 54 97 59 83 55 53 83 6 13 32 45 38 0 57 71 59 43 39 93 32 57 99 96 48 94 56 10 20 48 68 62 56 3 83 74 89 92 
4 54 30 80 14 16 71 83 70 2 4 73 91 56 18 77 8 24 91 36 66 2 16 68 10 33 81 88 36 42 18 53 60 16 48 85 84 13 27 42 87 86 32 19 19 57 0 21 16 42 32 78 55 77 34 77 35 28 68 80 60 24 78 55 24 23 11 85 95 10 
63 31 62 27 31 37 92 38 46 25 1 48 57 35 20 54 96 19 30 7 14 16 5 44 46 25 58 66 34 66 86 31 28 56 55 2 63 29 39 39 98 45 33 33 55 71 21 0 52 8 17 6 90 91 94 33 63 9 26 46 86 32 75 72 9 9 99 28 40 58 
90 20 29 18 68 24 100 60 1 37 21 84 24 49 30 26 16 69 34 68 49 52 46 13 98 6 48 79 80 23 94 8 60 57 52 92 67 17 21 22 99 70 13 33 13 59 16 52 0 3 70 65 26 92 75 62 86 36 65 93 53 70 34 95 63 18 9 23 44 54 
47 12 76 93 18 16 42 83 71 69 91 73 28 55 32 68 98 21 24 31 68 51 77 63 63 63 41 66 9 34 49 62 35 39 45 57 62 75 53 14 25 73 96 45 92 43 42 8 3 0 61 27 80 32 87 41 82 14 80 40 17 49 56 94 41 82 56 78 17 72 
81 38 88 57 92 47 78 70 2 100 54 86 31 4 79 10 42 29 64 74 94 97 63 11 60 68 89 33 32 69 5 82 56 34 52 32 63 32 70 91 71 94 19 16 95 39 32 17 70 61 0 23 69 42 8 63 56 78 71 79 21 77 39 99 56 22 86 96 3 99 
66 80 91 90 22 68 6 78 95 43 100 80 97 41 14 98 23 27 74 44 2 93 68 20 79 7 47 21 20 72 32 84 86 40 34 27 3 32 4 43 12 69 9 64 9 93 78 6 65 27 23 0 28 94 67 76 49 61 68 30 68 98 47 39 72 67 32 79 30 88 
66 54 48 37 86 10 57 40 53 36 98 46 63 97 28 50 75 38 21 8 98 100 75 97 35 22 10 66 7 10 21 38 74 4 21 48 64 98 50 17 68 49 66 30 10 32 55 90 26 80 69 28 0 56 52 18 28 80 8 79 36 29 64 83 31 14 10 25 81 38 
28 13 75 9 29 92 35 89 1 21 57 14 89 28 41 99 78 78 55 40 72 75 3 91 67 60 63 77 79 99 58 36 52 98 31 37 72 3 24 93 13 16 43 28 27 57 77 91 92 32 42 94 56 0 25 93 5 55 60 54 53 98 25 19 82 4 48 69 11 52 
98 1 22 48 95 72 92 91 30 1 73 29 42 7 32 35 37 62 66 31 7 88 88 68 83 15 13 64 57 23 23 46 24 98 35 2 20 81 36 67 28 32 54 60 93 99 34 94 75 87 8 67 52 25 0 38 91 31 45 69 18 73 84 53 55 97 62 31 29 51 
64 68 25 65 36 81 93 41 73 56 41 18 32 65 25 4 81 34 71 85 50 28 28 1 32 33 46 8 51 75 90 76 27 31 92 10 50 29 30 52 12 68 86 100 7 96 77 33 62 41 63 76 18 93 38 0 56 21 8 10 80 61 62 30 86 32 63 41 80 31 
92 50 79 73 9 71 41 1 40 23 81 92 27 35 61 70 20 83 68 70 7 22 60 58 5 99 87 5 55 83 58 77 84 77 54 17 32 11 86 22 31 28 91 89 42 48 35 63 86 82 56 49 28 5 91 56 0 3 83 20 93 65 64 13 83 88 96 35 42 45 
21 27 22 16 25 50 32 35 65 83 98 35 33 70 5 55 28 93 82 61 15 35 36 45 36 67 80 14 52 32 52 27 66 28 24 35 9 87 22 52 32 60 69 77 8 94 28 9 36 14 78 61 80 55 31 21 3 0 48 73 73 99 80 46 58 89 77 18 2 6 
85 10 86 31 34 50 15 56 79 14 90 14 66 48 14 36 54 50 92 5 89 38 65 61 9 65 39 62 92 68 25 40 13 50 10 61 54 69 99 74 33 79 69 42 36 56 68 26 65 80 71 68 8 60 45 8 83 48 0 55 33 20 47 64 50 50 98 69 94 63 
18 71 85 95 75 86 23 35 34 42 31 62 45 83 30 54 70 36 50 29 78 100 35 62 61 35 79 74 52 86 76 45 7 19 81 38 89 57 42 72 83 59 11 42 70 10 80 46 93 40 79 30 79 54 69 10 20 73 55 0 84 59 45 71 6 31 13 50 78 37 
61 54 14 57 98 25 99 77 86 95 6 72 94 74 5 2 64 17 69 25 80 47 43 45 6 74 79 47 97 73 54 87 75 23 34 5 95 17 39 94 5 43 49 14 19 20 60 86 53 17 21 68 36 53 18 80 93 73 33 84 0 75 28 16 20 85 56 96 55 9 
73 18 11 49 86 29 87 58 13 6 5 56 91 62 62 60 29 88 41 99 48 61 3 37 58 61 68 89 25 53 63 1 79 90 52 6 31 74 24 64 57 64 80 84 35 48 24 32 70 49 77 98 29 98 73 61 65 99 20 59 75 0 54 61 41 73 8 57 75 9 
62 17 87 35 98 98 35 3 86 95 70 22 97 56 63 21 71 16 9 3 32 30 25 82 78 80 43 46 31 92 87 81 30 67 21 87 5 10 3 95 28 93 89 11 58 68 78 75 34 56 39 47 64 25 84 62 64 80 47 45 28 54 0 54 95 2 16 79 12 12 
54 33 54 44 59 31 45 16 58 20 61 40 68 10 44 78 38 19 94 63 19 78 53 2 92 48 49 96 52 18 90 42 20 76 18 26 54 51 41 48 20 99 7 34 95 62 55 72 95 94 99 39 83 19 53 30 13 46 64 71 16 61 54 0 49 18 42 13 67 20 
77 2 22 2 45 27 28 87 15 35 26 7 30 41 26 45 7 14 68 14 98 30 43 63 2 18 45 38 66 1 30 87 91 58 46 17 83 95 70 4 51 20 22 94 28 56 24 9 63 41 56 72 31 82 55 86 83 58 50 6 20 41 95 49 0 1 41 99 68 60 
33 93 53 58 32 19 100 71 75 56 8 38 72 74 43 92 90 77 30 32 93 9 16 30 60 23 92 45 33 78 65 71 44 90 98 8 22 1 55 65 75 72 4 59 51 3 23 9 18 82 22 67 14 4 97 32 88 89 50 31 85 73 2 18 1 0 36 23 8 90 
50 64 72 37 20 53 47 1 51 10 86 29 1 92 65 68 66 91 57 66 98 59 55 73 92 67 42 77 58 36 17 10 89 89 22 52 92 18 10 3 75 18 51 14 60 83 11 99 9 56 86 32 10 48 62 63 96 77 98 13 56 8 16 42 41 36 0 31 61 50 
66 44 98 9 61 6 16 83 16 91 81 18 90 15 64 10 72 67 28 51 82 70 35 55 56 37 76 96 41 67 60 15 49 85 59 18 67 44 14 14 15 70 20 35 11 74 85 28 23 78 96 79 25 69 31 41 35 18 69 50 96 57 79 13 99 23 31 0 24 33 
26 97 83 60 65 47 81 23 99 20 1 27 87 91 85 20 66 95 96 81 90 99 81 4 60 25 50 90 4 3 62 24 53 95 22 87 98 74 29 78 77 46 23 17 61 89 95 40 44 17 3 30 81 11 29 80 42 2 94 78 55 75 12 67 68 8 61 24 0 9 
1 87 31 100 82 18 99 36 19 64 21 25 88 44 90 18 47 33 68 2 49 88 49 46 88 16 3 98 42 86 37 93 17 77 75 85 22 16 26 31 88 92 22 35 94 92 10 58 54 72 99 88 38 52 51 31 45 6 63 37 9 9 12 20 60 90 50 33 9 0 
