60
0 78 18 42 50 15 55 13 96 12 42 74 33 24 55 26 100 66 45 33 100 54 76 21 91 88 55 50 89 40 52 13 17 21 54 18 36 61 83 83 72 24 56 56 48 10 34 99 75 78 84 26 83 11 46 73 51 52 22 39 
78 0 44 25 3 12 46 56 82 33 68 64 15 91 39 70 47 38 31 80 37 57 9 72 82 91 82 79 63 32 83 85 22 78 61 24 89 6 32 22 90 51 85 56 42 24 25 40 61 7 19 49 63 79 72 96 69 54 27 31 
18 44 0 37 9 67 11 86 28 86 26 85 17 48 27 68 84 82 61 7 59 100 20 65 70 20 80 48 92 27 68 97 53 98 33 13 17 95 50 96 81 28 32 97 75 58 16 10 92 76 69 50 27 40 66 96 59 45 95 50 
42 25 37 0 72 62 46 76 12 31 89 80 77 38 75 57 17 58 54 43 68 21 53 59 49 21 8 75 60 73 23 70 70 17 20 93 31 17 68 42 99 8 21 76 98 47 32 14 56 37 57 23 10 9 81 58 81 40 84 92 
50 3 9 72 0 65 6 61 34 75 80 26 5 49 45 98 99 5 70 74 2 68 58 67 23 46 23 98 55 83 30 12 63 22 48 6 86 53 67 19 79 98 96 83 46 92 32 45 96 1 70 97 68 27 64 43 25 38 92 79 
15 12 67 62 65 0 21 21 43 35 94 90 41 79 94 7 49 73 4 44 55 2 36 39 98 83 39 67 80 59 46 95 53 70 32 44 100 4 16 42 91 10 83 31 40 77 89 89 49 44 32 55 45 19 93 42 2 84 61 33 
55 46 11 46 6 21 0 42 58 79 46 27 62 89 78 66 56 20 56 17 54 38 57 30 26 45 78 69 28 85 14 99 77 7 52 12 19 84 53 76 14 50 54 75 90 32 40 46 3 47 14 56 84 70 38 61 66 67 30 46 
13 56 86 76 61 21 42 0 51 95 44 80 53 95 91 72 30 96 47 43 45 53 17 35 84 9 32 38 7 45 93 43 67 82 3 32 49 84 77 99 30 72 30 83 66 21 54 47 16 52 89 12 4 58 98 39 18 29 76 24 
96 82 28 12 34 43 58 51 0 26 21 18 92 2 21 75 50 56 4 1 86 75 30 68 41 2 73 87 17 24 28 81 80 37 78 18 54 59 46 29 84 66 47 75 19 67 49 21 22 52 21 7 79 2 26 19 4 98 57 72 
12 33 86 31 75 35 79 95 26 0 22 36 52 53 72 82 70 25 40 15 6 23 32 52 97 3 18 97 23 91 1 95 50 79 96 75 49 51 73 57 23 46 93 26 98 16 7 19 93 98 86 98 20 69 49 68 71 18 17 45 
42 68 26 89 80 94 46 44 21 22 0 60 17 39 9 47 87 36 95 89 60 51 11 57 95 89 54 63 95 24 55 93 9 52 64 78 52 32 100 69 48 45 28 16 35 89 62 21 76 56 10 35 58 72 91 5 60 96 67 7 
74 64 85 80 26 90 27 80 18 36 60 0 19 21 51 28 24 14 57 75 97 56 95 96 100 74 11 35 62 72 7 37 79 68 23 89 92 13 93 51 8 11 9 79 83 59 58 6 73 14 32 21 21 26 17 73 51 27 59 13 
33 15 17 77 5 41 62 53 92 52 17 19 0 51 65 1 81 85 76 69 76 88 13 78 48 23 39 26 5 97 35 62 21 100 93 42 20 70 58 92 21 36 50 85 38 67 37 19 51 12 87 78 52 52 7 99 26 45 76 31 
24 91 48 38 49 79 89 95 2 53 39 21 51 0 42 62 44 14 61 37 7 80 58 16 24 78 52 73 14 89 91 51 7 93 62 46 70 13 49 29 63 74 73 90 56 66 51 100 32 11 36 38 43 93 54 66 23 57 90 36 
55 39 27 75 45 94 78 91 21 72 9 51 65 42 0 45 81 86 4 73 100 1 95 64 49 23 79 22 47 68 78 65 71 77 48 33 64 85 75 8 90 40 30 46 30 18 91 10 55 46 34 54 46 28 70 94 2 48 67 1 
26 70 68 57 98 7 66 72 75 82 47 28 1 62 45 0 67 96 17 37 24 64 22 87 100 96 47 90 88 76 35 17 45 77 78 100 74 63 5 71 43 74 16 44 73 83 96 40 78 64 28 2 27 49 40 79 97 86 68 84 
100 47 84 17 99 49 56 30 50 70 87 24 81 44 81 67 0 14 54 100 58 83 29 9 56 91 66 27 33 91 42 29 64 76 76 55 6 40 34 59 18 83 50 96 31 36 63 14 1 69 65 10 3 45 19 58 35 84 36 20 
66 38 82 58 5 73 20 96 56 25 36 14 85 14 86 96 14 0 74 30 100 89 57 27 43 62 66 29 72 36 11 22 31 93 57 46 6 9 14 70 18 16 14 88 25 100 71 13 71 97 94 22 37 50 49 32 64 66 60 35 
45 31 61 54 70 4 56 47 4 40 95 57 76 61 4 17 54 74 0 1 22 8 32 14 16 29 19 24 42 40 42 9 53 29 85 4 52 97 27 100 90 48 36 92 48 67 7 66 26 41 18 47 1 1 60 16 29 30 40 70 
33 80 7 43 74 44 17 43 1 15 89 75 69 37 73 37 100 30 1 0 69 33 30 73 61 15 77 64 63 55 63 5 54 99 96 2 17 2 19 43 94 36 41 46 37 53 62 65 82 1 87 51 33 16 23 45 82 51 9 45 
100 37 59 68 2 55 54 45 86 6 60 97 76 7 100 24 58 100 22 69 0 5 23 1 59 73 96 12 90 49 30 84 94 65 76 40 53 28 53 18 10 5 56 12 89 23 34 33 5 37 93 1 41 68 1 51 40 48 62 81 
54 57 100 21 68 2 38 53 75 23 51 56 88 80 1 64 83 89 8 33 5 0 48 43 16 93 60 92 84 12 71 36 81 32 40 36 43 28 59 77 13 63 13 57 15 5 24 67 56 16 14 69 48 13 12 64 5 23 7 89 
76 9 20 53 58 36 57 17 30 32 11 95 13 58 95 22 29 57 32 30 23 48 0 34 29 76 15 61 16 2 3 95 60 79 59 74 43 16 88 48 91 54 55 58 19 23 6 31 86 21 88 8 27 76 94 7 3 60 67 18 
21 72 65 59 67 39 30 35 68 52 57 96 78 16 64 87 9 27 14 73 1 43 34 0 61 70 65 21 100 75 46 95 42 34 42 33 39 48 90 10 70 47 40 8 67 27 15 45 54 60 52 57 19 18 26 80 39 42 52 91 
91 82 70 49 23 98 26 84 41 97 95 100 48 24 49 100 56 43 16 61 59 16 29 61 0 17 97 85 58 82 78 42 73 25 84 82 46 30 73 53 97 52 20 93 57 79 44 13 50 14 91 29 4 32 32 94 100 80 78 58 
88 91 20 21 46 83 45 9 2 3 89 74 23 78 23 96 91 62 29 15 73 93 76 70 17 0 62 55 51 86 31 34 19 77 16 91 81 64 94 52 56 51 83 52 63 32 65 5 12 68 37 95 14 88 74 91 45 87 98 48 
55 82 80 8 23 39 78 32 73 18 54 11 39 52 79 47 66 66 19 77 96 60 15 65 97 62 0 72 80 81 90 8 96 33 89 59 26 92 67 28 74 18 43 57 82 47 20 1 35 14 14 23 88 57 19 74 6 66 46 85 
50 79 48 75 98 67 69 38 87 97 63 35 26 73 22 90 27 29 24 64 12 92 61 21 85 55 72 0 47 87 93 94 71 33 5 97 24 23 76 50 40 18 58 73 65 78 25 99 91 91 21 78 47 40 4 4 5 1 88 3 
89 63 92 60 55 80 28 7 17 23 95 62 5 14 47 88 33 72 42 63 90 84 16 100 58 51 80 47 0 87 32 49 58 64 5 6 40 27 81 89 18 99 98 90 15 75 14 13 66 56 86 95 54 77 98 57 33 98 97 36 
40 32 27 73 83 59 85 45 24 91 24 72 97 89 68 76 91 36 40 55 49 12 2 75 82 86 81 87 87 0 37 28 36 46 44 92 3 35 18 35 75 87 85 72 76 99 47 41 64 64 97 1 58 50 77 8 59 9 57 55 
52 83 68 23 30 46 14 93 28 1 55 7 35 91 78 35 42 11 42 63 30 71 3 46 78 31 90 93 32 37 0 96 45 34 31 90 29 22 44 63 91 79 37 29 15 9 56 14 7 97 29 70 45 29 79 46 5 38 4 13 
13 85 97 70 12 95 99 43 81 95 93 37 62 51 65 17 29 22 9 5 84 36 95 95 42 34 8 94 49 28 96 0 95 10 9 91 96 91 33 24 65 76 39 7 6 75 36 21 35 91 34 93 39 62 62 35 42 93 81 46 
17 22 53 70 63 53 77 67 80 50 9 79 21 7 71 45 64 31 53 54 94 81 60 42 73 19 96 71 58 36 45 95 0 30 36 10 76 98 18 67 93 61 99 68 25 74 6 83 32 81 18 52 67 61 85 60 51 98 73 86 
21 78 98 17 22 70 7 82 37 79 52 68 100 93 77 77 76 93 29 99 65 32 79 34 25 77 33 33 64 46 34 10 30 0 91 17 18 36 47 53 45 74 2 15 40 94 27 38 62 3 64 67 85 95 99 55 98 18 15 34 
54 61 33 20 48 32 52 3 78 96 64 23 93 62 48 78 76 57 85 96 76 40 59 42 84 16 89 5 5 44 31 9 36 91 0 77 65 31 1 2 73 18 19 8 16 72 4 89 25 70 81 19 96 70 32 98 33 50 83 79 
18 24 13 93 6 44 12 32 18 75 78 89 42 46 33 100 55 46 4 2 40 36 74 33 82 91 59 97 6 92 90 91 10 17 77 0 49 37 76 18 3 9 46 19 91 46 21 63 15 39 22 30 62 26 71 39 95 51 57 91 
36 89 17 31 86 100 19 49 54 49 52 92 20 70 64 74 6 6 52 17 53 43 43 39 46 81 26 24 40 3 29 96 76 18 65 49 0 20 40 40 5 89 22 35 89 10 63 6 64 71 51 35 14 49 55 28 63 45 50 45 
61 6 95 17 53 4 84 84 59 51 32 13 70 13 85 63 40 9 97 2 28 28 16 48 30 64 92 23 27 35 22 91 98 36 31 37 20 0 59 27 15 97 73 17 5 15 88 44 55 92 84 28 79 25 38 41 30 53 63 33 
83 32 50 68 67 16 53 77 46 73 100 93 58 49 75 5 34 14 27 19 53 59 88 90 73 94 67 76 81 18 44 33 18 47 1 76 40 59 0 87 76 81 93 56 95 90 57 39 100 83 5 48 55 73 4 70 61 99 24 4 
83 22 96 42 19 42 76 99 29 57 69 51 92 29 8 71 59 70 100 43 18 77 48 10 53 52 28 50 89 35 63 24 67 53 2 18 40 27 87 0 82 3 82 6 40 74 88 45 37 20 31 64 52 76 19 46 17 75 37 16 
72 90 81 99 79 91 14 30 84 23 48 8 21 63 90 43 18 18 90 94 10 13 91 70 97 56 74 40 18 75 91 65 93 45 73 3 5 15 76 82 0 9 93 15 16 66 18 85 78 16 60 81 97 62 15 55 54 88 42 98 
24 51 28 8 98 10 50 72 66 46 45 11 36 74 40 74 83 16 48 36 5 63 54 47 52 51 18 18 99 87 79 76 61 74 18 9 89 97 81 3 9 0 76 13 80 40 64 7 10 61 23 37 97 90 45 42 4 60 7 21 
56 85 32 21 96 83 54 30 47 93 28 9 50 73 30 16 50 14 36 41 56 13 55 40 20 83 43 58 98 85 37 39 99 2 19 46 22 73 93 82 93 76 0 96 84 36 7 16 85 69 30 91 74 70 32 23 45 96 54 84 
56 56 97 76 83 31 75 83 75 26 16 79 85 90 46 44 96 88 92 46 12 57 58 8 93 52 57 73 90 72 29 7 68 15 8 19 35 17 56 6 15 13 96 0 11 61 46 71 35 82 20 25 78 61 28 90 19 49 85 54 
48 42 75 98 46 40 90 66 19 98 35 83 38 56 30 73 31 25 48 37 89 15 19 67 57 63 82 65 15 76 15 6 25 40 16 91 89 5 95 40 16 80 84 11 0 36 92 69 72 12 51 62 37 20 93 11 64 40 64 100 
10 24 58 47 92 77 32 21 67 16 89 59 67 66 18 83 36 100 67 53 23 5 23 27 79 32 47 78 75 99 9 75 74 94 72 46 10 15 90 74 66 40 36 61 36 0 50 76 45 21 11 78 92 87 55 4 66 44 22 66 
34 25 16 32 32 89 40 54 49 7 62 58 37 51 91 96 63 71 7 62 34 24 6 15 44 65 20 25 14 47 56 36 6 27 4 21 63 88 57 88 18 64 7 46 92 50 0 81 75 2 24 95 73 87 45 35 75 16 79 85 
99 40 10 14 45 89 46 47 21 19 21 6 19 100 10 40 14 13 66 65 33 67 31 45 13 5 1 99 13 41 14 21 83 38 89 63 6 44 39 45 85 7 16 71 69 76 81 0 80 71 48 31 20 24 27 92 86 4 83 24 
75 61 92 56 96 49 3 16 22 93 76 73 51 32 55 78 1 71 26 82 5 56 86 54 50 12 35 91 66 64 7 35 32 62 25 15 64 55 100 37 78 10 85 35 72 45 75 80 0 10 38 89 6 59 55 86 85 8 61 80 
78 7 76 37 1 44 47 52 52 98 56 14 12 11 46 64 69 97 41 1 37 16 21 60 14 68 14 91 56 64 97 91 81 3 70 39 71 92 83 20 16 61 69 82 12 21 2 71 10 0 80 99 76 66 73 92 97 57 23 67 
84 19 69 57 70 32 14 89 21 86 10 32 87 36 34 28 65 94 18 87 93 14 88 52 91 37 14 21 86 97 29 34 18 64 81 22 51 84 5 31 60 23 30 20 51 11 24 48 38 80 0 4 53 38 79 79 30 16 34 64 
26 49 50 23 97 55 56 12 7 98 35 21 78 38 54 2 10 22 47 51 1 69 8 57 29 95 23 78 95 1 70 93 52 67 19 30 35 28 48 64 81 37 91 25 62 78 95 31 89 99 4 0 39 43 2 80 48 12 34 85 
83 63 27 10 68 45 84 4 79 20 58 21 52 43 46 27 3 37 1 33 41 48 27 19 4 14 88 47 54 58 45 39 67 85 96 62 14 79 55 52 97 97 74 78 37 92 73 20 6 76 53 39 0 97 41 97 28 72 95 3 
11 79 40 9 27 19 70 58 2 69 72 26 52 93 28 49 45 50 1 16 68 13 76 18 32 88 57 40 77 50 29 62 61 95 70 26 49 25 73 76 62 90 70 61 20 87 87 24 59 66 38 43 97 0 90 67 46 38 23 68 
46 72 66 81 64 93 38 98 26 49 91 17 7 54 70 40 19 49 60 23 1 12 94 26 32 74 19 4 98 77 79 62 85 99 32 71 55 38 4 19 15 45 32 28 93 55 45 27 55 73 79 2 41 90 0 4 79 72 93 9 
73 96 96 58 43 42 61 39 19 68 5 73 99 66 94 79 58 32 16 45 51 64 7 80 94 91 74 4 57 8 46 35 60 55 98 39 28 41 70 46 55 42 23 90 11 4 35 92 86 92 79 80 97 67 4 0 2 22 77 35 
51 69 59 81 25 2 66 18 4 71 60 51 26 23 2 97 35 64 29 82 40 5 3 39 100 45 6 5 33 59 5 42 51 98 33 95 63 30 61 17 54 4 45 19 64 66 75 86 85 97 30 48 28 46 79 2 0 38 15 30 
52 54 45 40 38 84 67 29 98 18 96 27 45 57 48 86 84 66 30 51 48 23 60 42 80 87 66 1 98 9 38 93 98 18 50 51 45 53 99 75 88 60 96 49 40 44 16 4 8 57 16 12 72 38 72 22 38 0 91 46 
22 27 95 84 92 61 30 76 57 17 67 59 76 90 67 68 36 60 40 9 62 7 67 52 78 98 46 88 97 57 4 81 73 15 83 57 50 63 24 37 42 7 54 85 64 22 79 83 61 23 34 34 95 23 93 77 15 91 0 77 
39 31 50 92 79 33 46 24 72 45 7 13 31 36 1 84 20 35 70 45 81 89 18 91 58 48 85 3 36 55 13 46 86 34 79 91 45 33 4 16 98 21 84 54 100 66 85 24 80 67 64 85 3 68 9 35 30 46 77 0 
