40
0 36 44 7 37 86 6 95 9 53 42 50 27 24 23 14 19 92 14 87 94 17 45 56 76 73 58 50 95 66 60 81 53 55 40 90 92 45 36 100 
36 0 97 78 50 75 1 24 88 71 15 53 57 60 69 2 16 97 74 25 46 20 42 57 53 94 63 92 35 55 36 71 54 84 48 55 58 100 79 98 
44 97 0 71 45 50 27 5 71 80 72 67 5 48 64 77 89 72 29 82 34 20 69 88 55 39 94 90 86 48 47 85 78 96 55 23 46 34 79 16 
7 78 71 0 13 2 34 70 49 97 46 89 68 74 22 53 93 90 41 99 28 34 88 65 33 86 50 11 82 56 85 27 41 15 94 54 68 27 75 16 
37 50 45 13 0 23 20 4 42 45 77 94 37 67 86 87 94 71 74 11 4 11 60 66 92 67 2 70 8 16 63 13 83 89 87 50 63 58 5 56 
86 75 50 2 23 0 2 81 2 90 47 87 76 93 10 1 3 65 11 14 30 55 32 83 24 39 98 39 3 32 79 41 33 42 98 37 97 99 69 98 
6 1 27 34 20 2 0 40 68 37 15 12 46 67 66 10 78 79 91 84 62 73 59 1 22 97 55 5 76 96 37 69 93 25 17 44 45 67 83 12 
95 24 5 70 4 81 40 0 3 50 75 100 16 40 61 45 70 51 28 32 75 87 84 96 83 38 52 10 33 88 78 78 64 47 73 8 13 7 72 67 
9 88 71 49 42 2 68 3 0 56 46 66 24 86 78 68 55 80 96 38 54 34 21 1 16 59 52 78 43 91 55 72 54 1 44 61 65 51 32 31 
53 71 80 97 45 90 37 50 56 0 58 78 48 81 15 25 49 21 4 96 59 57 29 79 9 44 89 60 73 84 50 80 55 55 32 51 16 97 53 99 
42 15 72 46 77 47 15 75 46 58 0 27 10 76 75 91 42 99 39 63 55 86 21 63 14 51 72 9 92 31 82 27 33 61 33 87 92 83 54 88 
50 53 67 89 94 87 12 100 66 78 27 0 35 53 67 97 80 93 87 22 43 77 36 97 62 8 60 75 58 31 83 1 13 64 79 97 76 12 36 68 
27 57 5 68 37 76 46 16 24 48 10 35 0 46 89 7 33 93 25 29 25 17 15 98 60 43 33 56 4 40 67 30 49 49 64 50 14 80 28 10 
24 60 48 74 67 93 67 40 86 81 76 53 46 0 55 91 45 74 37 86 81 69 78 5 49 54 74 63 51 33 57 83 40 12 22 59 93 23 7 56 
23 69 64 22 86 10 66 61 78 15 75 67 89 55 0 24 20 35 3 30 42 94 26 15 82 63 47 50 93 4 98 46 77 12 97 61 20 31 52 31 
14 2 77 53 87 1 10 45 68 25 91 97 7 91 24 0 53 10 23 27 17 78 50 88 65 52 69 58 45 95 72 26 9 71 27 1 26 76 47 54 
19 16 89 93 94 3 78 70 55 49 42 80 33 45 20 53 0 87 95 14 58 25 65 88 29 27 62 55 43 92 4 82 56 56 51 13 52 97 36 78 
92 97 72 90 71 65 79 51 80 21 99 93 93 74 35 10 87 0 5 6 56 6 83 32 4 36 70 98 49 28 74 66 15 3 44 77 57 86 68 13 
14 74 29 41 74 11 91 28 96 4 39 87 25 37 3 23 95 5 0 19 75 20 69 39 71 65 74 48 22 32 4 79 14 87 82 50 56 31 50 83 
87 25 82 99 11 14 84 32 38 96 63 22 29 86 30 27 14 6 19 0 56 67 50 58 10 78 67 47 45 31 66 71 50 86 9 20 3 34 20 24 
94 46 34 28 4 30 62 75 54 59 55 43 25 81 42 17 58 56 75 56 0 17 75 2 31 61 35 32 16 17 33 99 72 52 100 30 13 77 48 60 
17 20 20 34 11 55 73 87 34 57 86 77 17 69 94 78 25 6 20 67 17 0 73 78 77 43 27 14 3 46 16 36 17 91 53 91 92 35 51 78 
45 42 69 88 60 32 59 84 21 29 21 36 15 78 26 50 65 83 69 50 75 73 0 18 67 94 2 17 66 53 16 47 18 92 94 29 64 23 57 58 
56 57 88 65 66 83 1 96 1 79 63 97 98 5 15 88 88 32 39 58 2 78 18 0 49 70 60 46 38 47 63 28 51 53 72 85 56 49 54 22 
76 53 55 33 92 24 22 83 16 9 14 62 60 49 82 65 29 4 71 10 31 77 67 49 0 43 56 90 60 60 57 58 77 48 51 5 63 25 13 20 
73 94 39 86 67 39 97 38 59 44 51 8 43 54 63 52 27 36 65 78 61 43 94 70 43 0 25 83 31 70 20 77 84 47 28 89 18 64 44 19 
58 63 94 50 2 98 55 52 52 89 72 60 33 74 47 69 62 70 74 67 35 27 2 60 56 25 0 18 17 13 25 58 72 36 14 29 65 13 31 21 
50 92 90 11 70 39 5 10 78 60 9 75 56 63 50 58 55 98 48 47 32 14 17 46 90 83 18 0 27 7 34 98 31 16 28 52 87 56 36 33 
95 35 86 82 8 3 76 33 43 73 92 58 4 51 93 45 43 49 22 45 16 3 66 38 60 31 17 27 0 83 76 3 99 71 73 68 87 85 92 44 
66 55 48 56 16 32 96 88 91 84 31 31 40 33 4 95 92 28 32 31 17 46 53 47 60 70 13 7 83 0 8 79 9 88 43 21 70 64 47 76 
60 36 47 85 63 79 37 78 55 50 82 83 67 57 98 72 4 74 4 66 33 16 16 63 57 20 25 34 76 8 0 97 44 6 64 71 57 50 78 44 
81 71 85 27 13 41 69 78 72 80 27 1 30 83 46 26 82 66 79 71 99 36 47 28 58 77 58 98 3 79 97 0 34 13 71 88 11 41 60 78 
53 54 78 41 83 33 93 64 54 55 33 13 49 40 77 9 56 15 14 50 72 17 18 51 77 84 72 31 99 9 44 34 0 27 44 21 22 3 51 30 
55 84 96 15 89 42 25 47 1 55 61 64 49 12 12 71 56 3 87 86 52 91 92 53 48 47 36 16 71 88 6 13 27 0 90 94 2 59 57 48 
40 48 55 94 87 98 17 73 44 32 33 79 64 22 97 27 51 44 82 9 100 53 94 72 51 28 14 28 73 43 64 71 44 90 0 34 5 91 91 68 
90 55 23 54 50 37 44 8 61 51 87 97 50 59 61 1 13 77 50 20 30 91 29 85 5 89 29 52 68 21 71 88 21 94 34 0 13 100 17 43 
92 58 46 68 63 97 45 13 65 16 92 76 14 93 20 26 52 57 56 3 13 92 64 56 63 18 65 87 87 70 57 11 22 2 5 13 0 43 2 55 
45 100 34 27 58 99 67 7 51 97 83 12 80 23 31 76 97 86 31 34 77 35 23 49 25 64 13 56 85 64 50 41 3 59 91 100 43 0 14 90 
36 79 79 75 5 69 83 72 32 53 54 36 28 7 52 47 36 68 50 20 48 51 57 54 13 44 31 36 92 47 78 60 51 57 91 17 2 14 0 65 
100 98 16 16 56 98 12 67 31 99 88 68 10 56 31 54 78 13 83 24 60 78 58 22 20 19 21 33 44 76 44 78 30 48 68 43 55 90 65 0 
