90
0 73 65 87 96 83 32 94 16 38 4 67 34 50 30 53 2 91 83 10 46 21 3 68 45 96 12 47 15 6 41 56 78 57 42 25 91 25 18 6 63 73 25 48 22 6 52 23 97 35 32 94 55 35 13 51 30 25 97 96 30 90 51 59 46 44 35 89 69 52 94 31 76 70 30 97 76 82 19 24 68 2 69 74 88 82 24 69 6 21 
73 0 65 87 10 15 97 7 59 31 95 79 34 41 61 9 10 90 5 37 23 75 60 42 28 29 15 16 62 39 36 67 59 52 5 20 19 1 78 77 83 25 7 16 65 67 76 26 8 32 63 31 6 74 72 85 2 87 52 15 77 88 81 87 91 37 58 9 37 35 37 71 59 43 86 75 9 13 53 17 44 15 99 1 88 22 86 42 8 37 
65 65 0 56 36 76 89 22 67 25 79 27 14 66 64 36 76 6 74 3 67 86 55 83 30 69 33 82 8 54 67 1 14 56 9 49 83 97 23 1 73 1 28 38 18 91 74 94 48 47 96 14 84 50 48 65 70 80 47 29 34 65 30 99 20 38 47 55 86 69 55 58 22 34 48 91 24 73 84 72 71 31 37 54 32 85 19 1 16 65 
87 87 56 0 82 1 29 11 99 1 100 98 7 85 18 61 94 91 95 41 82 70 65 65 93 35 48 30 89 79 66 59 32 81 23 13 82 3 23 32 55 22 29 61 58 47 74 51 89 20 44 70 41 8 87 34 43 34 15 83 12 32 41 95 12 15 7 45 69 81 29 24 54 57 36 11 55 9 14 44 80 57 65 21 16 51 54 10 84 20 
96 10 36 82 0 92 48 51 84 42 14 98 1 11 19 81 39 94 87 47 29 97 54 90 62 49 69 18 13 89 86 64 94 95 99 13 87 46 15 22 40 81 72 40 43 90 72 81 83 58 79 63 7 32 52 68 80 21 38 45 61 23 60 55 17 58 19 55 56 86 77 95 66 100 86 8 89 57 40 23 15 70 85 21 2 89 40 33 9 77 
83 15 76 1 92 0 29 21 99 88 75 16 46 46 22 53 31 50 47 48 49 84 7 37 40 98 11 6 67 96 78 68 84 18 53 44 94 81 16 45 69 91 60 66 88 33 18 18 83 16 17 31 99 23 20 90 72 30 48 38 25 77 58 60 94 10 55 40 42 71 84 10 13 95 27 100 27 44 69 9 11 37 92 9 59 11 51 30 40 98 
32 97 89 29 48 29 0 19 17 74 76 28 20 85 83 11 79 5 46 88 17 40 67 68 18 62 88 79 73 24 70 81 34 32 31 63 71 80 33 39 54 9 67 25 45 1 35 23 5 80 63 73 71 29 40 88 90 27 18 62 50 87 95 83 18 77 97 41 57 29 79 62 89 97 38 34 97 72 56 1 3 70 73 73 98 64 12 40 42 82 
94 7 22 11 51 21 19 0 53 43 20 47 25 90 76 73 30 32 54 60 45 42 57 82 27 53 5 35 6 7 4 30 31 54 46 94 93 87 75 45 30 95 44 6 84 19 31 65 2 84 76 98 77 32 79 4 37 83 90 94 41 93 23 23 46 68 16 90 7 43 35 36 89 30 93 24 100 23 88 1 6 63 98 35 47 28 90 83 62 79 
16 59 67 99 84 99 17 53 0 28 54 71 50 76 69 70 43 58 76 85 44 63 73 73 55 96 72 78 35 24 35 50 73 69 96 100 58 30 13 88 57 66 11 6 41 79 27 84 88 54 20 32 68 45 56 23 92 28 52 27 3 38 76 76 59 23 27 68 52 40 56 8 5 66 65 98 96 92 33 83 97 52 14 65 96 70 39 88 49 90 
38 31 25 1 42 88 74 43 28 0 66 3 79 93 78 37 15 57 57 66 48 12 73 4 29 89 1 24 80 33 6 77 37 72 93 32 93 31 71 93 72 36 95 50 80 25 39 94 81 95 59 28 6 83 31 86 72 84 9 3 68 66 31 4 37 23 88 29 53 58 21 24 46 16 26 25 40 64 19 72 10 29 51 67 12 33 52 35 16 60 
4 95 79 100 14 75 76 20 54 66 0 37 36 25 68 39 14 42 78 42 95 36 15 70 33 82 47 9 73 62 79 44 71 8 46 37 71 78 88 5 46 99 93 81 24 12 71 37 54 49 30 100 36 44 69 20 25 68 28 97 29 7 92 100 66 37 88 88 15 76 44 12 74 36 92 49 48 14 37 53 62 67 52 97 62 72 16 39 39 96 
67 79 27 98 98 16 28 47 71 3 37 0 35 68 54 79 19 19 15 6 6 81 33 1 92 59 36 35 7 35 49 96 87 10 62 90 59 75 62 26 13 100 73 100 19 26 78 37 44 44 95 1 77 27 1 68 85 89 55 44 75 3 39 62 64 52 51 22 78 64 100 91 64 72 42 34 98 71 23 93 14 17 46 42 43 46 10 80 86 64 
34 34 14 7 1 46 20 25 50 79 36 35 0 75 61 18 65 74 81 16 76 55 45 40 54 35 55 77 28 88 26 98 10 71 64 26 16 5 21 13 66 52 99 81 26 59 98 90 32 79 57 7 33 53 46 38 88 52 66 67 40 92 65 1 14 80 79 29 84 51 41 2 2 91 82 79 49 80 20 32 58 28 91 42 80 36 31 19 40 96 
50 41 66 85 11 46 85 90 76 93 25 68 75 0 86 79 39 2 31 52 81 9 80 16 59 73 17 12 63 99 90 64 30 9 95 39 88 85 80 68 73 10 86 12 5 71 42 96 24 72 47 56 33 27 72 91 51 40 3 13 90 44 76 19 5 71 57 92 7 88 59 79 97 97 42 54 19 83 1 43 7 47 98 39 25 21 81 75 61 35 
30 61 64 18 19 22 83 76 69 78 68 54 61 86 0 88 2 31 63 21 35 85 29 26 92 17 37 22 65 33 64 70 51 98 70 45 56 69 95 46 93 15 27 68 27 13 55 29 43 69 1 29 54 81 7 97 49 43 70 66 27 33 35 29 83 57 74 38 25 68 84 17 82 62 84 61 26 90 41 21 59 41 49 64 73 55 60 22 97 29 
53 9 36 61 81 53 11 73 70 37 39 79 18 79 88 0 87 23 14 73 52 96 29 77 85 5 44 20 74 77 81 57 89 59 47 29 79 57 69 27 20 42 82 79 15 30 59 1 5 72 73 8 19 54 84 4 58 79 75 83 7 8 40 96 66 38 24 44 46 45 22 65 38 3 95 52 85 53 52 89 77 76 48 95 29 31 50 39 61 77 
2 10 76 94 39 31 79 30 43 15 14 19 65 39 2 87 0 21 67 84 12 62 49 1 86 44 46 82 65 10 19 20 4 70 4 9 73 44 85 48 91 31 29 73 33 67 33 9 39 51 92 51 13 92 51 50 35 49 31 51 58 1 22 14 22 77 22 94 72 58 93 62 88 21 86 72 39 70 80 78 21 23 80 85 14 82 86 100 30 68 
91 90 6 91 94 50 5 32 58 57 42 19 74 2 31 23 21 0 3 40 68 24 53 89 1 26 82 72 35 26 86 74 47 23 46 85 93 25 14 65 48 93 49 13 27 86 13 56 53 67 95 20 90 99 60 42 76 93 66 10 18 3 84 64 25 29 1 69 5 14 85 4 59 85 17 85 70 81 92 22 47 87 93 88 37 52 82 65 96 47 
83 5 74 95 87 47 46 54 76 57 78 15 81 31 63 14 67 3 0 74 14 1 9 29 25 89 29 46 94 95 30 49 53 15 65 89 84 97 80 58 95 18 50 35 7 54 16 71 1 14 96 14 14 5 43 90 45 23 35 90 69 17 39 21 31 55 61 66 4 41 23 98 10 25 32 16 30 99 86 30 12 82 96 77 38 90 67 34 12 53 
10 37 3 41 47 48 88 60 85 66 42 6 16 52 21 73 84 40 74 0 24 81 69 62 53 51 68 66 69 71 6 43 21 67 67 4 83 48 3 20 30 66 53 25 43 42 14 61 76 77 13 99 57 34 12 62 36 79 27 4 2 84 47 22 50 65 25 84 13 79 4 42 45 56 18 39 98 31 99 73 59 63 23 16 48 86 29 84 64 55 
46 23 67 82 29 49 17 45 44 48 95 6 76 81 35 52 12 68 14 24 0 87 17 38 33 38 39 98 15 23 10 93 26 3 89 33 72 27 82 54 77 6 12 92 28 79 39 13 7 22 29 61 9 45 50 41 35 89 90 1 11 51 93 88 5 34 20 76 12 2 29 89 7 41 80 87 71 70 99 78 92 79 38 52 76 40 44 10 28 34 
21 75 86 70 97 84 40 42 63 12 36 81 55 9 85 96 62 24 1 81 87 0 10 90 84 54 77 89 39 48 16 51 1 45 91 60 37 22 46 7 91 96 84 34 75 74 85 50 65 81 11 44 14 72 33 49 77 61 89 68 60 5 18 61 1 60 20 37 81 65 95 23 60 31 9 86 56 45 87 20 25 97 63 38 20 47 39 49 7 27 
3 60 55 65 54 7 67 57 73 73 15 33 45 80 29 29 49 53 9 69 17 10 0 16 66 31 33 78 83 44 97 71 76 61 66 50 73 96 58 10 3 3 97 22 27 45 36 17 17 82 55 65 40 33 80 57 16 64 35 98 7 83 69 34 96 34 83 68 81 41 29 35 95 25 56 21 22 43 89 38 76 43 54 67 28 85 75 43 48 9 
68 42 83 65 90 37 68 82 73 4 70 1 40 16 26 77 1 89 29 62 38 90 16 0 40 6 92 60 39 39 93 73 6 25 13 86 59 7 63 66 80 84 60 68 73 35 63 78 53 90 62 28 84 9 88 23 66 31 83 56 69 27 28 26 4 41 12 14 99 74 80 30 9 91 50 33 26 12 10 30 53 23 57 88 83 45 10 48 75 44 
45 28 30 93 62 40 18 27 55 29 33 92 54 59 92 85 86 1 25 53 33 84 66 40 0 3 96 23 82 21 78 74 84 91 73 57 22 54 17 13 3 1 90 66 62 19 18 84 76 5 66 72 67 65 98 62 19 93 36 1 66 13 74 49 56 98 58 77 52 74 89 54 75 78 20 88 97 89 72 24 46 89 47 64 54 44 77 72 89 13 
96 29 69 35 49 98 62 53 96 89 82 59 35 73 17 5 44 26 89 51 38 54 31 6 3 0 72 54 77 98 54 32 95 11 9 46 37 49 52 63 27 71 50 75 11 21 98 56 10 44 19 15 39 96 86 79 60 10 84 36 7 38 20 53 100 28 51 36 76 2 98 54 24 48 28 34 20 77 42 81 72 12 95 11 59 81 41 18 42 25 
12 15 33 48 69 11 88 5 72 1 47 36 55 17 37 44 46 82 29 68 39 77 33 92 96 72 0 6 100 14 25 52 13 4 2 49 79 55 46 85 30 45 12 64 65 89 57 45 60 68 92 22 27 72 63 96 65 39 1 64 52 77 15 64 80 69 64 59 75 10 95 5 6 6 20 22 46 76 67 58 95 58 79 73 81 93 69 45 83 21 
47 16 82 30 18 6 79 35 78 24 9 35 77 12 22 20 82 72 46 66 98 89 78 60 23 54 6 0 8 34 98 74 50 77 94 13 87 69 74 81 73 80 39 92 1 84 19 19 41 13 28 72 86 8 16 6 4 99 78 63 32 27 89 81 4 82 46 42 50 19 75 22 98 65 65 99 48 83 69 41 96 97 12 33 4 79 90 60 77 67 
15 62 8 89 13 67 73 6 35 80 73 7 28 63 65 74 65 35 94 69 15 39 83 39 82 77 100 8 0 22 9 94 62 41 49 44 38 42 93 57 68 67 54 32 31 4 32 66 73 72 13 21 35 45 76 13 86 35 90 52 9 50 97 70 42 97 13 80 39 58 88 6 76 41 90 6 97 21 23 21 44 35 41 78 79 16 42 16 3 83 
6 39 54 79 89 96 24 7 24 33 62 35 88 99 33 77 10 26 95 71 23 48 44 39 21 98 14 34 22 0 68 11 84 16 32 26 13 97 57 3 6 44 60 81 36 49 38 84 69 61 4 12 95 96 41 26 64 83 41 66 65 60 28 49 76 59 26 40 7 34 42 12 29 1 92 64 2 30 100 70 90 55 34 36 51 74 61 66 8 54 
41 36 67 66 86 78 70 4 35 6 79 49 26 90 64 81 19 86 30 6 10 16 97 93 78 54 25 98 9 68 0 31 25 13 58 25 40 68 2 31 75 35 24 86 63 77 78 78 78 59 77 99 100 32 32 35 34 58 48 99 17 1 81 93 65 38 17 57 57 18 87 31 4 11 69 18 39 98 48 16 56 24 14 55 7 98 89 92 55 36 
56 67 1 59 64 68 81 30 50 77 44 96 98 64 70 57 20 74 49 43 93 51 71 73 74 32 52 74 94 11 31 0 42 23 88 22 16 53 11 32 9 68 2 47 50 57 9 18 27 47 67 74 14 22 97 28 28 56 77 69 99 83 56 41 5 44 62 20 48 73 4 56 40 57 54 41 65 15 11 91 61 77 64 27 99 13 54 26 20 30 
78 59 14 32 94 84 34 31 73 37 71 87 10 30 51 89 4 47 53 21 26 1 76 6 84 95 13 50 62 84 25 42 0 46 18 12 2 58 68 45 20 40 92 44 43 99 35 51 4 75 15 18 85 6 31 62 21 57 12 33 62 89 52 43 35 70 6 36 79 73 32 50 12 23 93 6 73 79 56 76 54 23 94 90 80 76 3 100 32 14 
57 52 56 81 95 18 32 54 69 72 8 10 71 9 98 59 70 23 15 67 3 45 61 25 91 11 4 77 41 16 13 23 46 0 85 93 55 36 35 89 57 92 76 88 64 7 37 28 81 82 33 53 60 41 80 65 63 25 55 94 100 9 93 31 75 77 75 29 65 61 69 73 52 44 60 68 2 49 95 82 30 27 86 89 67 65 6 81 42 60 
42 5 9 23 99 53 31 46 96 93 46 62 64 95 70 47 4 46 65 67 89 91 66 13 73 9 2 94 49 32 58 88 18 85 0 74 41 20 19 24 94 47 98 74 11 11 42 84 62 37 95 29 90 43 23 23 72 2 8 13 20 25 18 53 66 29 78 58 48 96 81 94 43 79 67 5 89 61 40 2 49 35 83 39 29 57 13 53 10 73 
25 20 49 13 13 44 63 94 100 32 37 90 26 39 45 29 9 85 89 4 33 60 50 86 57 46 49 13 44 26 25 22 12 93 74 0 65 30 97 34 34 14 62 11 23 61 7 4 6 1 34 73 5 74 85 45 75 85 31 9 75 59 66 88 63 75 60 27 56 8 60 89 73 73 100 95 86 58 98 91 10 31 15 14 4 99 10 31 36 92 
91 19 83 82 87 94 71 93 58 93 71 59 16 88 56 79 73 93 84 83 72 37 73 59 22 37 79 87 38 13 40 16 2 55 41 65 0 39 10 3 56 97 65 83 56 92 38 15 3 79 87 28 30 82 13 39 31 3 48 62 18 13 17 68 23 99 3 14 38 13 16 45 61 81 27 17 24 17 31 26 47 70 53 28 3 65 66 33 20 65 
25 1 97 3 46 81 80 87 30 31 78 75 5 85 69 57 44 25 97 48 27 22 96 7 54 49 55 69 42 97 68 53 58 36 20 30 39 0 94 89 77 63 56 99 61 11 65 50 23 80 47 83 12 73 51 35 41 34 13 39 55 17 66 57 34 83 89 53 47 35 41 24 97 48 22 9 58 86 59 32 18 57 67 81 29 17 16 22 2 80 
18 78 23 23 15 16 33 75 13 71 88 62 21 80 95 69 85 14 80 3 82 46 58 63 17 52 46 74 93 57 2 11 68 35 19 97 10 94 0 60 56 96 78 12 29 60 53 33 7 87 73 30 35 21 3 43 78 89 53 62 58 9 28 38 90 44 5 63 98 84 74 5 32 51 17 60 11 21 93 69 7 17 98 41 89 100 35 67 40 88 
6 77 1 32 22 45 39 45 88 93 5 26 13 68 46 27 48 65 58 20 54 7 10 66 13 63 85 81 57 3 31 32 45 89 24 34 3 89 60 0 28 49 48 7 39 89 50 43 51 99 79 25 4 10 27 72 69 89 92 13 57 98 82 6 90 70 58 76 88 49 63 15 98 63 21 36 51 23 30 54 73 8 78 76 17 56 47 38 45 38 
63 83 73 55 40 69 54 30 57 72 46 13 66 73 93 20 91 48 95 30 77 91 3 80 3 27 30 73 68 6 75 9 20 57 94 34 56 77 56 28 0 2 1 87 83 7 28 53 16 4 40 64 18 7 61 80 79 48 83 53 78 36 26 85 65 1 54 20 100 43 64 89 44 17 76 79 75 55 83 90 58 22 53 76 80 66 7 11 13 41 
73 25 1 22 81 91 9 95 66 36 99 100 52 10 15 42 31 93 18 66 6 96 3 84 1 71 45 80 67 44 35 68 40 92 47 14 97 63 96 49 2 0 63 42 28 88 27 92 41 32 64 92 26 79 80 69 95 7 99 21 62 81 10 71 55 15 98 34 80 57 44 44 97 7 86 25 46 64 68 38 95 83 29 20 62 61 40 8 67 91 
25 7 28 29 72 60 67 44 11 95 93 73 99 86 27 82 29 49 50 53 12 84 97 60 90 50 12 39 54 60 24 2 92 76 98 62 65 56 78 48 1 63 0 29 80 71 38 51 25 4 48 59 83 4 54 27 53 12 64 29 10 27 96 99 73 79 80 44 92 40 83 99 58 73 27 38 96 65 40 20 68 87 30 3 43 36 81 47 47 44 
48 16 38 61 40 66 25 6 6 50 81 100 81 12 68 79 73 13 35 25 92 34 22 68 66 75 64 92 32 81 86 47 44 88 74 11 83 99 12 7 87 42 29 0 75 8 70 70 7 94 100 86 37 91 25 71 90 34 96 16 71 91 32 10 62 52 49 44 6 43 79 86 89 25 81 63 85 2 84 91 95 84 76 83 26 52 53 67 85 48 
22 65 18 58 43 88 45 84 41 80 24 19 26 5 27 15 33 27 7 43 28 75 27 73 62 11 65 1 31 36 63 50 43 64 11 23 56 61 29 39 83 28 80 75 0 83 8 90 66 17 52 69 17 95 74 59 25 11 99 1 91 61 85 44 97 75 90 32 2 72 57 53 25 24 90 24 58 97 14 75 13 65 44 82 11 69 40 35 80 39 
6 67 91 47 90 33 1 19 79 25 12 26 59 71 13 30 67 86 54 42 79 74 45 35 19 21 89 84 4 49 77 57 99 7 11 61 92 11 60 89 7 88 71 8 83 0 35 22 51 20 18 47 46 7 78 48 79 87 100 3 10 89 26 19 85 91 93 50 7 88 31 17 57 22 3 88 12 90 61 63 9 78 61 6 85 39 53 63 25 53 
52 76 74 74 72 18 35 31 27 39 71 78 98 42 55 59 33 13 16 14 39 85 36 63 18 98 57 19 32 38 78 9 35 37 42 7 38 65 53 50 28 27 38 70 8 35 0 17 86 93 94 4 30 85 48 79 43 36 61 12 92 82 14 31 94 3 91 8 63 69 68 69 53 58 21 67 82 25 83 19 70 28 74 99 12 22 29 7 9 89 
23 26 94 51 81 18 23 65 84 94 37 37 90 96 29 1 9 56 71 61 13 50 17 78 84 56 45 19 66 84 78 18 51 28 84 4 15 50 33 43 53 92 51 70 90 22 17 0 18 100 22 31 82 67 86 72 26 100 40 94 68 44 3 41 10 37 17 44 55 86 72 29 36 35 2 64 41 10 4 58 61 78 89 42 44 26 13 22 25 5 
97 8 48 89 83 83 5 2 88 81 54 44 32 24 43 5 39 53 1 76 7 65 17 53 76 10 60 41 73 69 78 27 4 81 62 6 3 23 7 51 16 41 25 7 66 51 86 18 0 15 45 48 69 85 58 5 53 53 60 39 24 40 26 59 41 90 51 2 45 9 62 22 49 55 18 74 67 39 50 71 5 94 71 73 78 28 78 83 80 89 
35 32 47 20 58 16 80 84 54 95 49 44 79 72 69 72 51 67 14 77 22 81 82 90 5 44 68 13 72 61 59 47 75 82 37 1 79 80 87 99 4 32 4 94 17 20 93 100 15 0 21 56 28 98 66 20 87 16 21 32 24 34 5 24 88 22 97 6 12 47 29 16 92 99 89 22 78 18 4 57 6 76 64 85 73 29 4 60 45 76 
32 63 96 44 79 17 63 76 20 59 30 95 57 47 1 73 92 95 96 13 29 11 55 62 66 19 92 28 13 4 77 67 15 33 95 34 87 47 73 79 40 64 48 100 52 18 94 22 45 21 0 43 20 61 99 44 48 21 92 5 32 90 33 100 82 31 40 3 8 57 6 17 14 81 80 98 53 9 1 64 5 28 58 24 88 9 67 35 29 59 
94 31 14 70 63 31 73 98 32 28 100 1 7 56 29 8 51 20 14 99 61 44 65 28 72 15 22 72 21 12 99 74 18 53 29 73 28 83 30 25 64 92 59 86 69 47 4 31 48 56 43 0 91 12 48 24 63 81 54 2 83 14 10 40 30 23 20 61 20 25 21 72 40 25 99 50 49 38 58 67 24 38 77 15 1 77 38 16 57 43 
55 6 84 41 7 99 71 77 68 6 36 77 33 33 54 19 13 90 14 57 9 14 40 84 67 39 27 86 35 95 100 14 85 60 90 5 30 12 35 4 18 26 83 37 17 46 30 82 69 28 20 91 0 17 92 8 79 31 37 1 3 50 73 79 70 96 18 47 47 19 47 84 28 13 8 65 90 22 18 18 11 33 74 53 1 65 61 79 48 49 
35 74 50 8 32 23 29 32 45 83 44 27 53 27 81 54 92 99 5 34 45 72 33 9 65 96 72 8 45 96 32 22 6 41 43 74 82 73 21 10 7 79 4 91 95 7 85 67 85 98 61 12 17 0 32 50 50 56 28 72 51 97 18 97 16 64 33 43 28 40 60 69 13 29 86 23 61 12 27 61 28 39 92 75 40 23 24 89 78 3 
13 72 48 87 52 20 40 79 56 31 69 1 46 72 7 84 51 60 43 12 50 33 80 88 98 86 63 16 76 41 32 97 31 80 23 85 13 51 3 27 61 80 54 25 74 78 48 86 58 66 99 48 92 32 0 60 80 100 29 77 67 92 61 61 20 100 72 88 64 100 26 38 12 37 64 25 64 55 16 39 94 90 14 34 67 17 46 98 68 74 
51 85 65 34 68 90 88 4 23 86 20 68 38 91 97 4 50 42 90 62 41 49 57 23 62 79 96 6 13 26 35 28 62 65 23 45 39 35 43 72 80 69 27 71 59 48 79 72 5 20 44 24 8 50 60 0 74 34 18 34 94 89 85 18 76 100 17 1 37 29 89 53 53 53 7 20 43 52 9 56 37 27 24 82 24 91 8 50 76 25 
30 2 70 43 80 72 90 37 92 72 25 85 88 51 49 58 35 76 45 36 35 77 16 66 19 60 65 4 86 64 34 28 21 63 72 75 31 41 78 69 79 95 53 90 25 79 43 26 53 87 48 63 79 50 80 74 0 35 22 13 72 39 40 71 7 93 8 35 81 60 39 33 18 58 27 21 18 83 57 44 58 39 68 1 46 69 76 22 3 49 
25 87 80 34 21 30 27 83 28 84 68 89 52 40 43 79 49 93 23 79 89 61 64 31 93 10 39 99 35 83 58 56 57 25 2 85 3 34 89 89 48 7 12 34 11 87 36 100 53 16 21 81 31 56 100 34 35 0 34 74 39 25 45 46 17 4 32 50 15 71 34 32 80 61 52 98 43 8 93 52 98 12 52 95 80 80 16 83 28 1 
97 52 47 15 38 48 18 90 52 9 28 55 66 3 70 75 31 66 35 27 90 89 35 83 36 84 1 78 90 41 48 77 12 55 8 31 48 13 53 92 83 99 64 96 99 100 61 40 60 21 92 54 37 28 29 18 22 34 0 8 67 26 52 64 94 7 95 43 21 17 77 52 97 37 55 46 31 15 38 82 12 50 86 7 81 65 22 63 44 23 
96 15 29 83 45 38 62 94 27 3 97 44 67 13 66 83 51 10 90 4 1 68 98 56 1 36 64 63 52 66 99 69 33 94 13 9 62 39 62 13 53 21 29 16 1 3 12 94 39 32 5 2 1 72 77 34 13 74 8 0 23 10 100 26 25 93 33 20 88 53 36 64 57 84 52 11 29 34 25 19 67 89 20 52 95 100 16 68 15 60 
30 77 34 12 61 25 50 41 3 68 29 75 40 90 27 7 58 18 69 2 11 60 7 69 66 7 52 32 9 65 17 99 62 100 20 75 18 55 58 57 78 62 10 71 91 10 92 68 24 24 32 83 3 51 67 94 72 39 67 23 0 42 37 21 41 62 46 86 46 17 73 99 4 88 55 40 91 17 20 24 94 38 90 82 9 42 28 9 9 47 
90 88 65 32 23 77 87 93 38 66 7 3 92 44 33 8 1 3 17 84 51 5 83 27 13 38 77 27 50 60 1 83 89 9 25 59 13 17 9 98 36 81 27 91 61 89 82 44 40 34 90 14 50 97 92 89 39 25 26 10 42 0 75 20 89 63 41 81 76 38 18 22 6 42 20 9 81 26 48 71 94 68 46 87 57 36 20 66 29 47 
51 81 30 41 60 58 95 23 76 31 92 39 65 76 35 40 22 84 39 47 93 18 69 28 74 20 15 89 97 28 81 56 52 93 18 66 17 66 28 82 26 10 96 32 85 26 14 3 26 5 33 10 73 18 61 85 40 45 52 100 37 75 0 26 37 46 100 9 34 14 49 66 89 38 84 10 43 77 81 3 58 58 3 28 52 22 74 38 30 61 
59 87 99 95 55 60 83 23 76 4 100 62 1 19 29 96 14 64 21 22 88 61 34 26 49 53 64 81 70 49 93 41 43 31 53 88 68 57 38 6 85 71 99 10 44 19 31 41 59 24 100 40 79 97 61 18 71 46 64 26 21 20 26 0 10 95 89 8 72 77 53 23 85 86 36 85 4 25 74 39 86 68 15 67 71 24 76 25 52 27 
46 91 20 12 17 94 18 46 59 37 66 64 14 5 83 66 22 25 31 50 5 1 96 4 56 100 80 4 42 76 65 5 35 75 66 63 23 34 90 90 65 55 73 62 97 85 94 10 41 88 82 30 70 16 20 76 7 17 94 25 41 89 37 10 0 98 77 17 27 89 26 74 29 33 45 5 86 68 42 23 55 78 26 31 52 16 17 71 31 35 
44 37 38 15 58 10 77 68 23 23 37 52 80 71 57 38 77 29 55 65 34 60 34 41 98 28 69 82 97 59 38 44 70 77 29 75 99 83 44 70 1 15 79 52 75 91 3 37 90 22 31 23 96 64 100 100 93 4 7 93 62 63 46 95 98 0 93 6 10 17 57 89 14 85 5 93 73 30 66 1 62 10 58 99 29 51 22 36 28 99 
35 58 47 7 19 55 97 16 27 88 88 51 79 57 74 24 22 1 61 25 20 20 83 12 58 51 64 46 13 26 17 62 6 75 78 60 3 89 5 58 54 98 80 49 90 93 91 17 51 97 40 20 18 33 72 17 8 32 95 33 46 41 100 89 77 93 0 66 31 15 34 2 97 68 46 2 30 63 11 18 28 47 74 20 20 3 85 72 16 47 
89 9 55 45 55 40 41 90 68 29 88 22 29 92 38 44 94 69 66 84 76 37 68 14 77 36 59 42 80 40 57 20 36 29 58 27 14 53 63 76 20 34 44 44 32 50 8 44 2 6 3 61 47 43 88 1 35 50 43 20 86 81 9 8 17 6 66 0 81 15 27 31 36 62 11 34 28 93 100 61 46 48 81 92 50 62 6 12 31 33 
69 37 86 69 56 42 57 7 52 53 15 78 84 7 25 46 72 5 4 13 12 81 81 99 52 76 75 50 39 7 57 48 79 65 48 56 38 47 98 88 100 80 92 6 2 7 63 55 45 12 8 20 47 28 64 37 81 15 21 88 46 76 34 72 27 10 31 81 0 58 4 5 77 6 89 1 21 87 81 35 14 64 22 75 74 8 54 66 59 67 
52 35 69 81 86 71 29 43 40 58 76 64 51 88 68 45 58 14 41 79 2 65 41 74 74 2 10 19 58 34 18 73 73 61 96 8 13 35 84 49 43 57 40 43 72 88 69 86 9 47 57 25 19 40 100 29 60 71 17 53 17 38 14 77 89 17 15 15 58 0 12 7 99 55 56 60 60 19 90 92 76 93 96 5 50 37 5 22 75 37 
94 37 55 29 77 84 79 35 56 21 44 100 41 59 84 22 93 85 23 4 29 95 29 80 89 98 95 75 88 42 87 4 32 69 81 60 16 41 74 63 64 44 83 79 57 31 68 72 62 29 6 21 47 60 26 89 39 34 77 36 73 18 49 53 26 57 34 27 4 12 0 9 88 100 30 15 73 89 20 91 48 86 54 54 84 8 61 95 67 79 
31 71 58 24 95 10 62 36 8 24 12 91 2 79 17 65 62 4 98 42 89 23 35 30 54 54 5 22 6 12 31 56 50 73 94 89 45 24 5 15 89 44 99 86 53 17 69 29 22 16 17 72 84 69 38 53 33 32 52 64 99 22 66 23 74 89 2 31 5 7 9 0 84 10 54 28 58 58 77 46 14 51 20 51 59 60 2 40 26 27 
76 59 22 54 66 13 89 89 5 46 74 64 2 97 82 38 88 59 10 45 7 60 95 9 75 24 6 98 76 29 4 40 12 52 43 73 61 97 32 98 44 97 58 89 25 57 53 36 49 92 14 40 28 13 12 53 18 80 97 57 4 6 89 85 29 14 97 36 77 99 88 84 0 29 45 17 76 83 22 81 18 29 41 13 47 71 48 56 76 28 
70 43 34 57 100 95 97 30 66 16 36 72 91 97 62 3 21 85 25 56 41 31 25 91 78 48 6 65 41 1 11 57 23 44 79 73 81 48 51 63 17 7 73 25 24 22 58 35 55 99 81 25 13 29 37 53 58 61 37 84 88 42 38 86 33 85 68 62 6 55 100 10 29 0 65 86 4 10 99 6 30 1 64 41 3 4 66 29 32 10 
30 86 48 36 86 27 38 93 65 26 92 42 82 42 84 95 86 17 32 18 80 9 56 50 20 28 20 65 90 92 69 54 93 60 67 100 27 22 17 21 76 86 27 81 90 3 21 2 18 89 80 99 8 86 64 7 27 52 55 52 55 20 84 36 45 5 46 11 89 56 30 54 45 65 0 97 59 44 18 91 62 98 31 26 44 53 25 51 28 52 
97 75 91 11 8 100 34 24 98 25 49 34 79 54 61 52 72 85 16 39 87 86 21 33 88 34 22 99 6 64 18 41 6 68 5 95 17 9 60 36 79 25 38 63 24 88 67 64 74 22 98 50 65 23 25 20 21 98 46 11 40 9 10 85 5 93 2 34 1 60 15 28 17 86 97 0 16 13 8 77 64 13 6 16 77 98 18 32 63 98 
76 9 24 55 89 27 97 100 96 40 48 98 49 19 26 85 39 70 30 98 71 56 22 26 97 20 46 48 97 2 39 65 73 2 89 86 24 58 11 51 75 46 96 85 58 12 82 41 67 78 53 49 90 61 64 43 18 43 31 29 91 81 43 4 86 73 30 28 21 60 73 58 76 4 59 16 0 15 25 46 25 68 63 15 81 60 45 58 55 49 
82 13 73 9 57 44 72 23 92 64 14 71 80 83 90 53 70 81 99 31 70 45 43 12 89 77 76 83 21 30 98 15 79 49 61 58 17 86 21 23 55 64 65 2 97 90 25 10 39 18 9 38 22 12 55 52 83 8 15 34 17 26 77 25 68 30 63 93 87 19 89 58 83 10 44 13 15 0 83 6 76 34 73 41 41 49 4 54 7 19 
19 53 84 14 40 69 56 88 33 19 37 23 20 1 41 52 80 92 86 99 99 87 89 10 72 42 67 69 23 100 48 11 56 95 40 98 31 59 93 30 83 68 40 84 14 61 83 4 50 4 1 58 18 27 16 9 57 93 38 25 20 48 81 74 42 66 11 100 81 90 20 77 22 99 18 8 25 83 0 82 4 89 13 67 38 79 91 84 3 10 
24 17 72 44 23 9 1 1 83 72 53 93 32 43 21 89 78 22 30 73 78 20 38 30 24 81 58 41 21 70 16 91 76 82 2 91 26 32 69 54 90 38 20 91 75 63 19 58 71 57 64 67 18 61 39 56 44 52 82 19 24 71 3 39 23 1 18 61 35 92 91 46 81 6 91 77 46 6 82 0 46 17 43 58 13 100 12 61 82 69 
68 44 71 80 15 11 3 6 97 10 62 14 58 7 59 77 21 47 12 59 92 25 76 53 46 72 95 96 44 90 56 61 54 30 49 10 47 18 7 73 58 95 68 95 13 9 70 61 5 6 5 24 11 28 94 37 58 98 12 67 94 94 58 86 55 62 28 46 14 76 48 14 18 30 62 64 25 76 4 46 0 36 16 41 76 56 90 31 61 48 
2 15 31 57 70 37 70 63 52 29 67 17 28 47 41 76 23 87 82 63 79 97 43 23 89 12 58 97 35 55 24 77 23 27 35 31 70 57 17 8 22 83 87 84 65 78 28 78 94 76 28 38 33 39 90 27 39 12 50 89 38 68 58 68 78 10 47 48 64 93 86 51 29 1 98 13 68 34 89 17 36 0 2 42 51 42 6 69 79 84 
69 99 37 65 85 92 73 98 14 51 52 46 91 98 49 48 80 93 96 23 38 63 54 57 47 95 79 12 41 34 14 64 94 86 83 15 53 67 98 78 53 29 30 76 44 61 74 89 71 64 58 77 74 92 14 24 68 52 86 20 90 46 3 15 26 58 74 81 22 96 54 20 41 64 31 6 63 73 13 43 16 2 0 11 62 38 21 60 54 63 
74 1 54 21 21 9 73 35 65 67 97 42 42 39 64 95 85 88 77 16 52 38 67 88 64 11 73 33 78 36 55 27 90 89 39 14 28 81 41 76 76 20 3 83 82 6 99 42 73 85 24 15 53 75 34 82 1 95 7 52 82 87 28 67 31 99 20 92 75 5 54 51 13 41 26 16 15 41 67 58 41 42 11 0 69 66 62 80 26 44 
88 88 32 16 2 59 98 47 96 12 62 43 80 25 73 29 14 37 38 48 76 20 28 83 54 59 81 4 79 51 7 99 80 67 29 4 3 29 89 17 80 62 43 26 11 85 12 44 78 73 88 1 1 40 67 24 46 80 81 95 9 57 52 71 52 29 20 50 74 50 84 59 47 3 44 77 81 41 38 13 76 51 62 69 0 49 14 11 41 41 
82 22 85 51 89 11 64 28 70 33 72 46 36 21 55 31 82 52 90 86 40 47 85 45 44 81 93 79 16 74 98 13 76 65 57 99 65 17 100 56 66 61 36 52 69 39 22 26 28 29 9 77 65 23 17 91 69 80 65 100 42 36 22 24 16 51 3 62 8 37 8 60 71 4 53 98 60 49 79 100 56 42 38 66 49 0 18 30 24 79 
24 86 19 54 40 51 12 90 39 52 16 10 31 81 60 50 86 82 67 29 44 39 75 10 77 41 69 90 42 61 89 54 3 6 13 10 66 16 35 47 7 40 81 53 40 53 29 13 78 4 67 38 61 24 46 8 76 16 22 16 28 20 74 76 17 22 85 6 54 5 61 2 48 66 25 18 45 4 91 12 90 6 21 62 14 18 0 77 25 72 
69 42 1 10 33 30 40 83 88 35 39 80 19 75 22 39 100 65 34 84 10 49 43 48 72 18 45 60 16 66 92 26 100 81 53 31 33 22 67 38 11 8 47 67 35 63 7 22 83 60 35 16 79 89 98 50 22 83 63 68 9 66 38 25 71 36 72 12 66 22 95 40 56 29 51 32 58 54 84 61 31 69 60 80 11 30 77 0 80 66 
6 8 16 84 9 40 42 62 49 16 39 86 40 61 97 61 30 96 12 64 28 7 48 75 89 42 83 77 3 8 55 20 32 42 10 36 20 2 40 45 13 67 47 85 80 25 9 25 80 45 29 57 48 78 68 76 3 28 44 15 9 29 30 52 31 28 16 31 59 75 67 26 76 32 28 63 55 7 3 82 61 79 54 26 41 24 25 80 0 30 
21 37 65 20 77 98 82 79 90 60 96 64 96 35 29 77 68 47 53 55 34 27 9 44 13 25 21 67 83 54 36 30 14 60 73 92 65 80 88 38 41 91 44 48 39 53 89 5 89 76 59 43 49 3 74 25 49 1 23 60 47 47 61 27 35 99 47 33 67 37 79 27 28 10 52 98 49 19 10 69 48 84 63 44 41 79 72 66 30 0 
