50
0 44 99 7 3 28 76 14 4 38 58 13 62 69 43 77 25 54 12 23 89 80 10 60 42 19 3 79 25 77 37 34 21 87 92 75 14 67 88 17 5 98 81 66 66 24 42 42 29 5 
44 0 65 17 84 74 28 78 44 31 8 68 59 44 1 31 30 44 6 44 11 45 12 15 42 93 80 59 16 74 1 96 78 65 65 14 90 44 43 34 26 50 1 85 94 54 15 23 97 72 
99 65 0 18 7 69 30 21 62 74 53 21 41 78 21 36 7 37 100 20 26 96 62 11 21 64 12 5 57 65 72 31 13 95 1 20 63 82 92 25 55 96 97 95 73 17 30 80 5 82 
7 17 18 0 51 30 77 65 41 49 28 4 54 36 20 77 18 32 23 18 3 86 99 47 62 53 94 58 47 19 26 29 50 30 10 100 11 38 16 3 86 95 58 91 30 77 19 100 61 42 
3 84 7 51 0 17 15 79 16 61 92 20 7 49 19 25 26 47 74 7 8 25 17 97 93 72 34 87 29 25 69 58 95 68 18 36 84 32 14 51 45 5 23 51 5 41 27 82 39 100 
28 74 69 30 17 0 88 98 76 57 94 68 80 27 7 8 3 75 65 98 42 82 33 77 66 99 80 10 55 54 12 12 94 38 45 84 89 33 81 64 41 26 84 20 52 90 79 55 64 96 
76 28 30 77 15 88 0 4 57 29 88 85 94 86 64 55 93 17 66 56 62 3 100 97 91 32 77 7 24 54 90 95 6 79 74 12 94 69 15 50 97 54 34 91 40 50 97 84 18 63 
14 78 21 65 79 98 4 0 39 32 65 38 28 8 22 57 66 45 10 55 40 67 85 65 78 78 33 44 79 81 98 64 23 89 13 20 72 31 82 10 14 98 99 41 57 20 97 22 17 59 
4 44 62 41 16 76 57 39 0 28 8 25 12 72 55 41 56 98 19 36 47 83 11 87 95 30 58 77 63 19 90 12 18 83 21 89 31 42 5 89 22 64 66 33 35 20 74 42 69 44 
38 31 74 49 61 57 29 32 28 0 30 16 26 40 2 73 21 12 1 35 82 91 46 51 25 18 40 55 12 96 96 33 60 61 65 46 80 90 88 48 34 17 15 11 56 69 35 28 80 36 
58 8 53 28 92 94 88 65 8 30 0 62 61 78 59 12 2 77 3 8 88 98 3 20 9 63 36 55 94 78 42 94 63 58 8 73 65 76 8 92 7 95 53 20 72 11 31 25 39 85 
13 68 21 4 20 68 85 38 25 16 62 0 32 26 82 35 97 43 49 33 97 43 62 38 36 24 95 95 48 59 23 7 50 81 1 54 100 72 16 82 96 55 66 80 80 100 14 29 42 14 
62 59 41 54 7 80 94 28 12 26 61 32 0 61 38 56 22 27 43 97 21 90 44 31 64 51 32 44 51 37 44 75 52 77 22 6 43 1 38 94 14 66 87 80 78 24 35 51 50 30 
69 44 78 36 49 27 86 8 72 40 78 26 61 0 47 22 71 42 4 34 92 35 29 95 71 24 69 74 1 90 80 95 43 69 88 56 86 26 35 15 49 22 65 50 3 63 23 25 4 26 
43 1 21 20 19 7 64 22 55 2 59 82 38 47 0 10 48 12 38 42 34 62 62 7 14 3 38 8 45 6 47 53 91 72 39 5 72 12 21 73 66 35 47 90 91 72 99 38 35 89 
77 31 36 77 25 8 55 57 41 73 12 35 56 22 10 0 31 68 2 92 74 15 46 12 74 91 69 20 43 60 43 81 16 66 93 89 90 58 23 36 100 13 7 98 2 41 38 84 60 39 
25 30 7 18 26 3 93 66 56 21 2 97 22 71 48 31 0 75 85 5 21 96 78 63 17 49 5 28 43 37 43 8 29 83 97 39 58 84 38 22 90 87 24 82 25 7 93 15 34 78 
54 44 37 32 47 75 17 45 98 12 77 43 27 42 12 68 75 0 20 6 25 97 68 41 46 24 68 88 60 63 48 89 45 96 79 2 80 16 24 21 2 99 55 78 5 47 93 90 24 12 
12 6 100 23 74 65 66 10 19 1 3 49 43 4 38 2 85 20 0 95 49 60 14 89 5 37 9 45 97 71 44 37 15 39 67 69 18 82 92 39 35 90 45 65 46 91 9 88 67 20 
23 44 20 18 7 98 56 55 36 35 8 33 97 34 42 92 5 6 95 0 82 15 31 48 55 88 36 63 32 32 85 75 20 100 65 86 68 83 19 11 73 6 52 17 70 49 59 78 36 25 
89 11 26 3 8 42 62 40 47 82 88 97 21 92 34 74 21 25 49 82 0 49 70 91 79 17 46 18 52 60 49 36 45 75 7 96 92 93 15 26 63 25 98 68 28 66 89 76 76 18 
80 45 96 86 25 82 3 67 83 91 98 43 90 35 62 15 96 97 60 15 49 0 12 1 66 81 91 97 49 88 14 100 100 15 35 44 41 42 91 32 86 5 57 100 81 6 20 60 23 8 
10 12 62 99 17 33 100 85 11 46 3 62 44 29 62 46 78 68 14 31 70 12 0 35 99 26 98 99 43 30 41 91 78 29 57 78 28 23 64 23 63 57 65 47 42 21 3 94 53 61 
60 15 11 47 97 77 97 65 87 51 20 38 31 95 7 12 63 41 89 48 91 1 35 0 13 12 83 20 98 33 97 96 83 92 25 24 34 3 4 90 32 83 64 95 5 27 52 21 25 45 
42 42 21 62 93 66 91 78 95 25 9 36 64 71 14 74 17 46 5 55 79 66 99 13 0 41 79 38 93 39 50 56 74 22 53 58 70 100 41 13 77 16 47 31 19 88 62 1 52 8 
19 93 64 53 72 99 32 78 30 18 63 24 51 24 3 91 49 24 37 88 17 81 26 12 41 0 57 30 59 77 54 56 69 84 93 13 23 95 68 48 68 72 5 89 24 97 54 100 12 52 
3 80 12 94 34 80 77 33 58 40 36 95 32 69 38 69 5 68 9 36 46 91 98 83 79 57 0 30 30 39 43 82 42 50 38 23 61 66 28 16 86 12 60 98 86 6 17 33 73 89 
79 59 5 58 87 10 7 44 77 55 55 95 44 74 8 20 28 88 45 63 18 97 99 20 38 30 30 0 89 14 12 86 67 63 97 70 92 79 60 86 60 2 35 50 76 95 15 4 10 1 
25 16 57 47 29 55 24 79 63 12 94 48 51 1 45 43 43 60 97 32 52 49 43 98 93 59 30 89 0 67 22 50 4 27 67 36 52 7 76 65 70 13 83 32 10 52 75 88 11 60 
77 74 65 19 25 54 54 81 19 96 78 59 37 90 6 60 37 63 71 32 60 88 30 33 39 77 39 14 67 0 99 64 94 48 92 41 63 47 2 15 13 23 16 16 50 34 3 53 40 30 
37 1 72 26 69 12 90 98 90 96 42 23 44 80 47 43 43 48 44 85 49 14 41 97 50 54 43 12 22 99 0 69 9 43 51 40 52 54 66 91 16 25 89 32 71 89 23 63 3 69 
34 96 31 29 58 12 95 64 12 33 94 7 75 95 53 81 8 89 37 75 36 100 91 96 56 56 82 86 50 64 69 0 64 69 33 39 84 100 40 18 2 92 57 83 60 18 25 62 9 28 
21 78 13 50 95 94 6 23 18 60 63 50 52 43 91 16 29 45 15 20 45 100 78 83 74 69 42 67 4 94 9 64 0 67 75 70 82 51 11 65 21 99 87 83 1 7 99 69 39 37 
87 65 95 30 68 38 79 89 83 61 58 81 77 69 72 66 83 96 39 100 75 15 29 92 22 84 50 63 27 48 43 69 67 0 52 38 76 21 91 19 78 26 30 47 50 91 55 30 9 29 
92 65 1 10 18 45 74 13 21 65 8 1 22 88 39 93 97 79 67 65 7 35 57 25 53 93 38 97 67 92 51 33 75 52 0 99 42 80 9 7 52 7 45 87 7 52 85 27 42 73 
75 14 20 100 36 84 12 20 89 46 73 54 6 56 5 89 39 2 69 86 96 44 78 24 58 13 23 70 36 41 40 39 70 38 99 0 79 32 100 51 74 18 28 99 47 26 49 89 81 30 
14 90 63 11 84 89 94 72 31 80 65 100 43 86 72 90 58 80 18 68 92 41 28 34 70 23 61 92 52 63 52 84 82 76 42 79 0 97 61 28 38 92 37 44 96 95 89 82 54 92 
67 44 82 38 32 33 69 31 42 90 76 72 1 26 12 58 84 16 82 83 93 42 23 3 100 95 66 79 7 47 54 100 51 21 80 32 97 0 66 80 33 90 10 64 89 61 38 58 40 36 
88 43 92 16 14 81 15 82 5 88 8 16 38 35 21 23 38 24 92 19 15 91 64 4 41 68 28 60 76 2 66 40 11 91 9 100 61 66 0 56 66 36 44 98 65 92 58 45 81 2 
17 34 25 3 51 64 50 10 89 48 92 82 94 15 73 36 22 21 39 11 26 32 23 90 13 48 16 86 65 15 91 18 65 19 7 51 28 80 56 0 81 77 97 27 65 78 80 8 95 60 
5 26 55 86 45 41 97 14 22 34 7 96 14 49 66 100 90 2 35 73 63 86 63 32 77 68 86 60 70 13 16 2 21 78 52 74 38 33 66 81 0 40 84 69 56 24 29 45 33 69 
98 50 96 95 5 26 54 98 64 17 95 55 66 22 35 13 87 99 90 6 25 5 57 83 16 72 12 2 13 23 25 92 99 26 7 18 92 90 36 77 40 0 32 88 34 20 83 31 84 26 
81 1 97 58 23 84 34 99 66 15 53 66 87 65 47 7 24 55 45 52 98 57 65 64 47 5 60 35 83 16 89 57 87 30 45 28 37 10 44 97 84 32 0 40 80 6 41 12 82 89 
66 85 95 91 51 20 91 41 33 11 20 80 80 50 90 98 82 78 65 17 68 100 47 95 31 89 98 50 32 16 32 83 83 47 87 99 44 64 98 27 69 88 40 0 39 98 66 18 5 12 
66 94 73 30 5 52 40 57 35 56 72 80 78 3 91 2 25 5 46 70 28 81 42 5 19 24 86 76 10 50 71 60 1 50 7 47 96 89 65 65 56 34 80 39 0 77 97 47 98 52 
24 54 17 77 41 90 50 20 20 69 11 100 24 63 72 41 7 47 91 49 66 6 21 27 88 97 6 95 52 34 89 18 7 91 52 26 95 61 92 78 24 20 6 98 77 0 22 26 48 54 
42 15 30 19 27 79 97 97 74 35 31 14 35 23 99 38 93 93 9 59 89 20 3 52 62 54 17 15 75 3 23 25 99 55 85 49 89 38 58 80 29 83 41 66 97 22 0 46 79 41 
42 23 80 100 82 55 84 22 42 28 25 29 51 25 38 84 15 90 88 78 76 60 94 21 1 100 33 4 88 53 63 62 69 30 27 89 82 58 45 8 45 31 12 18 47 26 46 0 31 98 
29 97 5 61 39 64 18 17 69 80 39 42 50 4 35 60 34 24 67 36 76 23 53 25 52 12 73 10 11 40 3 9 39 9 42 81 54 40 81 95 33 84 82 5 98 48 79 31 0 75 
5 72 82 42 100 96 63 59 44 36 85 14 30 26 89 39 78 12 20 25 18 8 61 45 8 52 89 1 60 30 69 28 37 29 73 30 92 36 2 60 69 26 89 12 52 54 41 98 75 0 
