20
0 23 44 26 5 84 51 48 2 79 9 88 5 63 63 52 33 52 48 3 
23 0 67 44 27 51 59 99 38 51 99 30 70 99 5 13 77 9 48 79 
44 67 0 56 50 9 64 37 65 78 52 16 10 55 15 13 21 11 91 71 
26 44 56 0 69 42 8 72 40 90 41 90 94 5 18 54 52 48 9 53 
5 27 50 69 0 56 24 42 73 2 93 40 63 47 55 27 20 17 70 90 
84 51 9 42 56 0 85 11 50 56 2 91 48 43 84 4 13 89 8 12 
51 59 64 8 24 85 0 97 12 20 72 53 92 25 97 31 88 44 37 66 
48 99 37 72 42 11 97 0 63 53 35 4 90 97 5 97 98 95 97 93 
2 38 65 40 73 50 12 63 0 30 100 57 18 59 68 66 23 87 38 75 
79 51 78 90 2 56 20 53 30 0 78 62 72 9 1 67 97 67 81 50 
9 99 52 41 93 2 72 35 100 78 0 1 36 39 98 41 35 47 87 31 
88 30 16 90 40 91 53 4 57 62 1 0 91 17 83 47 86 93 15 52 
5 70 10 94 63 48 92 90 18 72 36 91 0 15 53 41 42 31 54 65 
63 99 55 5 47 43 25 97 59 9 39 17 15 0 91 55 31 87 73 63 
63 5 15 18 55 84 97 5 68 1 98 83 53 91 0 88 73 98 26 22 
52 13 13 54 27 4 31 97 66 67 41 47 41 55 88 0 90 61 21 77 
33 77 21 52 20 13 88 98 23 97 35 86 42 31 73 90 0 43 11 93 
52 9 11 48 17 89 44 95 87 67 47 93 31 87 98 61 43 0 25 10 
48 48 91 9 70 8 37 97 38 81 87 15 54 73 26 21 11 25 0 30 
3 79 71 53 90 12 66 93 75 50 31 52 65 63 22 77 93 10 30 0 
