80
0 23 75 50 15 90 7 8 24 17 50 32 65 61 90 42 91 57 90 60 17 73 27 63 20 84 60 67 98 33 92 70 7 19 19 73 60 78 32 83 94 81 66 10 93 56 52 84 64 93 95 80 17 73 94 37 57 5 3 6 89 46 27 95 64 46 67 75 75 50 57 68 31 23 29 75 30 80 58 93 
23 0 25 5 24 41 77 17 29 85 74 83 42 62 29 69 9 44 66 27 19 40 77 27 59 59 49 87 33 30 19 43 22 95 99 45 35 75 14 64 12 87 46 5 48 26 73 8 70 90 35 40 29 63 66 39 21 67 26 53 96 96 47 70 90 45 14 76 72 27 39 35 13 37 39 13 62 12 20 83 
75 25 0 1 6 74 82 68 92 20 40 58 97 45 5 44 91 74 85 36 40 61 59 66 51 93 31 87 31 43 1 94 14 35 47 72 9 80 39 100 99 79 9 48 23 65 91 65 91 76 52 30 88 10 47 38 54 77 77 37 71 77 30 37 63 28 8 71 7 98 22 58 76 82 57 50 99 99 15 89 
50 5 1 0 74 66 18 61 28 64 51 81 93 27 17 63 3 99 51 65 78 58 88 37 56 61 46 83 95 2 85 93 100 99 81 26 16 50 38 95 13 88 28 57 66 96 72 20 94 22 37 24 32 24 12 87 36 57 21 82 10 5 74 9 55 6 86 23 55 76 17 20 15 44 28 81 40 99 100 85 
15 24 6 74 0 21 36 60 52 11 71 90 99 27 62 80 36 19 6 97 73 63 34 47 70 9 16 41 76 59 68 8 50 67 7 87 39 95 46 90 57 69 31 7 95 92 39 83 10 96 31 35 58 64 81 27 25 96 19 52 7 87 59 8 53 17 46 91 63 44 32 20 12 62 78 58 5 16 40 15 
90 41 74 66 21 0 11 22 49 21 38 81 47 14 29 66 65 87 4 23 94 8 39 92 50 2 35 81 73 46 94 50 3 98 18 95 64 80 68 64 100 5 45 99 18 25 16 34 11 19 8 56 26 99 47 75 52 81 7 24 78 52 25 33 49 94 79 65 74 46 28 73 3 24 71 72 48 86 6 58 
7 77 82 18 36 11 0 4 65 14 81 63 12 7 14 45 13 37 22 64 14 6 65 7 84 29 80 82 8 5 84 32 75 7 79 13 64 89 68 29 54 49 91 65 55 5 9 20 93 83 35 58 88 51 65 24 31 96 5 39 100 40 22 27 98 100 39 62 40 58 42 93 6 32 10 13 88 70 84 33 
8 17 68 61 60 22 4 0 52 70 90 92 21 54 15 51 2 71 41 53 62 62 31 59 14 69 20 53 27 61 98 84 45 7 48 84 28 31 16 32 1 6 23 73 11 89 23 12 11 16 17 72 77 47 30 42 68 2 47 46 14 44 29 58 2 29 94 81 59 9 12 11 14 86 83 25 74 58 88 84 
24 29 92 28 52 49 65 52 0 73 4 7 1 51 37 43 18 90 89 63 3 84 43 13 37 71 6 17 82 14 29 92 80 14 27 4 40 84 43 75 8 47 82 8 49 70 2 18 59 42 32 61 25 26 25 13 97 30 30 30 96 58 73 75 23 51 30 62 34 72 37 93 70 70 53 18 39 54 87 97 
17 85 20 64 11 21 14 70 73 0 96 18 9 72 44 34 85 92 63 66 73 58 75 45 32 97 96 13 11 81 85 47 74 54 16 26 24 54 31 10 2 78 28 10 2 23 43 86 14 6 3 38 15 77 82 99 73 29 11 83 10 47 81 35 1 48 12 24 53 94 33 6 72 12 16 73 86 58 10 51 
50 74 40 51 71 38 81 90 4 96 0 15 12 88 82 88 70 80 12 50 42 47 59 89 27 45 41 27 56 64 31 2 48 37 73 12 52 45 97 61 6 48 28 17 35 9 4 56 40 67 6 33 13 16 21 92 61 13 18 68 76 100 21 76 36 93 39 39 89 35 100 94 34 79 10 21 87 65 76 78 
32 83 58 81 90 81 63 92 7 18 15 0 32 33 62 44 1 83 87 13 47 56 80 23 56 1 50 43 45 88 82 34 74 33 79 8 11 89 80 49 5 55 26 88 40 87 84 40 21 70 52 68 26 83 42 33 35 43 75 80 82 56 65 55 88 43 14 98 83 93 98 40 100 75 27 91 14 10 30 34 
65 42 97 93 99 47 12 21 1 9 12 32 0 32 33 53 9 15 46 41 50 40 15 81 21 23 97 28 10 91 41 60 26 86 57 65 85 32 43 75 45 5 56 30 36 88 35 44 54 32 36 55 72 50 35 44 72 83 71 34 74 12 93 99 49 1 15 85 84 57 11 28 61 66 10 48 5 96 43 58 
61 62 45 27 27 14 7 54 51 72 88 33 32 0 27 78 13 50 80 99 94 51 82 64 36 7 27 80 5 75 81 71 59 16 27 69 96 40 86 5 87 90 100 30 48 78 59 60 28 38 58 21 41 91 84 76 97 63 56 53 37 88 23 48 3 2 16 98 93 2 54 31 43 5 12 90 83 71 1 10 
90 29 5 17 62 29 14 15 37 44 82 62 33 27 0 8 11 82 48 1 17 76 50 79 83 2 16 70 77 63 24 30 30 74 22 83 27 52 26 32 16 67 66 86 68 27 45 30 8 45 82 24 20 31 55 2 33 22 23 61 36 46 90 65 71 63 100 98 14 25 81 29 43 98 66 62 24 11 91 31 
42 69 44 63 80 66 45 51 43 34 88 44 53 78 8 0 7 73 6 26 55 60 79 39 33 53 99 68 50 40 85 21 2 84 70 68 60 2 48 2 99 14 64 22 76 6 52 82 30 9 59 85 21 89 23 53 41 74 21 90 13 5 10 15 40 31 82 99 32 29 52 30 94 67 51 69 73 54 2 54 
91 9 91 3 36 65 13 2 18 85 70 1 9 13 11 7 0 63 12 38 83 100 13 35 40 38 7 82 50 63 91 16 2 74 49 52 5 30 56 35 23 22 85 44 46 39 97 100 1 9 89 35 8 1 21 100 90 28 81 40 42 23 7 44 96 8 47 1 37 2 35 11 76 71 6 21 9 3 20 61 
57 44 74 99 19 87 37 71 90 92 80 83 15 50 82 73 63 0 11 9 47 70 61 68 69 51 47 1 42 88 24 100 31 19 7 30 19 43 83 5 6 58 76 11 79 36 13 98 49 75 58 95 45 71 62 65 73 8 66 66 96 89 65 78 7 72 59 78 66 42 34 71 99 9 82 77 97 94 27 45 
90 66 85 51 6 4 22 41 89 63 12 87 46 80 48 6 12 11 0 21 36 39 65 6 53 29 30 12 46 95 59 34 60 89 93 83 47 22 48 88 55 71 39 16 52 67 12 97 93 8 69 81 98 33 38 2 14 68 14 59 62 24 45 73 12 37 55 11 10 55 98 64 25 88 31 28 55 94 76 99 
60 27 36 65 97 23 64 53 63 66 50 13 41 99 1 26 38 9 21 0 1 45 79 99 29 17 52 42 84 65 53 97 41 97 70 52 33 24 62 42 78 12 57 54 51 88 81 5 81 9 4 34 5 34 84 33 50 35 75 85 52 27 82 92 75 51 95 7 74 57 100 4 20 8 57 70 47 90 27 80 
17 19 40 78 73 94 14 62 3 73 42 47 50 94 17 55 83 47 36 1 0 50 82 13 54 15 48 86 65 82 12 49 33 90 30 24 64 32 71 22 6 79 21 61 98 81 69 19 27 10 97 58 59 78 70 12 93 69 50 9 51 61 57 35 51 39 11 14 70 81 36 27 59 8 39 8 40 8 26 67 
73 40 61 58 63 8 6 62 84 58 47 56 40 51 76 60 100 70 39 45 50 0 17 75 76 28 52 46 39 96 66 40 4 16 1 13 51 51 3 13 16 24 93 51 51 51 11 41 58 50 100 35 68 69 9 44 96 13 41 86 60 6 26 64 74 26 28 76 28 30 88 43 53 80 46 55 82 8 96 91 
27 77 59 88 34 39 65 31 43 75 59 80 15 82 50 79 13 61 65 79 82 17 0 57 95 25 77 63 86 20 10 50 60 96 9 17 21 72 90 98 51 65 25 80 52 19 33 83 16 87 64 23 34 6 32 81 31 8 95 68 27 5 17 38 100 77 54 72 1 96 69 51 12 45 31 16 15 63 98 31 
63 27 66 37 47 92 7 59 13 45 89 23 81 64 79 39 35 68 6 99 13 75 57 0 1 14 53 87 19 84 67 1 43 61 20 69 65 36 58 16 13 64 87 13 59 7 15 70 3 45 85 18 59 35 100 12 100 4 98 18 40 64 71 82 24 90 3 41 78 60 56 42 23 95 6 33 53 20 55 56 
20 59 51 56 70 50 84 14 37 32 27 56 21 36 83 33 40 69 53 29 54 76 95 1 0 65 39 25 23 25 76 86 24 79 83 94 18 46 64 52 22 5 54 14 82 13 69 23 88 15 28 72 68 100 26 75 64 17 99 38 41 26 24 65 4 58 10 74 4 73 25 77 29 78 90 11 42 10 85 81 
84 59 93 61 9 2 29 69 71 97 45 1 23 7 2 53 38 51 29 17 15 28 25 14 65 0 25 65 53 44 64 78 18 79 46 68 68 87 93 43 3 48 1 12 21 56 36 45 84 64 74 73 26 16 34 11 48 10 27 100 53 42 30 22 20 75 41 39 13 85 82 15 33 34 78 53 89 13 50 72 
60 49 31 46 16 35 80 20 6 96 41 50 97 27 16 99 7 47 30 52 48 52 77 53 39 25 0 29 23 96 54 38 81 16 38 91 94 37 95 35 18 69 54 93 61 93 5 46 26 72 78 59 49 82 99 14 31 22 42 6 69 47 95 49 15 32 91 8 69 38 43 86 58 48 30 18 92 87 63 17 
67 87 87 83 41 81 82 53 17 13 27 43 28 80 70 68 82 1 12 42 86 46 63 87 25 65 29 0 58 92 27 58 74 25 71 56 98 64 61 66 11 56 15 77 87 57 84 7 94 78 45 51 78 74 69 69 60 83 38 69 75 64 27 100 41 49 7 38 13 20 4 75 27 70 51 13 26 86 72 72 
98 33 31 95 76 73 8 27 82 11 56 45 10 5 77 50 50 42 46 84 65 39 86 19 23 53 23 58 0 16 16 22 93 41 42 61 53 77 98 73 51 14 99 2 6 100 60 43 12 79 98 38 5 19 88 70 97 25 93 68 40 60 41 32 100 83 45 4 11 94 77 13 7 27 14 64 26 25 7 89 
33 30 43 2 59 46 5 61 14 81 64 88 91 75 63 40 63 88 95 65 82 96 20 84 25 44 96 92 16 0 4 56 26 60 75 65 81 71 42 73 90 81 32 30 65 84 64 9 87 74 2 63 86 61 90 51 24 67 76 82 56 31 90 33 90 16 50 23 86 91 95 27 71 79 56 87 62 72 95 100 
92 19 1 85 68 94 84 98 29 85 31 82 41 81 24 85 91 24 59 53 12 66 10 67 76 64 54 27 16 4 0 97 49 63 83 9 4 85 84 22 60 66 29 42 55 62 84 70 11 6 7 1 100 85 23 30 92 10 91 63 56 91 60 4 5 94 64 60 78 48 81 90 65 10 31 71 23 14 92 85 
70 43 94 93 8 50 32 84 92 47 2 34 60 71 30 21 16 100 34 97 49 40 50 1 86 78 38 58 22 56 97 0 19 50 85 71 34 59 100 25 68 43 88 24 85 99 79 41 92 43 100 69 42 32 58 6 93 41 76 15 54 19 99 25 68 35 95 1 46 46 25 65 88 64 88 24 62 19 64 5 
7 22 14 100 50 3 75 45 80 74 48 74 26 59 30 2 2 31 60 41 33 4 60 43 24 18 81 74 93 26 49 19 0 61 15 74 54 47 83 59 39 23 86 6 29 4 56 53 71 43 99 23 88 44 47 52 84 63 92 59 76 10 23 81 22 89 6 75 35 40 85 26 15 70 83 43 73 38 47 95 
19 95 35 99 67 98 7 7 14 54 37 33 86 16 74 84 74 19 89 97 90 16 96 61 79 79 16 25 41 60 63 50 61 0 32 45 17 19 40 15 71 23 77 14 82 5 23 56 85 96 44 42 70 31 81 6 8 95 75 90 89 99 79 35 93 11 31 9 81 71 75 3 45 4 16 78 8 38 33 44 
19 99 47 81 7 18 79 48 27 16 73 79 57 27 22 70 49 7 93 70 30 1 9 20 83 46 38 71 42 75 83 85 15 32 0 85 29 85 6 59 65 11 18 12 85 7 100 83 37 87 27 99 17 87 80 39 62 82 84 65 50 61 72 39 46 15 24 74 51 29 84 67 40 1 78 76 7 30 11 95 
73 45 72 26 87 95 13 84 4 26 12 8 65 69 83 68 52 30 83 52 24 13 17 69 94 68 91 56 61 65 9 71 74 45 85 0 68 37 46 36 24 77 75 85 10 10 49 59 22 72 98 67 38 21 40 88 1 23 54 40 75 84 68 33 13 78 28 80 14 73 67 89 49 41 73 58 50 73 69 72 
60 35 9 16 39 64 64 28 40 24 52 11 85 96 27 60 5 19 47 33 64 51 21 65 18 68 94 98 53 81 4 34 54 17 29 68 0 96 66 90 33 86 82 20 86 56 26 78 31 9 45 63 73 74 42 4 87 66 70 76 14 63 100 24 12 25 92 35 20 9 25 53 46 58 24 83 13 1 60 43 
78 75 80 50 95 80 89 31 84 54 45 89 32 40 52 2 30 43 22 24 32 51 72 36 46 87 37 64 77 71 85 59 47 19 85 37 96 0 9 56 6 33 29 99 36 68 65 58 95 30 20 94 53 83 18 96 70 90 56 46 94 1 3 69 84 15 70 95 10 30 3 67 63 83 65 50 50 29 59 96 
32 14 39 38 46 68 68 16 43 31 97 80 43 86 26 48 56 83 48 62 71 3 90 58 64 93 95 61 98 42 84 100 83 40 6 46 66 9 0 59 78 90 63 61 59 59 30 100 66 75 93 67 29 62 2 43 83 96 52 12 50 18 26 33 83 76 34 11 34 30 21 64 71 84 76 81 94 5 81 59 
83 64 100 95 90 64 29 32 75 10 61 49 75 5 32 2 35 5 88 42 22 13 98 16 52 43 35 66 73 73 22 25 59 15 59 36 90 56 59 0 31 25 25 59 38 78 53 20 26 5 32 75 74 57 59 8 84 93 19 70 74 91 33 96 74 8 28 67 64 60 26 46 85 2 4 74 80 8 94 5 
94 12 99 13 57 100 54 1 8 2 6 5 45 87 16 99 23 6 55 78 6 16 51 13 22 3 18 11 51 90 60 68 39 71 65 24 33 6 78 31 0 12 77 79 38 85 90 45 21 82 15 90 7 6 74 54 79 81 81 46 96 41 23 41 77 24 96 50 55 3 43 59 67 71 90 4 56 79 48 76 
81 87 79 88 69 5 49 6 47 78 48 55 5 90 67 14 22 58 71 12 79 24 65 64 5 48 69 56 14 81 66 43 23 23 11 77 86 33 90 25 12 0 12 63 17 70 20 90 23 98 22 3 95 17 95 17 57 71 41 4 21 95 6 15 6 72 86 95 27 93 25 75 20 88 89 36 57 8 25 31 
66 46 9 28 31 45 91 23 82 28 28 26 56 100 66 64 85 76 39 57 21 93 25 87 54 1 54 15 99 32 29 88 86 77 18 75 82 29 63 25 77 12 0 57 98 33 52 14 80 68 22 50 60 25 22 7 82 37 12 6 74 58 32 18 82 58 37 69 46 24 77 5 48 7 62 45 91 13 10 70 
10 5 48 57 7 99 65 73 8 10 17 88 30 30 86 22 44 11 16 54 61 51 80 13 14 12 93 77 2 30 42 24 6 14 12 85 20 99 61 59 79 63 57 0 32 31 72 92 7 93 98 88 81 9 93 6 18 77 23 99 34 11 19 32 34 47 36 33 53 97 29 95 61 38 65 93 20 36 36 26 
93 48 23 66 95 18 55 11 49 2 35 40 36 48 68 76 46 79 52 51 98 51 52 59 82 21 61 87 6 65 55 85 29 82 85 10 86 36 59 38 38 17 98 32 0 80 33 66 61 93 10 66 10 86 41 60 20 51 30 51 85 76 38 17 80 87 98 74 47 35 90 91 55 25 26 32 57 10 97 17 
56 26 65 96 92 25 5 89 70 23 9 87 88 78 27 6 39 36 67 88 81 51 19 7 13 56 93 57 100 84 62 99 4 5 7 10 56 68 59 78 85 70 33 31 80 0 54 59 34 63 44 26 74 15 77 3 17 13 30 55 81 61 93 78 35 39 13 76 82 19 1 59 50 9 21 99 25 74 57 10 
52 73 91 72 39 16 9 23 2 43 4 84 35 59 45 52 97 13 12 81 69 11 33 15 69 36 5 84 60 64 84 79 56 23 100 49 26 65 30 53 90 20 52 72 33 54 0 89 52 36 62 19 12 17 87 76 98 41 56 59 85 86 45 76 50 20 57 68 72 15 69 80 35 19 56 61 27 66 49 31 
84 8 65 20 83 34 20 12 18 86 56 40 44 60 30 82 100 98 97 5 19 41 83 70 23 45 46 7 43 9 70 41 53 56 83 59 78 58 100 20 45 90 14 92 66 59 89 0 1 10 49 64 78 35 91 76 28 46 86 12 83 82 87 32 1 95 51 25 62 72 56 48 90 12 8 69 77 56 99 29 
64 70 91 94 10 11 93 11 59 14 40 21 54 28 8 30 1 49 93 81 27 58 16 3 88 84 26 94 12 87 11 92 71 85 37 22 31 95 66 26 21 23 80 7 61 34 52 1 0 18 47 44 47 33 34 74 60 31 59 24 14 40 62 45 93 57 48 17 18 19 72 65 60 35 25 28 63 32 26 91 
93 90 76 22 96 19 83 16 42 6 67 70 32 38 45 9 9 75 8 9 10 50 87 45 15 64 72 78 79 74 6 43 43 96 87 72 9 30 75 5 82 98 68 93 93 63 36 10 18 0 49 24 86 96 57 19 21 68 50 80 91 63 71 53 59 63 9 58 31 78 76 55 94 36 89 18 15 52 50 41 
95 35 52 37 31 8 35 17 32 3 6 52 36 58 82 59 89 58 69 4 97 100 64 85 28 74 78 45 98 2 7 100 99 44 27 98 45 20 93 32 15 22 22 98 10 44 62 49 47 49 0 94 50 64 80 97 20 50 18 88 99 49 30 13 19 82 24 34 42 81 16 71 9 22 65 96 11 34 10 14 
80 40 30 24 35 56 58 72 61 38 33 68 55 21 24 85 35 95 81 34 58 35 23 18 72 73 59 51 38 63 1 69 23 42 99 67 63 94 67 75 90 3 50 88 66 26 19 64 44 24 94 0 83 50 59 85 66 38 81 37 40 50 76 38 98 6 3 17 39 78 2 33 58 17 55 18 39 19 13 1 
17 29 88 32 58 26 88 77 25 15 13 26 72 41 20 21 8 45 98 5 59 68 34 59 68 26 49 78 5 86 100 42 88 70 17 38 73 53 29 74 7 95 60 81 10 74 12 78 47 86 50 83 0 5 75 66 87 76 24 23 41 14 4 30 53 53 5 42 51 62 44 19 53 73 72 37 83 40 91 100 
73 63 10 24 64 99 51 47 26 77 16 83 50 91 31 89 1 71 33 34 78 69 6 35 100 16 82 74 19 61 85 32 44 31 87 21 74 83 62 57 6 17 25 9 86 15 17 35 33 96 64 50 5 0 30 62 65 82 66 39 47 4 14 23 27 7 36 82 36 40 34 92 81 36 6 77 6 10 49 29 
94 66 47 12 81 47 65 30 25 82 21 42 35 84 55 23 21 62 38 84 70 9 32 100 26 34 99 69 88 90 23 58 47 81 80 40 42 18 2 59 74 95 22 93 41 77 87 91 34 57 80 59 75 30 0 46 31 69 88 83 98 49 47 80 14 85 78 18 50 100 96 56 35 77 43 26 62 87 59 98 
37 39 38 87 27 75 24 42 13 99 92 33 44 76 2 53 100 65 2 33 12 44 81 12 75 11 14 69 70 51 30 6 52 6 39 88 4 96 43 8 54 17 7 6 60 3 76 76 74 19 97 85 66 62 46 0 92 35 55 1 35 84 98 18 4 85 100 1 34 98 32 99 34 10 68 83 61 63 91 48 
57 21 54 36 25 52 31 68 97 73 61 35 72 97 33 41 90 73 14 50 93 96 31 100 64 48 31 60 97 24 92 93 84 8 62 1 87 70 83 84 79 57 82 18 20 17 98 28 60 21 20 66 87 65 31 92 0 39 33 73 53 19 31 50 62 17 56 14 52 91 11 21 94 48 72 47 33 69 30 31 
5 67 77 57 96 81 96 2 30 29 13 43 83 63 22 74 28 8 68 35 69 13 8 4 17 10 22 83 25 67 10 41 63 95 82 23 66 90 96 93 81 71 37 77 51 13 41 46 31 68 50 38 76 82 69 35 39 0 2 39 51 36 52 13 26 99 4 11 71 56 81 2 57 43 18 64 8 21 55 19 
3 26 77 21 19 7 5 47 30 11 18 75 71 56 23 21 81 66 14 75 50 41 95 98 99 27 42 38 93 76 91 76 92 75 84 54 70 56 52 19 81 41 12 23 30 30 56 86 59 50 18 81 24 66 88 55 33 2 0 41 100 18 12 46 50 32 76 32 85 66 82 21 17 47 46 15 2 8 38 9 
6 53 37 82 52 24 39 46 30 83 68 80 34 53 61 90 40 66 59 85 9 86 68 18 38 100 6 69 68 82 63 15 59 90 65 40 76 46 12 70 46 4 6 99 51 55 59 12 24 80 88 37 23 39 83 1 73 39 41 0 89 39 17 83 8 80 90 81 86 60 21 86 77 85 83 78 68 58 10 53 
89 96 71 10 7 78 100 14 96 10 76 82 74 37 36 13 42 96 62 52 51 60 27 40 41 53 69 75 40 56 56 54 76 89 50 75 14 94 50 74 96 21 74 34 85 81 85 83 14 91 99 40 41 47 98 35 53 51 100 89 0 76 43 73 92 89 70 59 42 78 96 50 66 86 66 100 93 98 89 25 
46 96 77 5 87 52 40 44 58 47 100 56 12 88 46 5 23 89 24 27 61 6 5 64 26 42 47 64 60 31 91 19 10 99 61 84 63 1 18 91 41 95 58 11 76 61 86 82 40 63 49 50 14 4 49 84 19 36 18 39 76 0 35 1 46 20 29 82 55 7 49 12 68 1 39 10 25 83 51 95 
27 47 30 74 59 25 22 29 73 81 21 65 93 23 90 10 7 65 45 82 57 26 17 71 24 30 95 27 41 90 60 99 23 79 72 68 100 3 26 33 23 6 32 19 38 93 45 87 62 71 30 76 4 14 47 98 31 52 12 17 43 35 0 41 44 24 88 46 41 73 63 40 17 60 80 42 95 32 39 66 
95 70 37 9 8 33 27 58 75 35 76 55 99 48 65 15 44 78 73 92 35 64 38 82 65 22 49 100 32 33 4 25 81 35 39 33 24 69 33 96 41 15 18 32 17 78 76 32 45 53 13 38 30 23 80 18 50 13 46 83 73 1 41 0 61 72 20 19 20 84 86 73 22 47 49 4 49 43 96 45 
64 90 63 55 53 49 98 2 23 1 36 88 49 3 71 40 96 7 12 75 51 74 100 24 4 20 15 41 100 90 5 68 22 93 46 13 12 84 83 74 77 6 82 34 80 35 50 1 93 59 19 98 53 27 14 4 62 26 50 8 92 46 44 61 0 18 83 90 58 7 52 97 76 12 29 69 58 60 59 75 
46 45 28 6 17 94 100 29 51 48 93 43 1 2 63 31 8 72 37 51 39 26 77 90 58 75 32 49 83 16 94 35 89 11 15 78 25 15 76 8 24 72 58 47 87 39 20 95 57 63 82 6 53 7 85 85 17 99 32 80 89 20 24 72 18 0 72 30 95 90 1 30 27 25 3 26 74 7 74 68 
67 14 8 86 46 79 39 94 30 12 39 14 15 16 100 82 47 59 55 95 11 28 54 3 10 41 91 7 45 50 64 95 6 31 24 28 92 70 34 28 96 86 37 36 98 13 57 51 48 9 24 3 5 36 78 100 56 4 76 90 70 29 88 20 83 72 0 54 18 86 89 59 43 47 11 92 22 22 20 42 
75 76 71 23 91 65 62 81 62 24 39 98 85 98 98 99 1 78 11 7 14 76 72 41 74 39 8 38 4 23 60 1 75 9 74 80 35 95 11 67 50 95 69 33 74 76 68 25 17 58 34 17 42 82 18 1 14 11 32 81 59 82 46 19 90 30 54 0 31 79 100 5 51 29 51 92 82 80 19 6 
75 72 7 55 63 74 40 59 34 53 89 83 84 93 14 32 37 66 10 74 70 28 1 78 4 13 69 13 11 86 78 46 35 81 51 14 20 10 34 64 55 27 46 53 47 82 72 62 18 31 42 39 51 36 50 34 52 71 85 86 42 55 41 20 58 95 18 31 0 83 44 79 41 69 47 94 39 32 34 97 
50 27 98 76 44 46 58 9 72 94 35 93 57 2 25 29 2 42 55 57 81 30 96 60 73 85 38 20 94 91 48 46 40 71 29 73 9 30 30 60 3 93 24 97 35 19 15 72 19 78 81 78 62 40 100 98 91 56 66 60 78 7 73 84 7 90 86 79 83 0 74 81 7 65 54 80 36 48 62 67 
57 39 22 17 32 28 42 12 37 33 100 98 11 54 81 52 35 34 98 100 36 88 69 56 25 82 43 4 77 95 81 25 85 75 84 67 25 3 21 26 43 25 77 29 90 1 69 56 72 76 16 2 44 34 96 32 11 81 82 21 96 49 63 86 52 1 89 100 44 74 0 47 67 17 28 17 60 9 49 78 
68 35 58 20 20 73 93 11 93 6 94 40 28 31 29 30 11 71 64 4 27 43 51 42 77 15 86 75 13 27 90 65 26 3 67 89 53 67 64 46 59 75 5 95 91 59 80 48 65 55 71 33 19 92 56 99 21 2 21 86 50 12 40 73 97 30 59 5 79 81 47 0 14 31 73 45 23 94 91 68 
31 13 76 15 12 3 6 14 70 72 34 100 61 43 43 94 76 99 25 20 59 53 12 23 29 33 58 27 7 71 65 88 15 45 40 49 46 63 71 85 67 20 48 61 55 50 35 90 60 94 9 58 53 81 35 34 94 57 17 77 66 68 17 22 76 27 43 51 41 7 67 14 0 84 22 2 32 47 34 91 
23 37 82 44 62 24 32 86 70 12 79 75 66 5 98 67 71 9 88 8 8 80 45 95 78 34 48 70 27 79 10 64 70 4 1 41 58 83 84 2 71 88 7 38 25 9 19 12 35 36 22 17 73 36 77 10 48 43 47 85 86 1 60 47 12 25 47 29 69 65 17 31 84 0 64 39 70 99 86 84 
29 39 57 28 78 71 10 83 53 16 10 27 10 12 66 51 6 82 31 57 39 46 31 6 90 78 30 51 14 56 31 88 83 16 78 73 24 65 76 4 90 89 62 65 26 21 56 8 25 89 65 55 72 6 43 68 72 18 46 83 66 39 80 49 29 3 11 51 47 54 28 73 22 64 0 65 85 2 33 64 
75 13 50 81 58 72 13 25 18 73 21 91 48 90 62 69 21 77 28 70 8 55 16 33 11 53 18 13 64 87 71 24 43 78 76 58 83 50 81 74 4 36 45 93 32 99 61 69 28 18 96 18 37 77 26 83 47 64 15 78 100 10 42 4 69 26 92 92 94 80 17 45 2 39 65 0 70 93 72 18 
30 62 99 40 5 48 88 74 39 86 87 14 5 83 24 73 9 97 55 47 40 82 15 53 42 89 92 26 26 62 23 62 73 8 7 50 13 50 94 80 56 57 91 20 57 25 27 77 63 15 11 39 83 6 62 61 33 8 2 68 93 25 95 49 58 74 22 82 39 36 60 23 32 70 85 70 0 22 37 100 
80 12 99 99 16 86 70 58 54 58 65 10 96 71 11 54 3 94 94 90 8 8 63 20 10 13 87 86 25 72 14 19 38 38 30 73 1 29 5 8 79 8 13 36 10 74 66 56 32 52 34 19 40 10 87 63 69 21 8 58 98 83 32 43 60 7 22 80 32 48 9 94 47 99 2 93 22 0 47 81 
58 20 15 100 40 6 84 88 87 10 76 30 43 1 91 2 20 27 76 27 26 96 98 55 85 50 63 72 7 95 92 64 47 33 11 69 60 59 81 94 48 25 10 36 97 57 49 99 26 50 10 13 91 49 59 91 30 55 38 10 89 51 39 96 59 74 20 19 34 62 49 91 34 86 33 72 37 47 0 22 
93 83 89 85 15 58 33 84 97 51 78 34 58 10 31 54 61 45 99 80 67 91 31 56 81 72 17 72 89 100 85 5 95 44 95 72 43 96 59 5 76 31 70 26 17 10 31 29 91 41 14 1 100 29 98 48 31 19 9 53 25 95 66 45 75 68 42 6 97 67 78 68 91 84 64 18 100 81 22 0 
