50
0 11 57 83 15 59 36 88 4 22 37 86 47 9 48 7 25 99 95 2 85 55 99 53 23 39 89 63 41 3 9 48 65 65 31 31 76 18 18 79 39 54 16 38 14 15 96 90 13 42 
11 0 91 97 96 41 1 18 79 89 33 71 43 41 71 7 57 53 89 84 70 58 62 60 11 77 97 76 91 92 65 3 33 7 51 28 99 4 98 78 44 82 100 87 74 70 45 82 22 34 
57 91 0 66 43 91 27 55 54 56 3 81 46 95 98 1 79 56 3 59 55 6 8 84 50 89 83 88 14 5 32 95 78 17 60 73 60 87 27 65 94 29 45 91 75 94 91 54 50 46 
83 97 66 0 64 56 51 71 39 52 11 73 91 24 77 23 18 7 91 78 79 50 16 57 66 61 85 11 51 60 56 94 65 5 39 80 60 41 2 50 45 12 23 35 87 51 9 4 57 100 
15 96 43 64 0 33 87 1 100 43 67 60 80 29 63 39 84 56 55 41 94 86 52 86 87 2 30 50 76 65 36 78 73 91 87 72 76 73 25 27 68 91 39 47 71 1 37 54 56 43 
59 41 91 56 33 0 46 1 28 98 86 66 51 16 15 78 80 50 55 4 92 41 28 67 66 52 46 33 94 84 79 64 84 67 69 91 9 15 91 36 12 28 1 14 43 15 91 74 16 45 
36 1 27 51 87 46 0 30 59 38 57 26 55 8 23 87 53 6 17 16 41 83 84 83 91 50 73 78 13 52 30 26 47 44 16 72 11 13 1 69 2 57 46 56 16 68 94 68 25 10 
88 18 55 71 1 1 30 0 35 65 44 19 99 86 68 71 63 33 75 92 58 21 87 26 92 49 90 93 69 91 1 67 98 17 86 91 36 11 52 71 27 47 41 26 32 60 48 46 92 22 
4 79 54 39 100 28 59 35 0 89 2 94 27 27 86 75 16 30 95 58 30 61 55 98 47 97 86 9 100 8 35 46 48 12 77 59 60 74 3 33 62 4 27 88 30 64 14 97 45 60 
22 89 56 52 43 98 38 65 89 0 6 26 21 12 76 19 8 61 27 7 68 13 52 67 25 80 77 36 53 79 20 14 82 98 53 63 13 18 59 57 77 64 83 97 75 58 67 34 70 93 
37 33 3 11 67 86 57 44 2 6 0 40 89 58 43 7 34 22 83 69 26 62 40 39 43 38 43 6 2 60 16 59 37 32 93 85 58 2 52 92 71 96 83 11 53 26 17 86 99 51 
86 71 81 73 60 66 26 19 94 26 40 0 6 25 12 98 15 7 87 10 64 88 69 31 46 57 62 90 42 20 91 45 11 13 40 45 75 93 70 91 30 21 94 36 45 5 85 11 63 71 
47 43 46 91 80 51 55 99 27 21 89 6 0 20 26 58 41 9 56 97 70 45 38 89 88 82 51 52 74 96 27 66 17 69 47 37 62 34 33 19 18 96 33 88 15 11 46 55 19 53 
9 41 95 24 29 16 8 86 27 12 58 25 20 0 52 88 49 41 29 36 75 31 40 48 78 66 65 95 86 63 83 100 97 16 70 66 11 2 54 77 12 51 84 30 3 35 18 51 27 98 
48 71 98 77 63 15 23 68 86 76 43 12 26 52 0 39 53 28 78 52 6 95 68 52 80 31 34 31 27 1 100 92 63 2 97 40 13 47 23 43 1 9 12 4 87 61 42 40 88 19 
7 7 1 23 39 78 87 71 75 19 7 98 58 88 39 0 91 45 65 59 48 96 89 82 27 67 82 78 10 45 79 59 36 44 57 58 38 58 18 1 61 4 61 54 43 100 24 86 97 88 
25 57 79 18 84 80 53 63 16 8 34 15 41 49 53 91 0 96 44 83 84 25 61 2 59 39 63 55 69 21 42 64 78 51 1 87 68 1 47 23 13 52 66 13 75 3 61 62 98 4 
99 53 56 7 56 50 6 33 30 61 22 7 9 41 28 45 96 0 96 33 81 9 34 91 99 48 97 67 69 38 31 98 88 83 84 7 84 82 29 48 33 46 12 59 48 72 72 45 76 67 
95 89 3 91 55 55 17 75 95 27 83 87 56 29 78 65 44 96 0 29 8 27 14 98 25 62 46 44 82 83 74 79 22 56 14 28 91 95 56 39 79 2 2 37 1 74 60 98 1 78 
2 84 59 78 41 4 16 92 58 7 69 10 97 36 52 59 83 33 29 0 26 8 5 40 57 29 53 2 72 34 36 97 64 57 5 77 36 47 23 43 37 1 96 39 89 97 12 48 46 12 
85 70 55 79 94 92 41 58 30 68 26 64 70 75 6 48 84 81 8 26 0 25 71 71 81 62 79 10 14 80 33 99 67 30 62 75 86 38 10 32 60 52 69 12 48 7 100 96 18 99 
55 58 6 50 86 41 83 21 61 13 62 88 45 31 95 96 25 9 27 8 25 0 41 81 76 63 3 56 77 81 17 42 60 2 41 78 31 2 52 68 92 61 99 51 64 67 15 63 25 66 
99 62 8 16 52 28 84 87 55 52 40 69 38 40 68 89 61 34 14 5 71 41 0 58 94 65 50 26 92 65 28 99 41 8 16 82 19 17 22 96 99 76 47 66 67 59 16 69 23 35 
53 60 84 57 86 67 83 26 98 67 39 31 89 48 52 82 2 91 98 40 71 81 58 0 83 85 59 49 95 5 13 44 30 56 8 58 54 100 65 69 82 84 37 3 31 35 30 78 52 96 
23 11 50 66 87 66 91 92 47 25 43 46 88 78 80 27 59 99 25 57 81 76 94 83 0 36 68 65 10 54 47 95 64 95 89 68 59 84 98 14 44 7 20 43 23 88 76 6 77 31 
39 77 89 61 2 52 50 49 97 80 38 57 82 66 31 67 39 48 62 29 62 63 65 85 36 0 89 63 60 66 15 56 53 34 20 63 87 18 9 50 65 49 70 23 32 67 89 27 25 8 
89 97 83 85 30 46 73 90 86 77 43 62 51 65 34 82 63 97 46 53 79 3 50 59 68 89 0 22 47 47 49 5 23 79 93 86 39 58 52 46 62 85 17 24 23 34 32 24 98 80 
63 76 88 11 50 33 78 93 9 36 6 90 52 95 31 78 55 67 44 2 10 56 26 49 65 63 22 0 93 73 64 11 61 42 35 68 15 82 66 64 86 89 42 30 26 32 39 77 77 100 
41 91 14 51 76 94 13 69 100 53 2 42 74 86 27 10 69 69 82 72 14 77 92 95 10 60 47 93 0 13 93 76 87 27 59 10 76 91 55 48 6 17 8 47 4 27 14 37 93 77 
3 92 5 60 65 84 52 91 8 79 60 20 96 63 1 45 21 38 83 34 80 81 65 5 54 66 47 73 13 0 74 33 70 3 58 2 41 34 78 92 98 23 67 84 49 26 45 76 16 99 
9 65 32 56 36 79 30 1 35 20 16 91 27 83 100 79 42 31 74 36 33 17 28 13 47 15 49 64 93 74 0 24 21 68 83 19 71 10 32 59 54 60 32 86 30 34 43 83 26 28 
48 3 95 94 78 64 26 67 46 14 59 45 66 100 92 59 64 98 79 97 99 42 99 44 95 56 5 11 76 33 24 0 12 17 25 34 36 8 34 13 52 10 28 3 33 100 70 15 70 92 
65 33 78 65 73 84 47 98 48 82 37 11 17 97 63 36 78 88 22 64 67 60 41 30 64 53 23 61 87 70 21 12 0 76 54 50 29 65 33 14 46 18 56 28 43 83 92 11 7 25 
65 7 17 5 91 67 44 17 12 98 32 13 69 16 2 44 51 83 56 57 30 2 8 56 95 34 79 42 27 3 68 17 76 0 46 66 59 58 18 68 37 20 52 88 41 66 10 84 42 15 
31 51 60 39 87 69 16 86 77 53 93 40 47 70 97 57 1 84 14 5 62 41 16 8 89 20 93 35 59 58 83 25 54 46 0 33 22 79 65 36 77 82 43 4 76 78 95 86 36 72 
31 28 73 80 72 91 72 91 59 63 85 45 37 66 40 58 87 7 28 77 75 78 82 58 68 63 86 68 10 2 19 34 50 66 33 0 84 2 30 93 19 49 82 90 100 21 82 65 30 65 
76 99 60 60 76 9 11 36 60 13 58 75 62 11 13 38 68 84 91 36 86 31 19 54 59 87 39 15 76 41 71 36 29 59 22 84 0 58 96 49 32 75 13 67 51 46 61 6 73 38 
18 4 87 41 73 15 13 11 74 18 2 93 34 2 47 58 1 82 95 47 38 2 17 100 84 18 58 82 91 34 10 8 65 58 79 2 58 0 53 10 74 76 93 75 5 38 45 53 19 34 
18 98 27 2 25 91 1 52 3 59 52 70 33 54 23 18 47 29 56 23 10 52 22 65 98 9 52 66 55 78 32 34 33 18 65 30 96 53 0 4 91 67 20 73 31 30 68 79 61 94 
79 78 65 50 27 36 69 71 33 57 92 91 19 77 43 1 23 48 39 43 32 68 96 69 14 50 46 64 48 92 59 13 14 68 36 93 49 10 4 0 43 79 96 40 39 54 12 77 58 21 
39 44 94 45 68 12 2 27 62 77 71 30 18 12 1 61 13 33 79 37 60 92 99 82 44 65 62 86 6 98 54 52 46 37 77 19 32 74 91 43 0 50 33 66 76 89 3 20 93 73 
54 82 29 12 91 28 57 47 4 64 96 21 96 51 9 4 52 46 2 1 52 61 76 84 7 49 85 89 17 23 60 10 18 20 82 49 75 76 67 79 50 0 5 96 63 71 15 87 53 44 
16 100 45 23 39 1 46 41 27 83 83 94 33 84 12 61 66 12 2 96 69 99 47 37 20 70 17 42 8 67 32 28 56 52 43 82 13 93 20 96 33 5 0 55 31 4 48 25 82 96 
38 87 91 35 47 14 56 26 88 97 11 36 88 30 4 54 13 59 37 39 12 51 66 3 43 23 24 30 47 84 86 3 28 88 4 90 67 75 73 40 66 96 55 0 64 73 49 75 49 6 
14 74 75 87 71 43 16 32 30 75 53 45 15 3 87 43 75 48 1 89 48 64 67 31 23 32 23 26 4 49 30 33 43 41 76 100 51 5 31 39 76 63 31 64 0 95 50 38 12 77 
15 70 94 51 1 15 68 60 64 58 26 5 11 35 61 100 3 72 74 97 7 67 59 35 88 67 34 32 27 26 34 100 83 66 78 21 46 38 30 54 89 71 4 73 95 0 78 14 96 70 
96 45 91 9 37 91 94 48 14 67 17 85 46 18 42 24 61 72 60 12 100 15 16 30 76 89 32 39 14 45 43 70 92 10 95 82 61 45 68 12 3 15 48 49 50 78 0 38 52 65 
90 82 54 4 54 74 68 46 97 34 86 11 55 51 40 86 62 45 98 48 96 63 69 78 6 27 24 77 37 76 83 15 11 84 86 65 6 53 79 77 20 87 25 75 38 14 38 0 53 74 
13 22 50 57 56 16 25 92 45 70 99 63 19 27 88 97 98 76 1 46 18 25 23 52 77 25 98 77 93 16 26 70 7 42 36 30 73 19 61 58 93 53 82 49 12 96 52 53 0 79 
42 34 46 100 43 45 10 22 60 93 51 71 53 98 19 88 4 67 78 12 99 66 35 96 31 8 80 100 77 99 28 92 25 15 72 65 38 34 94 21 73 44 96 6 77 70 65 74 79 0 
