100
0 78 43 10 40 9 51 88 59 98 94 20 49 45 80 42 39 77 32 31 26 35 38 80 73 27 74 100 97 94 48 71 23 42 80 14 51 83 1 61 80 94 80 80 91 59 22 81 87 53 63 13 39 100 92 63 79 17 63 27 10 10 98 85 3 29 98 53 11 51 66 43 44 45 22 86 56 95 18 42 100 80 54 38 32 97 53 10 14 15 88 75 76 85 59 30 14 9 83 76 
78 0 59 100 18 54 44 40 92 51 86 9 45 85 41 50 75 72 47 27 81 60 93 68 86 20 5 97 49 70 5 83 45 15 82 63 68 78 54 59 80 39 20 24 76 60 74 50 31 20 76 63 31 20 82 16 39 86 64 87 7 68 22 52 82 3 66 2 32 71 60 12 61 79 35 36 38 8 85 20 79 12 82 61 31 64 29 69 1 92 8 8 12 29 11 93 31 76 94 15 
43 59 0 46 6 26 6 36 60 42 26 20 78 45 98 90 79 11 20 94 39 41 94 30 100 53 41 28 63 86 10 38 31 24 35 36 49 93 24 9 86 49 28 63 45 77 4 23 87 76 16 77 68 10 59 67 62 51 94 77 36 3 66 19 79 53 54 27 45 77 87 82 77 66 44 22 95 100 44 33 75 60 10 42 21 20 60 34 70 53 10 58 7 28 76 85 80 81 64 24 
10 100 46 0 10 2 5 86 20 100 7 66 51 3 98 25 14 59 18 34 78 77 19 100 81 81 57 40 8 32 24 39 12 39 14 73 93 18 59 64 69 17 29 20 71 26 96 84 85 66 69 14 94 88 13 27 20 69 66 27 52 41 17 16 32 30 88 24 99 98 87 67 67 15 38 37 92 86 21 28 3 89 42 48 28 6 74 47 27 39 25 78 80 41 45 11 70 85 86 68 
40 18 6 10 0 82 24 87 48 90 76 85 81 61 57 9 63 45 2 11 25 59 36 71 85 75 96 15 6 88 59 68 58 95 53 77 77 76 63 76 65 39 12 97 51 68 57 66 65 10 28 89 69 63 11 53 89 6 67 94 94 78 61 3 72 65 79 100 40 94 28 56 32 39 5 82 59 61 47 75 23 74 63 91 89 25 43 77 31 62 71 76 91 83 30 62 48 60 14 39 
9 54 26 2 82 0 53 41 47 36 31 51 70 41 63 68 15 85 94 29 27 82 54 70 58 36 83 80 63 73 63 92 86 10 51 51 100 4 43 46 91 74 96 60 66 11 28 33 47 21 61 74 2 66 95 11 1 77 91 63 1 5 6 38 66 57 89 65 12 83 11 2 56 58 62 74 68 41 6 67 61 18 40 14 84 34 24 36 62 66 51 14 70 56 51 35 64 91 100 27 
51 44 6 5 24 53 0 74 62 29 81 19 42 54 39 82 11 5 94 29 44 7 12 29 82 47 90 48 97 55 69 53 5 4 68 96 55 95 21 16 23 1 34 16 7 72 49 17 28 42 45 71 100 56 51 81 55 40 80 51 46 49 55 51 52 23 98 58 17 70 73 91 70 58 58 28 82 58 45 9 51 41 32 50 97 82 82 3 74 62 53 19 10 60 69 13 34 18 22 50 
88 40 36 86 87 41 74 0 87 94 92 9 3 1 36 84 58 32 93 8 73 76 9 69 57 42 71 30 3 75 49 64 86 69 28 19 39 49 20 25 94 63 33 97 63 21 80 72 52 24 31 24 99 91 44 8 33 66 37 35 93 37 51 78 6 78 97 44 27 16 20 20 79 5 68 93 25 48 65 76 23 95 52 74 38 47 81 70 13 17 56 5 54 6 82 11 36 30 6 62 
59 92 60 20 48 47 62 87 0 46 25 33 76 29 1 68 53 100 32 81 74 79 84 47 16 30 79 85 42 48 40 98 53 98 32 63 33 61 68 46 6 92 30 81 73 30 49 77 81 32 57 7 62 92 5 29 22 84 65 15 83 5 13 35 54 44 49 86 4 16 31 62 59 60 94 83 42 94 60 74 26 16 80 39 8 37 68 81 72 32 95 54 88 7 88 41 2 36 78 58 
98 51 42 100 90 36 29 94 46 0 3 60 19 13 72 12 96 65 6 55 38 83 22 70 21 81 6 40 61 29 72 8 82 11 66 69 4 68 56 81 25 10 41 95 22 64 6 69 28 63 75 65 45 97 86 18 29 43 9 42 71 80 49 52 43 66 72 46 33 79 26 9 88 18 3 62 81 61 30 8 23 57 25 20 5 62 89 33 5 97 26 27 29 74 31 71 92 2 68 76 
94 86 26 7 76 31 81 92 25 3 0 33 93 85 20 63 39 33 95 51 15 55 26 71 79 97 75 92 37 59 48 33 85 75 13 10 5 35 1 58 2 77 90 47 13 62 9 3 94 55 54 8 9 31 30 39 27 4 31 63 15 78 47 99 52 12 8 8 46 9 66 100 37 7 46 49 68 6 51 14 60 56 73 21 86 3 59 12 58 89 26 72 19 73 70 70 84 78 30 81 
20 9 20 66 85 51 19 9 33 60 33 0 38 95 80 74 53 77 74 21 34 76 86 46 32 58 66 69 60 76 33 70 65 58 41 83 82 11 4 65 40 33 98 29 79 29 2 84 58 75 4 91 2 41 88 33 98 5 2 58 81 34 79 97 43 19 31 25 81 34 89 72 19 38 100 49 67 1 32 24 27 87 66 29 27 54 13 25 58 66 34 90 51 12 86 94 82 16 18 63 
49 45 78 51 81 70 42 3 76 19 93 38 0 50 58 34 20 96 34 68 14 86 52 37 65 38 54 45 65 7 57 41 17 75 26 6 25 37 92 18 18 7 35 32 8 93 66 27 40 51 47 53 88 98 41 52 87 94 48 3 53 57 43 69 31 68 26 55 56 17 25 74 76 59 57 35 3 22 62 94 24 60 46 12 9 86 15 95 32 63 98 84 19 92 52 1 60 77 7 67 
45 85 45 3 61 41 54 1 29 13 85 95 50 0 46 31 92 73 42 49 7 44 22 20 38 46 79 35 9 39 73 23 86 4 37 83 87 7 26 90 7 37 18 14 4 63 96 95 35 37 43 94 33 65 13 70 62 92 56 70 82 28 92 67 31 81 49 17 87 27 58 46 63 76 11 66 90 6 61 77 43 55 70 75 19 82 96 80 25 3 1 7 31 45 73 61 25 74 30 63 
80 41 98 98 57 63 39 36 1 72 20 80 58 46 0 100 87 8 62 14 18 80 4 76 92 32 70 46 1 44 17 82 91 48 7 93 49 65 75 93 37 88 69 10 17 31 9 55 39 23 21 8 54 76 83 45 7 52 42 7 47 58 40 89 58 98 34 6 62 8 50 99 95 18 60 63 48 21 70 86 95 42 46 48 17 28 92 23 80 85 81 78 43 20 67 100 70 100 57 31 
42 50 90 25 9 68 82 84 68 12 63 74 34 31 100 0 59 6 81 6 75 41 68 22 13 89 60 7 30 5 6 98 84 97 20 15 81 52 93 75 72 59 26 41 10 82 23 68 39 56 73 13 48 93 35 60 33 46 18 15 50 23 12 85 19 84 100 51 35 92 78 58 2 3 50 11 37 25 30 75 80 55 88 27 99 22 86 31 67 3 97 68 25 9 52 95 44 3 97 78 
39 75 79 14 63 15 11 58 53 96 39 53 20 92 87 59 0 94 74 88 47 29 37 57 65 13 39 39 92 93 26 18 43 99 55 73 17 57 70 36 33 30 40 27 73 42 76 2 36 1 89 82 29 78 91 93 90 81 84 34 25 9 51 67 60 6 91 76 14 12 64 47 41 3 25 65 44 52 67 31 53 7 65 33 36 7 26 78 39 61 11 63 21 13 29 80 70 71 8 84 
77 72 11 59 45 85 5 32 100 65 33 77 96 73 8 6 94 0 83 71 82 75 25 58 40 20 62 58 3 14 64 67 46 52 25 23 29 63 83 91 25 4 3 5 35 25 27 94 8 9 16 41 84 40 50 75 60 11 32 62 76 47 80 22 50 56 96 78 18 79 20 94 34 75 98 20 99 76 14 58 85 29 98 20 21 99 94 32 10 77 93 85 75 24 58 25 79 54 54 96 
32 47 20 18 2 94 94 93 32 6 95 74 34 42 62 81 74 83 0 84 26 41 17 100 90 88 98 65 1 55 49 82 4 20 2 54 65 33 15 93 77 52 68 100 9 44 30 14 97 77 97 74 17 65 73 6 53 22 70 5 28 71 86 83 42 39 37 7 71 51 99 47 2 18 98 63 61 79 76 10 55 73 83 23 89 56 80 93 29 2 98 57 72 83 39 13 22 75 71 44 
31 27 94 34 11 29 29 8 81 55 51 21 68 49 14 6 88 71 84 0 78 70 43 79 87 92 93 100 71 69 9 77 93 43 100 33 98 79 26 79 80 23 35 3 57 73 68 30 100 38 74 77 59 68 7 98 59 100 97 29 20 57 6 12 99 57 44 49 35 21 27 67 43 61 21 100 85 88 81 84 78 54 12 36 21 19 85 32 70 33 60 89 41 17 52 40 25 47 40 60 
26 81 39 78 25 27 44 73 74 38 15 34 14 7 18 75 47 82 26 78 0 68 66 78 10 78 98 61 14 38 42 50 15 47 61 2 20 31 39 51 100 71 62 40 12 31 91 3 55 38 42 66 5 59 43 66 88 93 79 1 30 20 50 96 18 63 97 37 93 35 39 45 58 1 84 69 83 27 23 37 16 64 3 72 22 97 37 9 89 15 61 70 86 63 65 56 25 14 92 69 
35 60 41 77 59 82 7 76 79 83 55 76 86 44 80 41 29 75 41 70 68 0 48 83 65 57 35 1 25 17 27 99 53 42 62 55 65 35 4 1 95 44 68 56 14 5 18 30 60 94 43 4 14 43 86 79 99 20 79 76 36 57 74 40 50 88 47 14 22 50 66 69 93 85 24 58 42 93 88 1 38 82 56 51 24 93 81 75 64 59 50 51 67 23 91 16 62 89 81 84 
38 93 94 19 36 54 12 9 84 22 26 86 52 22 4 68 37 25 17 43 66 48 0 38 47 52 82 31 27 92 72 71 31 25 8 12 32 10 88 77 91 62 40 1 11 91 68 85 33 35 47 21 16 82 10 62 85 43 44 11 86 68 33 16 44 92 80 75 1 67 51 43 80 43 44 90 85 63 26 69 97 24 41 12 57 50 25 41 44 69 3 30 36 35 97 31 26 76 5 79 
80 68 30 100 71 70 29 69 47 70 71 46 37 20 76 22 57 58 100 79 78 83 38 0 94 8 21 73 50 64 62 86 26 40 54 75 15 94 86 72 95 11 12 38 31 15 19 18 49 16 48 27 91 4 5 85 63 25 57 64 41 71 49 18 62 2 92 76 95 30 47 41 40 59 79 70 25 49 39 25 64 86 51 7 89 7 43 52 84 51 67 24 73 16 93 34 17 37 10 64 
73 86 100 81 85 58 82 57 16 21 79 32 65 38 92 13 65 40 90 87 10 65 47 94 0 66 8 56 57 66 34 78 42 83 16 67 98 1 69 4 41 76 98 44 11 49 11 34 21 78 78 55 46 14 16 61 79 23 17 87 41 50 64 82 84 79 100 34 31 69 89 24 96 87 67 6 35 29 91 7 6 68 13 4 34 28 64 64 3 80 51 43 82 14 76 17 45 76 50 75 
27 20 53 81 75 36 47 42 30 81 97 58 38 46 32 89 13 20 88 92 78 57 52 8 66 0 96 39 98 91 25 17 96 11 97 86 69 55 5 82 58 38 61 73 54 15 53 4 9 34 17 85 2 13 12 52 88 7 42 37 97 18 5 92 28 2 29 48 8 85 29 65 75 42 37 28 56 41 31 65 26 99 49 28 12 60 79 51 18 72 87 14 89 44 57 16 97 37 63 4 
74 5 41 57 96 83 90 71 79 6 75 66 54 79 70 60 39 62 98 93 98 35 82 21 8 96 0 21 44 20 95 85 8 74 40 49 4 56 74 55 56 53 18 15 83 68 84 54 6 97 42 49 5 9 45 41 24 100 14 67 19 60 3 27 34 94 27 89 50 52 43 5 5 60 72 87 79 55 93 37 4 34 37 8 95 34 49 18 33 62 84 4 21 38 30 6 31 8 95 80 
100 97 28 40 15 80 48 30 85 40 92 69 45 35 46 7 39 58 65 100 61 1 31 73 56 39 21 0 59 37 37 63 49 8 2 79 14 46 15 17 31 4 25 25 37 25 42 69 38 25 24 10 14 53 16 45 60 62 76 71 50 12 85 50 71 86 29 85 83 95 53 14 98 77 38 34 53 80 55 42 56 78 52 70 83 19 14 94 32 89 64 81 53 49 31 23 86 59 7 69 
97 49 63 8 6 63 97 3 42 61 37 60 65 9 1 30 92 3 1 71 14 25 27 50 57 98 44 59 0 5 60 82 3 88 19 88 93 50 94 34 6 24 37 27 6 7 92 99 38 80 15 19 84 63 1 7 100 11 65 68 15 76 1 69 16 72 57 60 21 2 45 78 25 82 4 30 40 95 81 78 27 95 48 62 9 100 68 8 10 85 28 24 12 28 45 79 51 1 38 72 
94 70 86 32 88 73 55 75 48 29 59 76 7 39 44 5 93 14 55 69 38 17 92 64 66 91 20 37 5 0 54 83 1 79 16 57 60 55 51 40 84 29 86 83 91 46 82 10 6 91 46 33 67 58 12 11 88 63 63 26 86 16 60 86 46 75 42 6 81 45 97 65 73 83 99 15 80 81 25 85 23 22 69 89 31 81 51 19 43 13 96 28 81 55 65 26 29 7 31 61 
48 5 10 24 59 63 69 49 40 72 48 33 57 73 17 6 26 64 49 9 42 27 72 62 34 25 95 37 60 54 0 51 28 77 75 62 76 42 41 8 18 78 30 39 46 71 70 78 21 88 20 86 83 99 66 89 64 43 69 22 26 29 24 53 6 98 66 33 39 58 40 56 35 69 47 33 39 16 10 12 55 82 97 89 80 14 29 95 56 97 16 81 77 39 85 34 89 50 66 79 
71 83 38 39 68 92 53 64 98 8 33 70 41 23 82 98 18 67 82 77 50 99 71 86 78 17 85 63 82 83 51 0 60 57 87 46 78 33 78 68 100 40 79 6 21 75 46 52 88 74 99 96 22 14 76 98 5 61 32 45 62 49 75 21 6 61 67 83 45 96 50 96 35 29 53 7 55 98 59 95 23 9 90 44 22 17 94 78 77 25 74 91 73 49 11 78 61 29 12 58 
23 45 31 12 58 86 5 86 53 82 85 65 17 86 91 84 43 46 4 93 15 53 31 26 42 96 8 49 3 1 28 60 0 25 62 53 11 42 58 18 48 7 28 42 30 36 83 25 9 100 18 39 28 94 12 18 67 12 81 96 25 9 8 82 85 21 86 96 62 43 65 61 50 92 3 31 79 37 7 87 36 25 25 16 70 89 85 88 100 65 84 24 26 43 57 10 63 43 57 76 
42 15 24 39 95 10 4 69 98 11 75 58 75 4 48 97 99 52 20 43 47 42 25 40 83 11 74 8 88 79 77 57 25 0 37 21 36 38 12 90 68 90 79 27 29 14 51 5 81 72 93 66 60 45 30 43 20 7 37 77 17 99 71 73 26 7 94 13 45 57 55 64 99 33 90 27 98 92 31 79 64 76 44 23 20 25 17 39 32 53 67 100 3 37 24 80 44 17 92 40 
80 82 35 14 53 51 68 28 32 66 13 41 26 37 7 20 55 25 2 100 61 62 8 54 16 97 40 2 19 16 75 87 62 37 0 26 98 3 24 30 93 2 80 36 32 58 99 59 53 73 78 29 41 69 12 93 35 11 47 72 35 78 67 3 22 6 28 19 8 3 1 52 4 80 88 88 37 38 46 41 63 76 69 3 44 81 48 78 43 94 1 77 72 67 80 93 72 59 63 32 
14 63 36 73 77 51 96 19 63 69 10 83 6 83 93 15 73 23 54 33 2 55 12 75 67 86 49 79 88 57 62 46 53 21 26 0 62 63 83 17 42 22 56 30 12 2 70 74 77 91 28 72 71 75 49 13 21 2 42 44 68 73 88 40 31 50 23 44 13 57 61 6 79 16 36 42 69 5 67 97 47 94 68 17 69 69 82 89 70 75 32 37 47 19 28 29 68 2 73 32 
51 68 49 93 77 100 55 39 33 4 5 82 25 87 49 81 17 29 65 98 20 65 32 15 98 69 4 14 93 60 76 78 11 36 98 62 0 59 85 38 89 100 73 30 21 29 96 17 76 89 37 44 57 5 77 97 26 51 28 62 49 98 42 78 18 95 50 49 53 86 38 41 85 62 22 57 43 17 74 70 58 62 13 66 66 42 63 91 44 42 4 45 40 97 22 57 92 23 57 44 
83 78 93 18 76 4 95 49 61 68 35 11 37 7 65 52 57 63 33 79 31 35 10 94 1 55 56 46 50 55 42 33 42 38 3 63 59 0 8 47 37 44 8 58 1 2 75 26 71 84 87 36 49 4 77 63 94 72 5 49 16 96 46 89 4 89 11 60 32 70 58 68 14 66 78 66 67 4 43 38 87 81 25 35 84 1 98 29 24 54 77 92 49 74 80 52 62 43 63 46 
1 54 24 59 63 43 21 20 68 56 1 4 92 26 75 93 70 83 15 26 39 4 88 86 69 5 74 15 94 51 41 78 58 12 24 83 85 8 0 12 21 65 77 38 42 94 4 45 36 93 83 16 69 70 51 21 67 79 45 72 8 36 20 33 67 23 47 9 85 92 21 5 8 49 42 50 43 98 46 78 42 29 46 11 98 96 31 16 27 27 39 86 14 58 18 81 80 16 89 64 
61 59 9 64 76 46 16 25 46 81 58 65 18 90 93 75 36 91 93 79 51 1 77 72 4 82 55 17 34 40 8 68 18 90 30 17 38 47 12 0 59 61 21 67 10 14 68 52 63 13 29 5 93 26 67 42 22 49 9 100 76 47 85 89 56 54 21 35 22 10 51 80 70 23 46 79 36 13 82 99 78 63 55 22 88 21 64 61 21 24 60 48 71 96 89 26 2 9 13 23 
80 80 86 69 65 91 23 94 6 25 2 40 18 7 37 72 33 25 77 80 100 95 91 95 41 58 56 31 6 84 18 100 48 68 93 42 89 37 21 59 0 18 63 54 40 37 100 70 72 64 52 22 93 14 76 15 53 48 30 14 69 53 25 16 75 73 56 1 26 65 13 100 82 27 53 73 63 4 43 86 20 46 8 12 59 35 78 63 35 59 28 55 12 53 22 38 77 78 38 2 
94 39 49 17 39 74 1 63 92 10 77 33 7 37 88 59 30 4 52 23 71 44 62 11 76 38 53 4 24 29 78 40 7 90 2 22 100 44 65 61 18 0 42 2 1 23 80 53 48 94 9 90 80 28 35 39 39 45 25 69 7 59 27 35 13 90 39 35 28 15 12 17 68 53 19 68 27 50 72 74 44 80 15 75 7 1 65 98 45 41 66 4 100 44 90 64 34 80 98 13 
80 20 28 29 12 96 34 33 30 41 90 98 35 18 69 26 40 3 68 35 62 68 40 12 98 61 18 25 37 86 30 79 28 79 80 56 73 8 77 21 63 42 0 94 61 29 13 65 99 80 44 49 3 69 44 83 84 70 41 36 86 90 81 26 7 36 25 51 77 41 36 56 90 48 1 51 28 13 67 27 92 10 27 94 79 22 28 14 91 21 49 28 62 81 53 69 16 30 71 44 
80 24 63 20 97 60 16 97 81 95 47 29 32 14 10 41 27 5 100 3 40 56 1 38 44 73 15 25 27 83 39 6 42 27 36 30 30 58 38 67 54 2 94 0 70 58 99 59 57 99 61 84 11 28 10 54 37 88 100 67 9 79 80 51 99 29 78 13 61 31 81 29 60 3 72 81 60 71 39 16 69 100 51 32 27 61 85 15 100 84 82 9 15 61 59 65 41 89 77 2 
91 76 45 71 51 66 7 63 73 22 13 79 8 4 17 10 73 35 9 57 12 14 11 31 11 54 83 37 6 91 46 21 30 29 32 12 21 1 42 10 40 1 61 70 0 19 9 30 30 11 1 10 22 71 100 89 92 51 40 23 77 52 59 44 51 95 25 11 9 85 22 73 78 10 50 79 80 58 60 9 21 60 70 94 83 21 35 74 72 74 48 100 77 58 43 79 52 67 90 60 
59 60 77 26 68 11 72 21 30 64 62 29 93 63 31 82 42 25 44 73 31 5 91 15 49 15 68 25 7 46 71 75 36 14 58 2 29 2 94 14 37 23 29 58 19 0 4 11 85 81 20 86 59 51 95 18 11 15 29 80 61 11 52 95 36 23 20 35 75 96 93 17 74 44 36 15 56 91 77 40 71 48 25 81 98 19 50 8 86 30 39 98 41 91 92 28 65 11 15 39 
22 74 4 96 57 28 49 80 49 6 9 2 66 96 9 23 76 27 30 68 91 18 68 19 11 53 84 42 92 82 70 46 83 51 99 70 96 75 4 68 100 80 13 99 9 4 0 58 59 8 83 2 95 98 9 85 74 100 55 22 76 87 19 47 36 79 84 65 17 81 57 7 72 37 72 34 3 62 91 61 69 73 14 15 22 23 99 48 74 5 69 50 91 39 96 78 17 31 95 86 
81 50 23 84 66 33 17 72 77 69 3 84 27 95 55 68 2 94 14 30 3 30 85 18 34 4 54 69 99 10 78 52 25 5 59 74 17 26 45 52 70 53 65 59 30 11 58 0 11 3 92 82 91 15 67 93 77 57 53 97 81 67 12 55 41 62 2 14 67 22 15 9 12 62 87 81 92 33 66 2 35 9 35 26 24 1 70 52 9 23 48 42 41 11 48 81 73 49 46 39 
87 31 87 85 65 47 28 52 81 28 94 58 40 35 39 39 36 8 97 100 55 60 33 49 21 9 6 38 38 6 21 88 9 81 53 77 76 71 36 63 72 48 99 57 30 85 59 11 0 22 61 99 85 74 85 65 66 69 82 67 4 91 54 81 66 6 50 17 67 24 16 8 64 27 55 96 99 55 42 89 28 54 87 12 27 24 29 92 44 10 11 47 52 16 79 17 21 81 85 87 
53 20 76 66 10 21 42 24 32 63 55 75 51 37 23 56 1 9 77 38 38 94 35 16 78 34 97 25 80 91 88 74 100 72 73 91 89 84 93 13 64 94 80 99 11 81 8 3 22 0 4 1 94 68 27 100 15 77 6 56 65 85 61 3 49 40 78 77 31 22 38 93 20 42 8 99 10 29 31 95 67 34 95 13 53 73 64 68 49 70 75 65 6 88 19 54 27 97 82 9 
63 76 16 69 28 61 45 31 57 75 54 4 47 43 21 73 89 16 97 74 42 43 47 48 78 17 42 24 15 46 20 99 18 93 78 28 37 87 83 29 52 9 44 61 1 20 83 92 61 4 0 70 72 2 89 13 61 39 22 41 69 68 8 3 14 20 7 86 35 74 86 56 1 2 62 88 73 67 14 69 49 74 90 20 75 78 32 88 17 5 80 37 73 87 39 38 58 98 24 93 
13 63 77 14 89 74 71 24 7 65 8 91 53 94 8 13 82 41 74 77 66 4 21 27 55 85 49 10 19 33 86 96 39 66 29 72 44 36 16 5 22 90 49 84 10 86 2 82 99 1 70 0 71 61 48 23 15 61 62 87 28 75 7 76 1 96 47 75 73 30 14 41 34 94 78 58 32 68 96 90 65 71 34 88 31 81 10 97 94 72 83 21 98 41 96 98 36 42 25 61 
39 31 68 94 69 2 100 99 62 45 9 2 88 33 54 48 29 84 17 59 5 14 16 91 46 2 5 14 84 67 83 22 28 60 41 71 57 49 69 93 93 80 3 11 22 59 95 91 85 94 72 71 0 71 90 53 56 83 30 14 67 50 61 56 14 31 41 53 13 73 15 10 66 38 44 86 35 85 33 85 20 74 61 32 96 50 85 4 85 66 17 51 15 29 58 81 11 98 33 23 
100 20 10 88 63 66 56 91 92 97 31 41 98 65 76 93 78 40 65 68 59 43 82 4 14 13 9 53 63 58 99 14 94 45 69 75 5 4 70 26 14 28 69 28 71 51 98 15 74 68 2 61 71 0 70 47 84 36 84 80 73 71 64 6 7 35 31 67 19 27 68 3 30 52 68 98 54 35 78 11 15 88 60 47 10 30 46 46 17 81 25 41 51 40 46 57 74 77 75 92 
92 82 59 13 11 95 51 44 5 86 30 88 41 13 83 35 91 50 73 7 43 86 10 5 16 12 45 16 1 12 66 76 12 30 12 49 77 77 51 67 76 35 44 10 100 95 9 67 85 27 89 48 90 70 0 55 43 46 36 46 14 85 100 100 62 62 14 1 22 12 62 3 57 7 71 38 83 11 40 22 9 97 48 37 71 39 91 65 37 78 11 2 62 10 1 75 23 14 75 44 
63 16 67 27 53 11 81 8 29 18 39 33 52 70 45 60 93 75 6 98 66 79 62 85 61 52 41 45 7 11 89 98 18 43 93 13 97 63 21 42 15 39 83 54 89 18 85 93 65 100 13 23 53 47 55 0 77 36 98 86 95 68 23 77 31 14 99 39 10 46 75 33 36 17 49 24 46 59 25 7 20 25 33 43 90 59 38 67 94 36 4 40 55 26 17 85 91 67 75 53 
79 39 62 20 89 1 55 33 22 29 27 98 87 62 7 33 90 60 53 59 88 99 85 63 79 88 24 60 100 88 64 5 67 20 35 21 26 94 67 22 53 39 84 37 92 11 74 77 66 15 61 15 56 84 43 77 0 64 1 85 51 17 33 75 62 44 51 20 63 76 4 57 17 62 95 35 8 30 38 47 84 15 63 21 6 29 95 58 92 48 94 95 16 78 69 78 21 19 49 36 
17 86 51 69 6 77 40 66 84 43 4 5 94 92 52 46 81 11 22 100 93 20 43 25 23 7 100 62 11 63 43 61 12 7 11 2 51 72 79 49 48 45 70 88 51 15 100 57 69 77 39 61 83 36 46 36 64 0 46 53 92 15 66 38 49 73 19 39 20 3 5 82 75 10 63 21 19 6 68 64 100 84 42 20 13 14 91 13 1 88 17 45 2 83 82 3 55 1 41 26 
63 64 94 66 67 91 80 37 65 9 31 2 48 56 42 18 84 32 70 97 79 79 44 57 17 42 14 76 65 63 69 32 81 37 47 42 28 5 45 9 30 25 41 100 40 29 55 53 82 6 22 62 30 84 36 98 1 46 0 55 97 60 29 7 22 1 77 79 21 41 31 4 34 50 68 99 92 80 100 80 49 96 81 31 77 83 37 77 75 63 83 72 22 63 30 95 64 58 73 84 
27 87 77 27 94 63 51 35 15 42 63 58 3 70 7 15 34 62 5 29 1 76 11 64 87 37 67 71 68 26 22 45 96 77 72 44 62 49 72 100 14 69 36 67 23 80 22 97 67 56 41 87 14 80 46 86 85 53 55 0 50 55 39 83 5 58 34 48 37 85 27 37 80 60 67 56 94 4 85 69 18 67 92 91 30 73 85 45 82 9 80 32 64 70 66 20 27 51 67 15 
10 7 36 52 94 1 46 93 83 71 15 81 53 82 47 50 25 76 28 20 30 36 86 41 41 97 19 50 15 86 26 62 25 17 35 68 49 16 8 76 69 7 86 9 77 61 76 81 4 65 69 28 67 73 14 95 51 92 97 50 0 35 94 52 14 53 18 22 46 73 6 66 42 24 9 32 5 33 16 1 15 25 80 98 88 49 15 7 75 66 25 90 100 70 41 66 22 10 87 20 
10 68 3 41 78 5 49 37 5 80 78 34 57 28 58 23 9 47 71 57 20 57 68 71 50 18 60 12 76 16 29 49 9 99 78 73 98 96 36 47 53 59 90 79 52 11 87 67 91 85 68 75 50 71 85 68 17 15 60 55 35 0 35 44 37 76 67 98 8 24 30 75 24 96 99 4 45 38 4 60 96 31 25 21 72 24 90 64 41 64 73 27 35 59 70 23 35 89 20 94 
98 22 66 17 61 6 55 51 13 49 47 79 43 92 40 12 51 80 86 6 50 74 33 49 64 5 3 85 1 60 24 75 8 71 67 88 42 46 20 85 25 27 81 80 59 52 19 12 54 61 8 7 61 64 100 23 33 66 29 39 94 35 0 12 2 68 35 49 67 90 94 56 46 53 52 76 77 72 99 52 13 62 93 76 86 71 10 45 41 33 79 81 4 72 92 5 39 78 54 57 
85 52 19 16 3 38 51 78 35 52 99 97 69 67 89 85 67 22 83 12 96 40 16 18 82 92 27 50 69 86 53 21 82 73 3 40 78 89 33 89 16 35 26 51 44 95 47 55 81 3 3 76 56 6 100 77 75 38 7 83 52 44 12 0 20 99 13 65 51 64 92 79 87 90 82 99 51 74 27 88 97 88 32 89 72 10 69 76 33 60 32 24 37 37 80 8 35 44 24 85 
3 82 79 32 72 66 52 6 54 43 52 43 31 31 58 19 60 50 42 99 18 50 44 62 84 28 34 71 16 46 6 6 85 26 22 31 18 4 67 56 75 13 7 99 51 36 36 41 66 49 14 1 14 7 62 31 62 49 22 5 14 37 2 20 0 59 15 63 45 56 97 96 58 22 22 46 18 9 77 6 81 39 74 8 23 33 39 46 22 76 78 81 62 21 5 47 80 71 61 76 
29 3 53 30 65 57 23 78 44 66 12 19 68 81 98 84 6 56 39 57 63 88 92 2 79 2 94 86 72 75 98 61 21 7 6 50 95 89 23 54 73 90 36 29 95 23 79 62 6 40 20 96 31 35 62 14 44 73 1 58 53 76 68 99 59 0 79 57 23 36 79 44 33 48 5 62 54 85 100 27 44 74 12 82 20 85 9 49 65 71 69 21 69 100 92 81 28 70 90 50 
98 66 54 88 79 89 98 97 49 72 8 31 26 49 34 100 91 96 37 44 97 47 80 92 100 29 27 29 57 42 66 67 86 94 28 23 50 11 47 21 56 39 25 78 25 20 84 2 50 78 7 47 41 31 14 99 51 19 77 34 18 67 35 13 15 79 0 57 20 46 90 67 50 3 20 86 2 99 29 27 62 62 46 98 71 94 14 93 15 35 61 66 78 41 45 47 30 95 3 49 
53 2 27 24 100 65 58 44 86 46 8 25 55 17 6 51 76 78 7 49 37 14 75 76 34 48 89 85 60 6 33 83 96 13 19 44 49 60 9 35 1 35 51 13 11 35 65 14 17 77 86 75 53 67 1 39 20 39 79 48 22 98 49 65 63 57 57 0 40 44 68 89 46 39 26 99 89 54 26 50 15 23 99 37 69 13 29 35 99 89 100 76 82 45 22 63 91 76 12 82 
11 32 45 99 40 12 17 27 4 33 46 81 56 87 62 35 14 18 71 35 93 22 1 95 31 8 50 83 21 81 39 45 62 45 8 13 53 32 85 22 26 28 77 61 9 75 17 67 67 31 35 73 13 19 22 10 63 20 21 37 46 8 67 51 45 23 20 40 0 72 79 22 17 69 47 68 58 100 45 7 66 19 58 55 87 70 83 73 68 24 25 43 5 21 16 67 11 43 30 92 
51 71 77 98 94 83 70 16 16 79 9 34 17 27 8 92 12 79 51 21 35 50 67 30 69 85 52 95 2 45 58 96 43 57 3 57 86 70 92 10 65 15 41 31 85 96 81 22 24 22 74 30 73 27 12 46 76 3 41 85 73 24 90 64 56 36 46 44 72 0 14 60 13 83 29 59 2 86 10 46 44 27 64 1 81 3 22 64 75 89 39 99 83 43 19 50 61 81 93 43 
66 60 87 87 28 11 73 20 31 26 66 89 25 58 50 78 64 20 99 27 39 66 51 47 89 29 43 53 45 97 40 50 65 55 1 61 38 58 21 51 13 12 36 81 22 93 57 15 16 38 86 14 15 68 62 75 4 5 31 27 6 30 94 92 97 79 90 68 79 14 0 72 58 54 36 92 82 46 93 19 55 90 63 34 6 15 14 8 37 29 34 77 19 33 12 13 3 61 74 84 
43 12 82 67 56 2 91 20 62 9 100 72 74 46 99 58 47 94 47 67 45 69 43 41 24 65 5 14 78 65 56 96 61 64 52 6 41 68 5 80 100 17 56 29 73 17 7 9 8 93 56 41 10 3 3 33 57 82 4 37 66 75 56 79 96 44 67 89 22 60 72 0 5 68 7 15 21 43 6 55 88 51 73 95 92 87 28 97 54 93 56 90 74 90 18 92 22 29 5 76 
44 61 77 67 32 56 70 79 59 88 37 19 76 63 95 2 41 34 2 43 58 93 80 40 96 75 5 98 25 73 35 35 50 99 4 79 85 14 8 70 82 68 90 60 78 74 72 12 64 20 1 34 66 30 57 36 17 75 34 80 42 24 46 87 58 33 50 46 17 13 58 5 0 42 30 59 98 49 66 12 69 8 70 23 47 72 48 41 63 86 20 60 39 65 67 80 38 56 98 81 
45 79 66 15 39 58 58 5 60 18 7 38 59 76 18 3 3 75 18 61 1 85 43 59 87 42 60 77 82 83 69 29 92 33 80 16 62 66 49 23 27 53 48 3 10 44 37 62 27 42 2 94 38 52 7 17 62 10 50 60 24 96 53 90 22 48 3 39 69 83 54 68 42 0 29 78 37 5 19 18 15 17 66 80 80 35 39 1 9 86 72 8 78 35 94 98 46 84 62 12 
22 35 44 38 5 62 58 68 94 3 46 100 57 11 60 50 25 98 98 21 84 24 44 79 67 37 72 38 4 99 47 53 3 90 88 36 22 78 42 46 53 19 1 72 50 36 72 87 55 8 62 78 44 68 71 49 95 63 68 67 9 99 52 82 22 5 20 26 47 29 36 7 30 29 0 16 51 20 65 31 48 42 20 4 13 37 19 81 3 98 60 89 37 13 97 74 84 57 51 70 
86 36 22 37 82 74 28 93 83 62 49 49 35 66 63 11 65 20 63 100 69 58 90 70 6 28 87 34 30 15 33 7 31 27 88 42 57 66 50 79 73 68 51 81 79 15 34 81 96 99 88 58 86 98 38 24 35 21 99 56 32 4 76 99 46 62 86 99 68 59 92 15 59 78 16 0 2 48 67 85 61 79 100 11 50 16 94 97 58 13 1 22 49 71 2 3 68 13 91 56 
56 38 95 92 59 68 82 25 42 81 68 67 3 90 48 37 44 99 61 85 83 42 85 25 35 56 79 53 40 80 39 55 79 98 37 69 43 67 43 36 63 27 28 60 80 56 3 92 99 10 73 32 35 54 83 46 8 19 92 94 5 45 77 51 18 54 2 89 58 2 82 21 98 37 51 2 0 25 40 81 61 96 32 30 97 31 97 33 92 27 85 54 76 100 47 24 9 11 76 30 
95 8 100 86 61 41 58 48 94 61 6 1 22 6 21 25 52 76 79 88 27 93 63 49 29 41 55 80 95 81 16 98 37 92 38 5 17 4 98 13 4 50 13 71 58 91 62 33 55 29 67 68 85 35 11 59 30 6 80 4 33 38 72 74 9 85 99 54 100 86 46 43 49 5 20 48 25 0 60 46 83 14 66 96 57 73 72 96 54 32 43 85 62 39 67 10 23 58 36 7 
18 85 44 21 47 6 45 65 60 30 51 32 62 61 70 30 67 14 76 81 23 88 26 39 91 31 93 55 81 25 10 59 7 31 46 67 74 43 46 82 43 72 67 39 60 77 91 66 42 31 14 96 33 78 40 25 38 68 100 85 16 4 99 27 77 100 29 26 45 10 93 6 66 19 65 67 40 60 0 12 63 59 10 86 67 21 62 97 32 59 79 45 24 26 1 97 98 48 2 81 
42 20 33 28 75 67 9 76 74 8 14 24 94 77 86 75 31 58 10 84 37 1 69 25 7 65 37 42 78 85 12 95 87 79 41 97 70 38 78 99 86 74 27 16 9 40 61 2 89 95 69 90 85 11 22 7 47 64 80 69 1 60 52 88 6 27 27 50 7 46 19 55 12 18 31 85 81 46 12 0 90 86 42 80 52 3 3 62 38 61 25 100 19 34 38 38 6 51 34 37 
100 79 75 3 23 61 51 23 26 23 60 27 24 43 95 80 53 85 55 78 16 38 97 64 6 26 4 56 27 23 55 23 36 64 63 47 58 87 42 78 20 44 92 69 21 71 69 35 28 67 49 65 20 15 9 20 84 100 49 18 15 96 13 97 81 44 62 15 66 44 55 88 69 15 48 61 61 83 63 90 0 9 64 82 85 90 34 33 87 34 34 19 23 71 61 55 74 15 9 35 
80 12 60 89 74 18 41 95 16 57 56 87 60 55 42 55 7 29 73 54 64 82 24 86 68 99 34 78 95 22 82 9 25 76 76 94 62 81 29 63 46 80 10 100 60 48 73 9 54 34 74 71 74 88 97 25 15 84 96 67 25 31 62 88 39 74 62 23 19 27 90 51 8 17 42 79 96 14 59 86 9 0 53 69 11 4 40 97 41 77 2 91 62 39 100 25 72 36 14 57 
54 82 10 42 63 40 32 52 80 25 73 66 46 70 46 88 65 98 83 12 3 56 41 51 13 49 37 52 48 69 97 90 25 44 69 68 13 25 46 55 8 15 27 51 70 25 14 35 87 95 90 34 61 60 48 33 63 42 81 92 80 25 93 32 74 12 46 99 58 64 63 73 70 66 20 100 32 66 10 42 64 53 0 68 52 90 1 71 13 71 83 19 44 97 27 31 1 47 41 5 
38 61 42 48 91 14 50 74 39 20 21 29 12 75 48 27 33 20 23 36 72 51 12 7 4 28 8 70 62 89 89 44 16 23 3 17 66 35 11 22 12 75 94 32 94 81 15 26 12 13 20 88 32 47 37 43 21 20 31 91 98 21 76 89 8 82 98 37 55 1 34 95 23 80 4 11 30 96 86 80 82 69 68 0 86 37 45 14 91 36 75 29 87 52 52 74 17 8 41 21 
32 31 21 28 89 84 97 38 8 5 86 27 9 19 17 99 36 21 89 21 22 24 57 89 34 12 95 83 9 31 80 22 70 20 44 69 66 84 98 88 59 7 79 27 83 98 22 24 27 53 75 31 96 10 71 90 6 13 77 30 88 72 86 72 23 20 71 69 87 81 6 92 47 80 13 50 97 57 67 52 85 11 52 86 0 98 93 91 62 15 25 80 10 73 6 40 74 4 33 30 
97 64 20 6 25 34 82 47 37 62 3 54 86 82 28 22 7 99 56 19 97 93 50 7 28 60 34 19 100 81 14 17 89 25 81 69 42 1 96 21 35 1 22 61 21 19 23 1 24 73 78 81 50 30 39 59 29 14 83 73 49 24 71 10 33 85 94 13 70 3 15 87 72 35 37 16 31 73 21 3 90 4 90 37 98 0 42 21 26 55 11 13 82 91 99 33 42 72 1 50 
53 29 60 74 43 24 82 81 68 89 59 13 15 96 92 86 26 94 80 85 37 81 25 43 64 79 49 14 68 51 29 94 85 17 48 82 63 98 31 64 78 65 28 85 35 50 99 70 29 64 32 10 85 46 91 38 95 91 37 85 15 90 10 69 39 9 14 29 83 22 14 28 48 39 19 94 97 72 62 3 34 40 1 45 93 42 0 64 21 47 56 63 60 22 87 39 32 12 96 23 
10 69 34 47 77 36 3 70 81 33 12 25 95 80 23 31 78 32 93 32 9 75 41 52 64 51 18 94 8 19 95 78 88 39 78 89 91 29 16 61 63 98 14 15 74 8 48 52 92 68 88 97 4 46 65 67 58 13 77 45 7 64 45 76 46 49 93 35 73 64 8 97 41 1 81 97 33 96 97 62 33 97 71 14 91 21 64 0 37 99 55 66 40 28 43 47 38 56 28 29 
14 1 70 27 31 62 74 13 72 5 58 58 32 25 80 67 39 10 29 70 89 64 44 84 3 18 33 32 10 43 56 77 100 32 43 70 44 24 27 21 35 45 91 100 72 86 74 9 44 49 17 94 85 17 37 94 92 1 75 82 75 41 41 33 22 65 15 99 68 75 37 54 63 9 3 58 92 54 32 38 87 41 13 91 62 26 21 37 0 6 12 70 30 64 71 93 85 69 1 47 
15 92 53 39 62 66 62 17 32 97 89 66 63 3 85 3 61 77 2 33 15 59 69 51 80 72 62 89 85 13 97 25 65 53 94 75 42 54 27 24 59 41 21 84 74 30 5 23 10 70 5 72 66 81 78 36 48 88 63 9 66 64 33 60 76 71 35 89 24 89 29 93 86 86 98 13 27 32 59 61 34 77 71 36 15 55 47 99 6 0 28 22 86 66 5 97 13 28 85 12 
88 8 10 25 71 51 53 56 95 26 26 34 98 1 81 97 11 93 98 60 61 50 3 67 51 87 84 64 28 96 16 74 84 67 1 32 4 77 39 60 28 66 49 82 48 39 69 48 11 75 80 83 17 25 11 4 94 17 83 80 25 73 79 32 78 69 61 100 25 39 34 56 20 72 60 1 85 43 79 25 34 2 83 75 25 11 56 55 12 28 0 34 50 3 61 44 49 51 99 28 
75 8 58 78 76 14 19 5 54 27 72 90 84 7 78 68 63 85 57 89 70 51 30 24 43 14 4 81 24 28 81 91 24 100 77 37 45 92 86 48 55 4 28 9 100 98 50 42 47 65 37 21 51 41 2 40 95 45 72 32 90 27 81 24 81 21 66 76 43 99 77 90 60 8 89 22 54 85 45 100 19 91 19 29 80 13 63 66 70 22 34 0 31 5 91 52 34 55 23 78 
76 12 7 80 91 70 10 54 88 29 19 51 19 31 43 25 21 75 72 41 86 67 36 73 82 89 21 53 12 81 77 73 26 3 72 47 40 49 14 71 12 100 62 15 77 41 91 41 52 6 73 98 15 51 62 55 16 2 22 64 100 35 4 37 62 69 78 82 5 83 19 74 39 78 37 49 76 62 24 19 23 62 44 87 10 82 60 40 30 86 50 31 0 39 91 78 85 19 52 70 
85 29 28 41 83 56 60 6 7 74 73 12 92 45 20 9 13 24 83 17 63 23 35 16 14 44 38 49 28 55 39 49 43 37 67 19 97 74 58 96 53 44 81 61 58 91 39 11 16 88 87 41 29 40 10 26 78 83 63 70 70 59 72 37 21 100 41 45 21 43 33 90 65 35 13 71 100 39 26 34 71 39 97 52 73 91 22 28 64 66 3 5 39 0 36 8 18 49 35 2 
59 11 76 45 30 51 69 82 88 31 70 86 52 73 67 52 29 58 39 52 65 91 97 93 76 57 30 31 45 65 85 11 57 24 80 28 22 80 18 89 22 90 53 59 43 92 96 48 79 19 39 96 58 46 1 17 69 82 30 66 41 70 92 80 5 92 45 22 16 19 12 18 67 94 97 2 47 67 1 38 61 100 27 52 6 99 87 43 71 5 61 91 91 36 0 12 21 3 66 81 
30 93 85 11 62 35 13 11 41 71 70 94 1 61 100 95 80 25 13 40 56 16 31 34 17 16 6 23 79 26 34 78 10 80 93 29 57 52 81 26 38 64 69 65 79 28 78 81 17 54 38 98 81 57 75 85 78 3 95 20 66 23 5 8 47 81 47 63 67 50 13 92 80 98 74 3 24 10 97 38 55 25 31 74 40 33 39 47 93 97 44 52 78 8 12 0 47 15 83 45 
14 31 80 70 48 64 34 36 2 92 84 82 60 25 70 44 70 79 22 25 25 62 26 17 45 97 31 86 51 29 89 61 63 44 72 68 92 62 80 2 77 34 16 41 52 65 17 73 21 27 58 36 11 74 23 91 21 55 64 27 22 35 39 35 80 28 30 91 11 61 3 22 38 46 84 68 9 23 98 6 74 72 1 17 74 42 32 38 85 13 49 34 85 18 21 47 0 94 13 1 
9 76 81 85 60 91 18 30 36 2 78 16 77 74 100 3 71 54 75 47 14 89 76 37 76 37 8 59 1 7 50 29 43 17 59 2 23 43 16 9 78 80 30 89 67 11 31 49 81 97 98 42 98 77 14 67 19 1 58 51 10 89 78 44 71 70 95 76 43 81 61 29 56 84 57 13 11 58 48 51 15 36 47 8 4 72 12 56 69 28 51 55 19 49 3 15 94 0 85 65 
83 94 64 86 14 100 22 6 78 68 30 18 7 30 57 97 8 54 71 40 92 81 5 10 50 63 95 7 38 31 66 12 57 92 63 73 57 63 89 13 38 98 71 77 90 15 95 46 85 82 24 25 33 75 75 75 49 41 73 67 87 20 54 24 61 90 3 12 30 93 74 5 98 62 51 91 76 36 2 34 9 14 41 41 33 1 96 28 1 85 99 23 52 35 66 83 13 85 0 34 
76 15 24 68 39 27 50 62 58 76 81 63 67 63 31 78 84 96 44 60 69 84 79 64 75 4 80 69 72 61 79 58 76 40 32 32 44 46 64 23 2 13 44 2 60 39 86 39 87 9 93 61 23 92 44 53 36 26 84 15 20 94 57 85 76 50 49 82 92 43 84 76 81 12 70 56 30 7 81 37 35 57 5 21 30 50 23 29 47 12 28 78 70 2 81 45 1 65 34 0 
