40
0 23 18 65 58 83 11 37 80 96 36 8 48 98 56 12 99 41 54 85 9 9 91 96 14 54 77 28 39 71 96 4 45 14 20 2 48 31 90 27 
23 0 78 26 87 77 23 42 88 22 34 94 58 42 2 49 89 15 2 65 94 92 87 90 47 31 55 66 85 54 96 26 80 73 51 18 50 74 11 89 
18 78 0 47 44 82 4 37 35 4 25 1 57 42 95 48 28 36 46 11 42 12 47 95 59 72 26 32 75 96 33 48 6 73 46 2 7 49 38 41 
65 26 47 0 5 63 94 13 4 40 61 83 75 58 45 68 69 43 14 28 67 91 11 41 86 43 40 44 67 85 45 73 85 82 14 89 44 59 2 99 
58 87 44 5 0 98 14 34 24 71 30 91 92 73 56 19 39 46 29 31 84 23 70 27 89 54 71 14 90 4 79 79 100 37 32 50 34 97 83 57 
83 77 82 63 98 0 19 13 99 10 37 6 80 27 51 8 57 86 82 78 64 23 31 34 36 20 90 14 50 89 50 33 38 83 29 73 91 100 37 41 
11 23 4 94 14 19 0 61 73 46 41 99 48 48 7 34 82 84 97 4 66 83 39 37 72 52 87 12 1 71 1 35 52 73 25 51 9 17 11 33 
37 42 37 13 34 13 61 0 62 51 31 9 51 89 94 32 72 91 35 37 25 73 26 48 76 64 59 76 34 59 10 85 84 86 87 44 2 98 77 15 
80 88 35 4 24 99 73 62 0 100 7 23 2 48 17 33 19 59 19 8 83 43 85 30 18 48 40 93 81 50 54 18 33 91 4 77 44 53 5 58 
96 22 4 40 71 10 46 51 100 0 5 63 81 6 10 49 39 81 59 9 88 41 52 24 22 21 71 61 66 51 10 19 20 95 62 24 23 5 28 27 
36 34 25 61 30 37 41 31 7 5 0 15 32 89 47 38 51 95 28 31 53 88 70 45 39 93 66 60 63 78 25 65 39 95 85 33 8 60 7 13 
8 94 1 83 91 6 99 9 23 63 15 0 87 85 27 71 74 73 8 76 19 87 6 23 74 75 67 65 67 84 76 81 61 52 45 99 98 81 84 6 
48 58 57 75 92 80 48 51 2 81 32 87 0 92 90 70 79 75 48 1 100 72 8 75 90 46 32 64 19 6 30 35 24 65 10 56 25 61 52 23 
98 42 42 58 73 27 48 89 48 6 89 85 92 0 59 33 6 64 24 48 33 54 74 80 54 73 3 13 99 92 58 30 7 29 35 88 63 10 52 73 
56 2 95 45 56 51 7 94 17 10 47 27 90 59 0 65 76 85 16 50 95 100 8 58 24 55 42 29 28 73 35 52 75 47 50 18 57 31 24 85 
12 49 48 68 19 8 34 32 33 49 38 71 70 33 65 0 17 11 99 26 62 23 42 89 60 57 91 54 9 98 12 84 4 5 12 83 30 46 86 4 
99 89 28 69 39 57 82 72 19 39 51 74 79 6 76 17 0 45 35 74 1 17 97 37 33 60 87 58 73 62 51 62 21 7 52 74 67 1 85 50 
41 15 36 43 46 86 84 91 59 81 95 73 75 64 85 11 45 0 56 42 14 38 71 59 23 26 55 9 99 7 25 48 95 57 7 82 66 79 43 16 
54 2 46 14 29 82 97 35 19 59 28 8 48 24 16 99 35 56 0 92 63 74 95 88 41 95 73 42 50 66 55 39 36 66 13 61 20 73 60 79 
85 65 11 28 31 78 4 37 8 9 31 76 1 48 50 26 74 42 92 0 97 7 73 5 65 6 22 95 100 89 87 14 63 81 2 55 28 26 96 29 
9 94 42 67 84 64 66 25 83 88 53 19 100 33 95 62 1 14 63 97 0 91 51 68 26 16 32 38 87 5 49 65 53 7 90 58 71 95 31 66 
9 92 12 91 23 23 83 73 43 41 88 87 72 54 100 23 17 38 74 7 91 0 95 20 4 8 34 84 61 40 63 86 87 92 76 89 11 53 4 42 
91 87 47 11 70 31 39 26 85 52 70 6 8 74 8 42 97 71 95 73 51 95 0 91 43 46 91 7 99 98 48 8 20 43 90 37 89 61 40 48 
96 90 95 41 27 34 37 48 30 24 45 23 75 80 58 89 37 59 88 5 68 20 91 0 94 76 9 85 38 94 72 81 22 60 91 74 16 33 16 58 
14 47 59 86 89 36 72 76 18 22 39 74 90 54 24 60 33 23 41 65 26 4 43 94 0 30 59 16 80 56 64 39 27 58 29 64 46 89 3 93 
54 31 72 43 54 20 52 64 48 21 93 75 46 73 55 57 60 26 95 6 16 8 46 76 30 0 35 30 53 19 68 47 42 100 20 2 91 93 69 75 
77 55 26 40 71 90 87 59 40 71 66 67 32 3 42 91 87 55 73 22 32 34 91 9 59 35 0 61 78 56 19 93 36 26 8 74 52 65 54 15 
28 66 32 44 14 14 12 76 93 61 60 65 64 13 29 54 58 9 42 95 38 84 7 85 16 30 61 0 62 95 70 55 81 99 59 99 18 5 93 18 
39 85 75 67 90 50 1 34 81 66 63 67 19 99 28 9 73 99 50 100 87 61 99 38 80 53 78 62 0 76 46 60 21 14 34 81 91 89 51 35 
71 54 96 85 4 89 71 59 50 51 78 84 6 92 73 98 62 7 66 89 5 40 98 94 56 19 56 95 76 0 76 76 43 2 79 59 7 46 21 1 
96 96 33 45 79 50 1 10 54 10 25 76 30 58 35 12 51 25 55 87 49 63 48 72 64 68 19 70 46 76 0 67 27 81 17 85 32 35 42 24 
4 26 48 73 79 33 35 85 18 19 65 81 35 30 52 84 62 48 39 14 65 86 8 81 39 47 93 55 60 76 67 0 4 17 69 63 37 34 48 69 
45 80 6 85 100 38 52 84 33 20 39 61 24 7 75 4 21 95 36 63 53 87 20 22 27 42 36 81 21 43 27 4 0 24 88 19 58 64 46 52 
14 73 73 82 37 83 73 86 91 95 95 52 65 29 47 5 7 57 66 81 7 92 43 60 58 100 26 99 14 2 81 17 24 0 17 77 11 23 22 83 
20 51 46 14 32 29 25 87 4 62 85 45 10 35 50 12 52 7 13 2 90 76 90 91 29 20 8 59 34 79 17 69 88 17 0 24 88 9 56 4 
2 18 2 89 50 73 51 44 77 24 33 99 56 88 18 83 74 82 61 55 58 89 37 74 64 2 74 99 81 59 85 63 19 77 24 0 45 87 90 86 
48 50 7 44 34 91 9 2 44 23 8 98 25 63 57 30 67 66 20 28 71 11 89 16 46 91 52 18 91 7 32 37 58 11 88 45 0 62 93 55 
31 74 49 59 97 100 17 98 53 5 60 81 61 10 31 46 1 79 73 26 95 53 61 33 89 93 65 5 89 46 35 34 64 23 9 87 62 0 30 7 
90 11 38 2 83 37 11 77 5 28 7 84 52 52 24 86 85 43 60 96 31 4 40 16 3 69 54 93 51 21 42 48 46 22 56 90 93 30 0 43 
27 89 41 99 57 41 33 15 58 27 13 6 23 73 85 4 50 16 79 29 66 42 48 58 93 75 15 18 35 1 24 69 52 83 4 86 55 7 43 0 
