40
0 363 824 632 868 3 508 48 198 996 822 396 293 423 366 273 604 876 882 972 748 658 975 642 687 736 314 870 336 573 577 195 935 400 826 154 755 685 554 304 
363 0 32 375 51 324 150 769 949 105 644 182 76 743 840 402 385 526 490 698 747 825 270 323 19 557 75 196 710 181 232 263 836 264 990 887 587 491 655 887 
824 32 0 595 650 69 22 393 908 775 777 433 264 826 179 89 448 853 459 4 927 7 65 459 238 680 295 501 21 533 440 511 539 326 105 188 394 478 932 301 
632 375 595 0 252 708 733 868 886 263 956 333 116 766 688 394 772 752 853 10 783 499 862 803 31 301 313 569 979 769 756 372 246 688 25 850 747 109 717 984 
868 51 650 252 0 372 24 668 487 789 355 232 913 459 84 274 241 582 135 44 964 788 708 532 766 477 640 489 74 679 513 923 777 622 991 761 993 14 428 831 
3 324 69 708 372 0 155 135 414 419 593 498 692 185 431 178 228 747 965 288 630 82 764 269 571 189 299 83 112 428 704 102 540 48 468 319 230 974 453 644 
508 150 22 733 24 155 0 392 397 493 83 582 275 260 809 21 577 448 651 658 563 271 228 752 922 663 215 349 366 316 888 766 135 206 995 108 11 638 499 407 
48 769 393 868 668 135 392 0 482 933 988 757 545 149 777 121 596 779 130 159 402 710 910 323 372 124 23 89 791 910 854 278 467 201 385 477 190 236 236 672 
198 949 908 886 487 414 397 482 0 168 223 428 712 723 556 184 319 687 666 829 88 375 90 762 746 565 784 186 355 45 40 984 511 592 721 340 781 956 575 804 
996 105 775 263 789 419 493 933 168 0 475 149 231 187 872 139 722 542 177 387 370 616 761 459 377 858 23 160 44 729 204 435 65 66 26 785 757 158 740 331 
822 644 777 956 355 593 83 988 223 475 0 962 214 832 544 752 55 34 474 596 562 212 965 177 325 775 553 182 149 64 577 229 619 363 293 37 740 77 793 898 
396 182 433 333 232 498 582 757 428 149 962 0 816 476 211 382 307 754 133 361 140 958 956 701 522 272 878 846 398 782 27 546 198 956 774 816 318 67 852 58 
293 76 264 116 913 692 275 545 712 231 214 816 0 143 997 307 311 472 517 44 778 622 528 490 113 486 797 814 359 68 43 204 817 824 582 362 373 537 487 541 
423 743 826 766 459 185 260 149 723 187 832 476 143 0 855 553 744 264 48 740 922 710 211 790 753 988 411 280 829 524 117 625 689 475 44 731 678 860 906 260 
366 840 179 688 84 431 809 777 556 872 544 211 997 855 0 221 279 148 60 171 354 964 914 617 11 654 890 72 864 679 824 204 90 456 32 965 572 9 5 399 
273 402 89 394 274 178 21 121 184 139 752 382 307 553 221 0 52 735 428 912 992 39 484 622 187 543 792 540 507 58 509 869 711 398 941 926 77 116 481 518 
604 385 448 772 241 228 577 596 319 722 55 307 311 744 279 52 0 571 865 834 495 873 838 245 276 924 672 187 267 711 23 889 249 917 32 140 423 89 1000 644 
876 526 853 752 582 747 448 779 687 542 34 754 472 264 148 735 571 0 151 750 936 429 826 51 909 695 974 125 880 820 349 717 64 625 992 735 811 258 797 185 
882 490 459 853 135 965 651 130 666 177 474 133 517 48 60 428 865 151 0 498 397 102 530 889 524 970 888 519 121 637 454 549 814 857 809 860 182 934 739 1 
972 698 4 10 44 288 658 159 829 387 596 361 44 740 171 912 834 750 498 0 634 807 64 258 798 150 69 408 299 253 905 47 354 786 935 230 756 823 100 876 
748 747 927 783 964 630 563 402 88 370 562 140 778 922 354 992 495 936 397 634 0 811 906 776 625 114 936 484 295 221 575 295 855 381 710 112 531 211 532 290 
658 825 7 499 788 82 271 710 375 616 212 958 622 710 964 39 873 429 102 807 811 0 861 137 194 908 842 980 842 423 87 16 523 314 827 780 89 803 893 376 
975 270 65 862 708 764 228 910 90 761 965 956 528 211 914 484 838 826 530 64 906 861 0 638 539 597 212 185 803 945 894 914 475 456 446 764 317 934 309 576 
642 323 459 803 532 269 752 323 762 459 177 701 490 790 617 622 245 51 889 258 776 137 638 0 775 640 769 198 726 785 72 39 963 203 479 765 95 855 402 633 
687 19 238 31 766 571 922 372 746 377 325 522 113 753 11 187 276 909 524 798 625 194 539 775 0 803 966 169 605 910 414 870 384 869 667 499 537 600 807 112 
736 557 680 301 477 189 663 124 565 858 775 272 486 988 654 543 924 695 970 150 114 908 597 640 803 0 375 447 881 924 524 665 347 563 979 549 393 743 995 599 
314 75 295 313 640 299 215 23 784 23 553 878 797 411 890 792 672 974 888 69 936 842 212 769 966 375 0 496 627 401 461 795 357 370 560 227 105 428 893 603 
870 196 501 569 489 83 349 89 186 160 182 846 814 280 72 540 187 125 519 408 484 980 185 198 169 447 496 0 965 845 762 428 571 560 308 494 83 324 840 997 
336 710 21 979 74 112 366 791 355 44 149 398 359 829 864 507 267 880 121 299 295 842 803 726 605 881 627 965 0 302 740 390 396 734 340 244 712 93 704 858 
573 181 533 769 679 428 316 910 45 729 64 782 68 524 679 58 711 820 637 253 221 423 945 785 910 924 401 845 302 0 449 426 417 27 882 844 272 485 160 116 
577 232 440 756 513 704 888 854 40 204 577 27 43 117 824 509 23 349 454 905 575 87 894 72 414 524 461 762 740 449 0 598 588 38 157 247 531 591 571 722 
195 263 511 372 923 102 766 278 984 435 229 546 204 625 204 869 889 717 549 47 295 16 914 39 870 665 795 428 390 426 598 0 940 224 813 329 972 546 20 215 
935 836 539 246 777 540 135 467 511 65 619 198 817 689 90 711 249 64 814 354 855 523 475 963 384 347 357 571 396 417 588 940 0 257 112 270 466 913 695 882 
400 264 326 688 622 48 206 201 592 66 363 956 824 475 456 398 917 625 857 786 381 314 456 203 869 563 370 560 734 27 38 224 257 0 939 577 77 562 413 237 
826 990 105 25 991 468 995 385 721 26 293 774 582 44 32 941 32 992 809 935 710 827 446 479 667 979 560 308 340 882 157 813 112 939 0 29 362 176 66 870 
154 887 188 850 761 319 108 477 340 785 37 816 362 731 965 926 140 735 860 230 112 780 764 765 499 549 227 494 244 844 247 329 270 577 29 0 422 948 460 344 
755 587 394 747 993 230 11 190 781 757 740 318 373 678 572 77 423 811 182 756 531 89 317 95 537 393 105 83 712 272 531 972 466 77 362 422 0 21 399 568 
685 491 478 109 14 974 638 236 956 158 77 67 537 860 9 116 89 258 934 823 211 803 934 855 600 743 428 324 93 485 591 546 913 562 176 948 21 0 833 79 
554 655 932 717 428 453 499 236 575 740 793 852 487 906 5 481 1000 797 739 100 532 893 309 402 807 995 893 840 704 160 571 20 695 413 66 460 399 833 0 891 
304 887 301 984 831 644 407 672 804 331 898 58 541 260 399 518 644 185 1 876 290 376 576 633 112 599 603 997 858 116 722 215 882 237 870 344 568 79 891 0 
