50
0 13 80 95 44 75 2 61 55 52 12 62 72 66 66 65 26 32 7 66 15 54 94 89 70 21 58 69 85 36 13 87 100 92 81 43 18 35 3 72 86 67 85 58 84 51 74 62 34 80 
13 0 27 48 85 72 88 6 44 45 75 28 32 87 66 31 30 99 26 48 33 80 71 18 46 56 27 30 6 1 91 91 32 69 38 69 93 25 26 36 21 100 16 52 38 33 82 68 31 7 
80 27 0 15 63 87 37 33 84 92 59 65 49 11 55 39 95 76 76 15 20 52 40 7 72 92 74 75 29 7 57 96 37 15 62 52 53 99 36 89 42 46 53 43 57 60 81 3 35 9 
95 48 15 0 69 6 12 8 12 84 99 86 58 80 92 66 75 80 33 37 83 37 87 18 25 28 16 78 70 24 37 3 26 23 63 94 28 74 53 91 57 4 76 67 83 19 32 9 51 16 
44 85 63 69 0 97 85 53 83 55 77 63 70 54 84 93 42 86 70 16 100 63 95 74 67 86 30 22 61 48 56 32 32 65 82 47 13 66 51 96 72 28 10 41 33 93 33 27 31 2 
75 72 87 6 97 0 42 30 16 37 3 35 22 85 56 34 84 64 65 15 80 98 14 92 16 64 39 87 43 48 28 76 93 12 54 23 14 95 4 81 83 59 15 4 95 23 90 78 38 6 
2 88 37 12 85 42 0 45 17 4 58 8 71 73 47 9 16 46 36 43 38 100 96 12 65 42 16 45 25 26 12 80 20 86 69 49 23 75 93 39 30 2 98 100 75 44 8 42 90 96 
61 6 33 8 53 30 45 0 84 79 47 31 91 11 72 58 7 96 83 70 76 54 55 96 54 29 70 99 19 51 100 17 2 26 12 10 19 53 57 54 32 3 84 22 65 56 79 71 3 13 
55 44 84 12 83 16 17 84 0 41 30 18 47 26 71 76 95 69 94 98 21 62 99 98 74 60 17 26 16 70 9 70 6 82 86 61 60 57 63 24 49 93 41 95 70 64 22 16 32 68 
52 45 92 84 55 37 4 79 41 0 13 4 29 12 2 54 71 70 32 39 91 40 60 96 22 46 56 33 54 71 9 54 15 1 100 36 64 22 51 48 41 64 3 21 27 4 75 97 25 58 
12 75 59 99 77 3 58 47 30 13 0 87 16 49 47 63 22 44 71 7 49 93 15 2 7 67 53 42 31 74 44 30 66 7 32 87 33 88 13 82 64 70 68 79 70 66 94 92 61 64 
62 28 65 86 63 35 8 31 18 4 87 0 98 61 56 64 62 14 30 15 7 12 40 50 93 58 57 25 44 41 64 56 22 27 77 42 58 46 59 51 89 20 14 38 32 69 1 94 34 83 
72 32 49 58 70 22 71 91 47 29 16 98 0 60 40 94 51 89 39 8 97 63 3 38 78 58 11 56 86 4 13 84 63 15 72 34 80 10 65 100 10 10 33 44 21 72 90 24 61 28 
66 87 11 80 54 85 73 11 26 12 49 61 60 0 31 57 42 34 46 19 43 9 74 81 12 39 64 26 53 35 11 85 44 28 84 6 37 17 49 10 40 90 33 52 17 15 61 58 100 6 
66 66 55 92 84 56 47 72 71 2 47 56 40 31 0 28 43 66 54 23 78 92 86 55 96 72 66 80 68 45 16 73 33 84 73 42 23 63 26 75 31 41 35 41 40 92 68 34 58 73 
65 31 39 66 93 34 9 58 76 54 63 64 94 57 28 0 8 87 64 93 41 12 17 58 43 84 54 58 56 87 41 80 80 16 94 6 90 77 98 76 17 37 67 36 23 24 9 30 62 24 
26 30 95 75 42 84 16 7 95 71 22 62 51 42 43 8 0 75 55 35 91 12 78 74 18 87 81 4 28 12 83 95 58 88 84 34 37 11 50 74 77 37 96 53 45 77 14 21 51 20 
32 99 76 80 86 64 46 96 69 70 44 14 89 34 66 87 75 0 55 41 32 84 66 1 71 98 4 50 10 38 44 67 78 79 100 14 89 1 87 17 89 34 21 86 63 87 6 13 6 60 
7 26 76 33 70 65 36 83 94 32 71 30 39 46 54 64 55 55 0 6 89 96 71 89 66 69 92 67 30 30 62 96 7 92 47 20 32 99 59 48 87 44 21 72 6 7 29 71 12 89 
66 48 15 37 16 15 43 70 98 39 7 15 8 19 23 93 35 41 6 0 76 1 36 98 89 1 18 33 19 47 14 80 94 72 71 92 43 54 42 53 1 29 97 21 52 54 79 81 76 91 
15 33 20 83 100 80 38 76 21 91 49 7 97 43 78 41 91 32 89 76 0 21 51 91 56 1 31 8 70 15 78 69 28 57 14 99 79 6 94 84 47 46 84 27 94 57 31 100 35 63 
54 80 52 37 63 98 100 54 62 40 93 12 63 9 92 12 12 84 96 1 21 0 75 77 35 78 19 42 78 50 49 99 16 26 67 44 34 81 94 64 38 87 47 84 85 82 63 78 90 45 
94 71 40 87 95 14 96 55 99 60 15 40 3 74 86 17 78 66 71 36 51 75 0 77 77 7 52 53 93 29 72 34 58 73 34 56 88 11 75 83 96 55 77 59 92 15 57 27 99 90 
89 18 7 18 74 92 12 96 98 96 2 50 38 81 55 58 74 1 89 98 91 77 77 0 41 77 32 85 5 8 43 56 12 35 36 35 20 45 59 53 53 47 63 27 81 58 33 9 68 24 
70 46 72 25 67 16 65 54 74 22 7 93 78 12 96 43 18 71 66 89 56 35 77 41 0 24 76 2 74 18 43 2 49 79 7 8 74 14 19 60 50 54 80 46 12 32 98 10 47 76 
21 56 92 28 86 64 42 29 60 46 67 58 58 39 72 84 87 98 69 1 1 78 7 77 24 0 91 4 8 51 24 83 74 99 85 100 16 79 1 16 57 7 23 30 73 42 42 74 47 21 
58 27 74 16 30 39 16 70 17 56 53 57 11 64 66 54 81 4 92 18 31 19 52 32 76 91 0 19 10 4 69 72 50 44 14 6 52 64 81 34 90 79 70 89 47 48 89 62 5 48 
69 30 75 78 22 87 45 99 26 33 42 25 56 26 80 58 4 50 67 33 8 42 53 85 2 4 19 0 37 86 20 30 27 93 28 99 63 37 3 31 8 4 75 73 61 78 37 41 11 26 
85 6 29 70 61 43 25 19 16 54 31 44 86 53 68 56 28 10 30 19 70 78 93 5 74 8 10 37 0 72 33 14 18 80 54 31 36 53 19 74 72 48 52 16 75 51 79 64 5 61 
36 1 7 24 48 48 26 51 70 71 74 41 4 35 45 87 12 38 30 47 15 50 29 8 18 51 4 86 72 0 23 8 35 96 69 12 32 61 75 9 32 7 74 1 38 27 84 26 32 2 
13 91 57 37 56 28 12 100 9 9 44 64 13 11 16 41 83 44 62 14 78 49 72 43 43 24 69 20 33 23 0 99 55 2 50 71 28 52 1 91 56 61 14 64 48 61 84 11 92 96 
87 91 96 3 32 76 80 17 70 54 30 56 84 85 73 80 95 67 96 80 69 99 34 56 2 83 72 30 14 8 99 0 85 52 28 43 25 80 33 3 63 58 34 17 56 41 70 57 11 97 
100 32 37 26 32 93 20 2 6 15 66 22 63 44 33 80 58 78 7 94 28 16 58 12 49 74 50 27 18 35 55 85 0 9 63 88 64 75 53 79 22 13 14 33 56 10 69 7 89 64 
92 69 15 23 65 12 86 26 82 1 7 27 15 28 84 16 88 79 92 72 57 26 73 35 79 99 44 93 80 96 2 52 9 0 83 68 96 85 83 53 71 51 60 11 20 16 73 16 24 87 
81 38 62 63 82 54 69 12 86 100 32 77 72 84 73 94 84 100 47 71 14 67 34 36 7 85 14 28 54 69 50 28 63 83 0 55 40 61 7 18 35 71 84 19 26 93 87 84 81 50 
43 69 52 94 47 23 49 10 61 36 87 42 34 6 42 6 34 14 20 92 99 44 56 35 8 100 6 99 31 12 71 43 88 68 55 0 66 100 97 3 82 49 25 32 60 87 51 76 11 67 
18 93 53 28 13 14 23 19 60 64 33 58 80 37 23 90 37 89 32 43 79 34 88 20 74 16 52 63 36 32 28 25 64 96 40 66 0 51 97 73 42 9 80 60 95 50 43 13 28 87 
35 25 99 74 66 95 75 53 57 22 88 46 10 17 63 77 11 1 99 54 6 81 11 45 14 79 64 37 53 61 52 80 75 85 61 100 51 0 52 11 67 1 29 66 98 83 100 98 59 31 
3 26 36 53 51 4 93 57 63 51 13 59 65 49 26 98 50 87 59 42 94 94 75 59 19 1 81 3 19 75 1 33 53 83 7 97 97 52 0 58 45 34 85 55 52 87 3 24 29 63 
72 36 89 91 96 81 39 54 24 48 82 51 100 10 75 76 74 17 48 53 84 64 83 53 60 16 34 31 74 9 91 3 79 53 18 3 73 11 58 0 55 40 58 5 34 70 84 20 21 46 
86 21 42 57 72 83 30 32 49 41 64 89 10 40 31 17 77 89 87 1 47 38 96 53 50 57 90 8 72 32 56 63 22 71 35 82 42 67 45 55 0 38 74 26 55 23 8 54 72 66 
67 100 46 4 28 59 2 3 93 64 70 20 10 90 41 37 37 34 44 29 46 87 55 47 54 7 79 4 48 7 61 58 13 51 71 49 9 1 34 40 38 0 37 81 62 70 65 68 21 52 
85 16 53 76 10 15 98 84 41 3 68 14 33 33 35 67 96 21 21 97 84 47 77 63 80 23 70 75 52 74 14 34 14 60 84 25 80 29 85 58 74 37 0 22 44 80 85 99 71 42 
58 52 43 67 41 4 100 22 95 21 79 38 44 52 41 36 53 86 72 21 27 84 59 27 46 30 89 73 16 1 64 17 33 11 19 32 60 66 55 5 26 81 22 0 55 4 63 90 23 84 
84 38 57 83 33 95 75 65 70 27 70 32 21 17 40 23 45 63 6 52 94 85 92 81 12 73 47 61 75 38 48 56 56 20 26 60 95 98 52 34 55 62 44 55 0 35 60 9 61 14 
51 33 60 19 93 23 44 56 64 4 66 69 72 15 92 24 77 87 7 54 57 82 15 58 32 42 48 78 51 27 61 41 10 16 93 87 50 83 87 70 23 70 80 4 35 0 31 20 20 54 
74 82 81 32 33 90 8 79 22 75 94 1 90 61 68 9 14 6 29 79 31 63 57 33 98 42 89 37 79 84 84 70 69 73 87 51 43 100 3 84 8 65 85 63 60 31 0 38 56 35 
62 68 3 9 27 78 42 71 16 97 92 94 24 58 34 30 21 13 71 81 100 78 27 9 10 74 62 41 64 26 11 57 7 16 84 76 13 98 24 20 54 68 99 90 9 20 38 0 99 25 
34 31 35 51 31 38 90 3 32 25 61 34 61 100 58 62 51 6 12 76 35 90 99 68 47 47 5 11 5 32 92 11 89 24 81 11 28 59 29 21 72 21 71 23 61 20 56 99 0 99 
80 7 9 16 2 6 96 13 68 58 64 83 28 6 73 24 20 60 89 91 63 45 90 24 76 21 48 26 61 2 96 97 64 87 50 67 87 31 63 46 66 52 42 84 14 54 35 25 99 0 
